2456392.24647601 0.997938 0.000907
2456392.2669104 1.000942 0.000908
2456392.28734488 0.999643 0.000908
2456392.30777917 1.002422 0.000908
2456392.32821356 1.003772 0.000908
2456392.34864805 1.003666 0.000908
2456392.36908234 1.005477 0.000908
2456392.38951683 1.004117 0.000908
2456392.40995122 1.004331 0.000908
2456392.43038561 1.004065 0.000908
2456392.45082 1.003316 0.000908
2456392.47125439 1.002214 0.000908
2456392.49168878 1.006837 0.000909
2456392.51212317 1.006751 0.000909
2456392.53255756 1.002472 0.000908
2456392.55299195 1.004686 0.000908
2456392.57342634 1.00184 0.000908
2456392.59386074 1.002878 0.000908
2456392.61429513 0.957515 0.0009
2456392.63472952 0.910421 0.000893
2456392.65516391 0.923623 0.000895
2456392.6755984 0.975144 0.000903
2456392.6960327 0.999502 0.000907
2456392.71646709 0.998688 0.000907
2456392.73690158 0.997171 0.000907
2456392.75733587 0.99865 0.000907
2456392.77777037 0.996133 0.000907
2456392.79820476 0.997429 0.000907
2456392.81863905 0.9957 0.000907
2456392.83907355 0.997818 0.000907
2456392.85950794 0.997301 0.000907
2456392.87994224 0.997323 0.000907
2456392.90037673 0.998803 0.000907
2456392.92081112 0.999777 0.000907
2456392.94124562 0.998897 0.000907
2456392.96167991 0.998637 0.000907
2456392.98211431 0.997072 0.000907
2456393.0025488 0.998138 0.000907
2456393.0229831 0.998445 0.000907
2456393.0434175 0.998399 0.000907
2456393.06385199 0.999273 0.000907
2456393.08428629 0.997956 0.000907
2456393.10472078 0.99992 0.000907
2456393.12515518 0.998564 0.000907
2456393.14558948 0.999689 0.000907
2456393.16602397 1.000772 0.000907
2456393.18645837 0.999385 0.000907
2456393.20689267 1.000995 0.000907
2456393.22732716 1.000913 0.000907
2456393.24776156 1.003244 0.000908
2456393.26819586 1.000184 0.000907
2456393.28863036 1.000613 0.000907
2456393.30906476 1.002675 0.000908
2456393.32949915 1.002159 0.000907
2456393.34993355 1.001178 0.000907
2456393.37036795 1.003897 0.000908
2456393.39080245 1.004055 0.000908
2456393.41123675 1.003641 0.000908
2456393.43167115 1.006129 0.000908
2456393.45210565 1.00392 0.000908
2456393.47253995 1.003977 0.000908
2456393.49297445 1.00438 0.000908
2456393.51340885 1.003523 0.000908
2456393.53384315 1.003826 0.000908
2456393.55427765 1.002508 0.000908
2456393.57471205 1.002588 0.000908
2456393.59514635 1.00301 0.000908
2456393.61558085 1.002092 0.000907
2456393.63601525 0.999274 0.000907
2456393.65644965 0.99927 0.000907
2456393.67688406 1.000299 0.000907
2456393.69731846 0.998316 0.000907
2456393.73818726 0.996602 0.000907
2456393.75862166 0.994394 0.000906
2456393.77905617 0.994389 0.000906
2456393.79949047 0.993167 0.000906
2456393.81992487 0.979939 0.000905
2456393.84035937 0.951773 0.0009
2456393.9629658 0.987918 0.000908
2456393.9834001 0.979482 0.000907
2456394.00383461 0.989353 0.000907
2456394.02426901 0.990645 0.000907
2456394.04470352 0.98846 0.000907
2456394.06513782 0.992554 0.000907
2456394.08557223 0.993275 0.000907
2456394.10600673 0.989968 0.000907
2456394.12644104 0.992954 0.000907
2456394.14687544 0.991761 0.000907
2456394.16730995 0.990886 0.000906
2456394.18774426 0.991294 0.000906
2456394.20817866 0.99629 0.000907
2456394.22861317 0.994494 0.000907
2456394.24904748 0.994296 0.000907
2456394.26948198 0.994947 0.000907
2456394.28991639 0.994134 0.000907
2456394.3103508 0.994488 0.000907
2456394.3307852 0.999002 0.000907
2456394.35121961 0.999673 0.000907
2456394.37165402 0.994571 0.000907
2456394.39208843 1.000355 0.000907
2456394.41252284 0.998106 0.000907
2456394.43295735 0.996956 0.000907
2456394.45339165 0.999217 0.000907
2456394.47382606 0.99992 0.000907
2456394.49426047 1.000593 0.000907
2456394.51469488 1.001563 0.000907
2456394.53512929 1.007345 0.000908
2456394.5555638 1.008563 0.000911
2456394.5759981098 1.003505 0.000908
2456394.59643252 1.002691 0.000908
2456394.61686703 1.004469 0.000908
2456394.63730134 1.00396 0.000908
2456394.65773585 1.00384 0.000908
2456394.67817026 1.006849 0.000908
2456394.69860457 1.012608 0.000909
2456394.71903908 1.008261 0.000908
2456394.73947349 1.004698 0.000908
2456394.75990781 1.006451 0.000908
2456394.78034232 1.005955 0.000908
2456394.80077673 1.004929 0.000908
2456394.82121124 1.003245 0.000907
2456394.84164555 1.004737 0.000908
2456394.86207997 1.001917 0.000907
2456394.88251448 1.000436 0.000907
2456394.90294879 1.000133 0.000907
2456394.9233832 1.001101 0.000907
2456394.94381772 1.000868 0.000907
2456394.96425203 1.000056 0.000907
2456394.98468644 1.000029 0.000907
2456395.00512096 0.999357 0.000906
2456395.02555537 0.999343 0.000907
2456395.04598979 0.985539 0.000906
2456395.0664242 0.954932 0.000899
2456395.08685851 0.90704 0.000891
2456395.10729303 0.920013 0.000893
2456395.12772744 0.973403 0.000902
2456395.14816176 0.996009 0.000906
2456395.16859627 1.000904 0.000907
2456395.18903069 0.999194 0.000906
2456395.2094652 0.998686 0.000906
2456395.22989952 0.999406 0.000907
2456395.25033394 1.000477 0.000908
2456395.27076845 0.997803 0.000906
2456395.29120277 0.999465 0.000906
2456395.31163718 0.999213 0.000906
2456395.3320717 0.998903 0.000906
2456395.35250602 1.000396 0.000907
2456395.37294053 0.999068 0.000906
2456395.39337495 0.999384 0.000906
2456395.41380927 1.001039 0.000907
2456395.43424379 0.99838 0.000906
2456395.4546782 1.000297 0.000906
2456395.47511252 1.001983 0.000907
2456395.49554704 1.002735 0.000907
2456395.51598146 1.005287 0.000907
2456395.53641588 1.0037 0.000907
2456395.55685029 1.004416 0.000907
2456395.57728471 1.004454 0.000907
2456395.59771923 1.004572 0.000907
2456395.61815355 1.004897 0.000907
2456395.63858797 1.005737 0.000907
2456395.65902249 1.006605 0.000907
2456395.67945691 1.006728 0.000907
2456395.69989123 1.009755 0.000908
2456395.72032575 1.006745 0.000907
2456395.74076007 1.009223 0.000908
2456395.76119459 1.008949 0.000908
2456395.78162901 1.00691 0.000907
2456395.80206333 1.007635 0.000908
2456395.82249785 1.007393 0.000908
2456395.84293227 1.007354 0.000908
2456395.86336659 1.008512 0.000908
2456395.88380112 1.004392 0.000907
2456395.90423554 1.005431 0.000907
2456395.92466986 1.004761 0.000907
2456395.94510438 1.003099 0.000907
2456395.9655388 1.001315 0.000906
2456395.98597332 1.001483 0.000906
2456396.00640765 0.998601 0.000906
2456396.02684207 0.998723 0.000906
2456396.04727659 0.996446 0.000906
2456396.06771092 0.99647 0.000906
2456396.08814534 0.99524 0.000905
2456396.10857986 0.993764 0.000905
2456396.12901419 0.991988 0.000905
2456396.14944871 0.992077 0.000905
2456396.16988313 0.991714 0.000905
2456396.19031756 0.99161 0.000905
2456396.21075198 0.99052 0.000905
2456396.23118641 0.990752 0.000905
2456396.25162083 0.991664 0.000905
2456396.27205526 0.984698 0.000904
2456396.29248968 0.941356 0.000897
2456396.31292411 0.892248 0.000888
2456396.33335863 0.900442 0.000891
2456396.35379296 0.965094 0.000901
2456396.37422738 0.988644 0.000904
2456396.39466181 0.989751 0.000905
2456396.41509623 0.988632 0.000904
2456396.43553076 0.990701 0.000905
2456396.45596509 0.989421 0.000905
2456396.47639951 0.990953 0.000905
2456396.49683404 0.990252 0.000905
2456396.51726837 0.989322 0.000905
2456396.53770289 0.991864 0.000905
2456396.55813732 0.991439 0.000905
2456396.57857165 0.993957 0.000905
2456396.59900617 0.995077 0.000905
2456396.6194406 0.996196 0.000906
2456396.63987493 0.995338 0.000905
2456396.66030946 0.995525 0.000905
2456396.68074389 0.997542 0.000906
2456396.72161274 0.998167 0.000906
2456396.74204717 0.999597 0.000906
2456396.7624817 0.998738 0.000906
2456396.78291603 1.000854 0.000906
2456396.80335046 1.001894 0.000906
2456396.8237849902 1.001611 0.000906
2456396.84421942 1.001506 0.000906
2456396.86465375 1.005892 0.000907
2456396.88508828 1.004733 0.000907
2456396.90552271 1.003141 0.000907
2456396.92595714 1.003585 0.000907
2456396.94639157 1.004002 0.000907
2456396.966826 1.003515 0.000907
2456396.98726043 1.00286 0.000906
2456397.00769486 1.003129 0.000906
2456397.02812929 1.002235 0.000906
2456397.04856372 1.001548 0.000906
2456397.06899816 1.003258 0.000907
2456397.08943269 1.001667 0.000906
2456397.10986702 1.001982 0.000906
2456397.13030145 1.00143 0.000906
2456397.15073598 1.001841 0.000906
2456397.17117032 1.001867 0.000906
2456397.19160475 1.000722 0.000906
2456397.21203928 1.000307 0.000906
2456397.23247361 0.998936 0.000906
2456397.25290805 0.998446 0.000906
2456397.27334258 0.999105 0.000906
2456397.29377691 0.996761 0.000905
2456397.31421145 0.998648 0.000906
2456397.33464588 0.997709 0.000905
2456397.35508022 0.999286 0.000906
2456397.37551475 0.998138 0.000906
2456397.39594918 0.997887 0.000905
2456397.41638362 0.998029 0.000905
2456397.43681805 0.9975 0.000905
2456397.45725249 0.99671 0.000905
2456397.47768702 0.997923 0.000905
2456397.49812146 0.984365 0.000905
2456397.51855579 0.951081 0.000898
2456397.53899033 0.906124 0.00089
2456397.55942476 0.921109 0.000893
2456397.5798591 0.977115 0.000902
2456397.60029364 0.999194 0.000905
2456397.62072807 0.999831 0.000906
2456397.64116241 0.999675 0.000906
2456397.66159694 0.999188 0.000905
2456397.68203128 0.999206 0.000905
2456397.70246582 0.999042 0.000905
2456397.72290025 0.998971 0.000905
2456397.74333459 1.001086 0.000906
2456397.76376913 1.001297 0.000906
2456397.78420357 1.003157 0.000906
2456397.8046379 1.002682 0.000906
2456397.82507244 1.00485 0.000906
2456397.84550688 1.008076 0.000907
2456397.86594142 1.007434 0.000907
2456397.88637576 1.008258 0.000907
2456397.9068102 1.010784 0.000907
2456397.92724473 1.010342 0.000907
2456397.94767907 1.00776 0.000907
2456397.96811351 1.010505 0.000907
2456397.98854805 1.010046 0.000907
2456398.00898239 1.011534 0.000907
2456398.02941683 1.008963 0.000907
2456398.04985137 1.008775 0.000907
2456398.07028581 1.011146 0.000907
2456398.09072025 1.008614 0.000907
2456398.11115469 1.008451 0.000907
2456398.13158913 1.008372 0.000907
2456398.15202357 1.008862 0.000907
2456398.17245801 1.008273 0.000907
2456398.19289245 1.005601 0.000906
2456398.21332699 1.007197 0.000906
2456398.23376133 1.003731 0.000906
2456398.25419587 1.004495 0.000906
2456398.27463032 1.002258 0.000906
2456398.29506466 1.000679 0.000905
2456398.3154992 1.001514 0.000906
2456398.33593354 0.998502 0.000905
2456398.35636798 0.998992 0.000905
2456398.37680253 0.998515 0.000905
2456398.39723687 0.996761 0.000905
2456398.41767131 0.995775 0.000905
2456398.43810585 0.993963 0.000904
2456398.4585402 0.993978 0.000904
2456398.47897474 0.991985 0.000904
2456398.49940918 0.993753 0.000904
2456398.51984353 0.990331 0.000904
2456398.54027807 0.993231 0.000904
2456398.56071251 0.991832 0.000904
2456398.58114696 0.992182 0.000904
2456398.6015814 0.990643 0.000904
2456398.62201585 0.989803 0.000904
2456398.64245039 0.989876 0.000904
2456398.66288474 0.991116 0.000904
2456398.68331918 0.991193 0.000904
2456398.70375372 0.991221 0.000904
2456398.72418817 0.985649 0.000903
2456398.74462252 0.938632 0.000895
2456398.76505706 0.891653 0.000887
2456398.78549151 0.903371 0.00089
2456398.80592595 0.969126 0.0009
2456398.8263604 0.990564 0.000904
2456398.84679484 0.98991 0.000903
2456398.86722939 0.992393 0.000904
2456398.88766374 0.991901 0.000904
2456398.90809818 0.991656 0.000904
2456398.92853273 0.993115 0.000904
2456398.94896708 0.993085 0.000904
2456398.96940152 1.001997 0.000905
2456398.98983597 0.998148 0.000905
2456399.01027042 1.00363 0.000906
2456399.03070497 0.999186 0.000905
2456399.05113931 0.999936 0.000905
2456399.07157376 1.000199 0.000905
2456399.09200831 1.001095 0.000905
2456399.11244266 1.001831 0.000905
2456399.13287711 1.002397 0.000905
2456399.15331165 1.001719 0.000905
2456399.173746 1.003188 0.000905
2456399.19418055 1.002757 0.000905
2456399.214615 1.00219 0.000905
2456399.23504935 1.002496 0.000905
2456399.2554839 1.005227 0.000906
2456399.27591835 1.003444 0.000905
2456399.2963528 1.002387 0.000905
2456399.31678725 1.002776 0.000905
2456399.3372216998 1.000809 0.000905
2456399.35765615 0.999745 0.000905
2456399.3780907 1.000707 0.000905
2456399.39852505 0.999883 0.000905
2456399.4189596 1.000599 0.000905
2456399.43939405 1.000045 0.000905
2456399.4598284 0.996172 0.000904
2456399.48026295 0.999354 0.000905
2456399.5006974 0.998391 0.000905
2456399.52113175 0.998406 0.000904
2456399.54156631 0.998169 0.000905
2456399.56200076 0.998612 0.000905
2456399.5824352102 0.998542 0.000905
2456399.60286966 0.997433 0.000904
2456399.62330401 0.998406 0.000904
2456399.64373857 0.997746 0.000904
2456399.66417302 0.999007 0.000905
2456399.70504192 0.998781 0.000905
2456399.72547638 0.999035 0.000905
2456399.74591083 0.998924 0.000905
2456399.76634528 0.998908 0.000905
2456399.78677974 0.997899 0.000904
2456399.80721429 0.998388 0.000904
2456399.82764864 0.998669 0.000904
2456399.8480831 0.999626 0.000905
2456399.86851765 1.000155 0.000905
2456399.88895211 0.997654 0.000904
2456399.90938646 1.001197 0.000905
2456399.92982101 0.993275 0.000905
2456399.95025547 0.988399 0.000904
2456399.97068992 0.953509 0.000897
2456399.99112438 0.908019 0.000889
2456400.01155883 0.927854 0.000893
2456400.03199329 0.981417 0.000902
2456400.05242775 1.004992 0.000905
2456400.0728622 1.004955 0.000905
2456400.09329676 1.005272 0.000905
2456400.11373111 1.004879 0.000905
2456400.13416567 1.004685 0.000905
2456400.15460013 1.006881 0.000906
2456400.17503448 1.007327 0.000906
2456400.19546904 1.006904 0.000906
2456400.21590349 1.008017 0.000906
2456400.23633785 1.008949 0.000906
2456400.25677241 1.009143 0.000906
2456400.27720677 1.010137 0.000906
2456400.29764122 1.010281 0.000906
2456400.31807578 1.009384 0.000906
2456400.33851014 1.009177 0.000906
2456400.3589447 1.009754 0.000906
2456400.37937915 1.010341 0.000906
2456400.39981351 1.009778 0.000906
2456400.42024807 1.005838 0.000905
2456400.44068253 1.008866 0.000906
2456400.46111699 1.00869 0.000906
2456400.48155145 1.007197 0.000906
2456400.5019859 1.006362 0.000906
2456400.52242046 1.004702 0.000905
2456400.54285482 1.005751 0.000905
2456400.56328928 1.003918 0.000905
2456400.58372384 1.002397 0.000905
2456400.6041583 1.002163 0.000905
2456400.62459266 1.000155 0.000904
2456400.64502722 0.999476 0.000904
2456400.66546168 0.998421 0.000904
2456400.68589604 0.996849 0.000904
2456400.7063306 0.997537 0.000904
2456400.72676506 0.997752 0.000904
2456400.74719962 0.999085 0.000904
2456400.76763398 1.011713 0.000916
2456400.78806845 0.996288 0.000904
2456400.80850301 0.997373 0.000904
2456400.82893737 0.99752 0.000904
2456400.84937183 1.005785 0.000905
2456400.86980639 1.0003 0.000904
2456400.89024075 0.996589 0.000904
2456400.91067531 0.994757 0.000903
2456400.93110968 0.995766 0.000904
2456400.95154414 0.994099 0.000903
2456400.9719787 0.993272 0.000903
2456400.99241306 0.994358 0.000903
2456401.01284753 0.992981 0.000903
2456401.03328209 0.992239 0.000903
2456401.05371645 0.993961 0.000903
2456401.07415092 0.992219 0.000903
2456401.09458548 0.992721 0.000903
2456401.11501994 0.991609 0.000903
2456401.13545441 0.993996 0.000903
2456401.15588887 0.995318 0.000903
2456401.17632333 0.989708 0.000903
2456401.1967578 0.940361 0.000894
2456401.21719226 0.895396 0.000885
2456401.23762673 0.915394 0.00089
2456401.25806129 0.976434 0.0009
2456401.27849566 0.996766 0.000904
2456401.29893022 0.998379 0.000904
2456401.31936468 1.000051 0.000904
2456401.33979905 1.001569 0.000904
2456401.36023362 1.001175 0.000904
2456401.38066808 1.000986 0.000904
2456401.40110245 1.001581 0.000904
2456401.42153701 1.001027 0.000904
2456401.44197148 1.000031 0.000904
2456401.46240584 0.999979 0.000904
2456401.48284041 1.001221 0.000904
2456401.50327488 1.004227 0.000905
2456401.52370944 1.003366 0.000905
2456401.54414381 1.003848 0.000905
2456401.56457818 1.002583 0.000905
2456401.58501274 1.001435 0.000904
2456401.60544721 1.000006 0.000904
2456401.62588168 0.999482 0.000904
2456401.64631614 1.000184 0.000904
2456401.66675061 1.000228 0.000904
2456401.68718518 0.997696 0.000904
2456401.70761955 0.997493 0.000904
2456401.72805402 0.997082 0.000904
2456401.74848858 0.995699 0.000903
2456401.76892305 0.994676 0.000903
2456401.78935742 0.993261 0.000903
2456401.80979199 0.996335 0.000903
2456401.83022646 0.995573 0.000903
2456401.85066093 0.995301 0.000903
2456401.87109539 0.993861 0.000903
2456401.89152986 0.994733 0.000903
2456401.91196443 0.997162 0.000904
2456401.9323988 0.995759 0.000903
2456401.95283327 0.996399 0.000904
2456401.97326784 0.996094 0.000903
2456401.99370221 0.997336 0.000904
2456402.01413668 0.999965 0.000904
2456402.03457125 0.996673 0.000903
2456402.0550056202 0.996517 0.000903
2456402.07544019 0.998507 0.000904
2456402.09587466 0.998927 0.000904
2456402.11630903 0.998183 0.000904
2456402.1367436 0.999686 0.000904
2456402.15717808 0.999559 0.000904
2456402.17761245 1.000364 0.000904
2456402.19804702 1.000417 0.000904
2456402.21848139 1.001209 0.000904
2456402.23891596 1.000366 0.000904
2456402.25935043 1.001981 0.000904
2456402.2797848 0.999746 0.000904
2456402.30021938 1.004804 0.000905
2456402.32065385 1.003735 0.000905
2456402.34108832 1.004331 0.000905
2456402.36152279 1.007293 0.000905
2456402.38195727 1.006208 0.000905
2456402.40239174 1.002577 0.000905
2456402.42282621 0.956563 0.000897
2456402.44326068 0.913946 0.00089
2456402.4636952598 0.934732 0.000893
2456402.48412973 0.98795 0.000902
2456402.5045641 1.007541 0.000905
2456402.52499868 1.008573 0.000905
2456402.54543315 1.010683 0.000906
2456402.56586753 1.012531 0.000906
2456402.5863021 1.012464 0.000906
2456402.60673657 1.01293 0.000906
2456402.62717115 1.012307 0.000906
2456402.64760552 1.011153 0.000906
2456402.68847457 1.009064 0.000905
2456402.70890895 1.008298 0.000905
2456402.72934342 1.008306 0.000905
2456402.749778 1.006893 0.000905
2456402.77021237 1.006577 0.000905
2456402.79064685 1.006873 0.000905
2456402.81108142 1.008789 0.000905
2456402.8315158 1.004709 0.000905
2456402.85195037 1.004315 0.000905
2456402.87238475 1.002809 0.000904
2456402.89281923 1.002844 0.000904
2456402.9132538 1.003331 0.000904
2456402.93368818 1.000919 0.000904
2456402.95412266 1.002454 0.000904
2456402.97455723 0.999952 0.000904
2456402.99499171 1.001307 0.000904
2456403.01542619 0.99962 0.000904
2456403.03586066 0.998856 0.000903
2456403.05629514 1.000408 0.000904
2456403.07672962 0.999463 0.000904
2456403.0971641 1.001015 0.000904
2456403.11759857 0.997339 0.000903
2456403.1380331498 0.998786 0.000903
2456403.15846753 0.996982 0.000903
2456403.17890211 0.996898 0.000903
2456403.19933659 0.999734 0.000904
2456403.21977096 0.996387 0.000903
2456403.24020554 0.99689 0.000903
2456403.26064002 0.996005 0.000903
2456403.2810744 0.994678 0.000903
2456403.30150898 0.995595 0.000903
2456403.32194346 0.995949 0.000903
2456403.34237784 0.996357 0.000903
2456403.36281242 0.995684 0.000903
2456403.3832469 1.000314 0.000904
2456403.40368138 0.996174 0.000903
2456403.42411586 0.99679 0.000903
2456403.44455034 0.996212 0.000903
2456403.46498482 0.996866 0.000903
2456403.4854193 0.997669 0.000903
2456403.50585378 0.99758 0.000903
2456403.52628826 0.99777 0.000903
2456403.54672274 0.999675 0.000903
2456403.56715732 0.997993 0.000903
2456403.5875917 1.001891 0.000904
2456403.60802618 0.998765 0.000903
2456403.62846076 0.995107 0.000903
2456403.64889524 0.946155 0.000894
2456403.66932962 0.899563 0.000885
2456403.68976421 0.92156 0.00089
2456403.71019869 0.981469 0.0009
2456403.73063307 0.99949 0.000903
2456403.75106765 0.999023 0.000903
2456403.77150213 1.001591 0.000904
2456403.79193671 1.000376 0.000903
2456403.8123711 1.000701 0.000903
2456403.83280558 0.998814 0.000903
2456403.85324016 0.998483 0.000903
2456403.87367455 0.997011 0.000903
2456403.89410903 0.997982 0.000903
2456403.91454361 0.996458 0.000903
2456403.93497799 0.995115 0.000903
2456403.95541258 0.995791 0.000903
2456403.97584706 0.996793 0.000903
2456403.99628144 0.995221 0.000903
2456404.01671603 0.995389 0.000903
2456404.03715051 0.994925 0.000903
2456404.0575849 0.998418 0.000903
2456404.07801948 0.994762 0.000902
2456404.09845397 0.993332 0.000902
2456404.11888835 0.994357 0.000902
2456404.13932293 0.994652 0.000902
2456404.15975742 0.994313 0.000902
2456404.1801919 0.994137 0.000902
2456404.20062639 0.994467 0.000902
2456404.22106087 0.994109 0.000902
2456404.24149536 0.994765 0.000902
2456404.26192984 0.994377 0.000902
2456404.28236433 0.994554 0.000902
2456404.30279882 0.996035 0.000903
2456404.3232333 0.994606 0.000902
2456404.34366789 0.995194 0.000902
2456404.36410237 0.995362 0.000902
2456404.38453676 0.994759 0.000902
2456404.40497135 0.99664 0.000903
2456404.42540583 0.999358 0.000903
2456404.44584022 1.000396 0.000903
2456404.46627481 0.999234 0.000903
2456404.48670929 0.998815 0.000903
2456404.50714368 0.999204 0.000903
2456404.52757827 1.002532 0.000904
2456404.54801275 1.004294 0.000904
2456404.56844734 1.004329 0.000904
2456404.58888173 1.00458 0.000904
2456404.60931622 1.004976 0.000904
2456404.6297508 1.004279 0.000904
2456404.65018519 1.006093 0.000904
2456404.67061968 1.006215 0.000904
2456404.69105427 1.006186 0.000904
2456404.71148866 1.008329 0.000905
2456404.73192324 1.005745 0.000904
2456404.75235773 1.007954 0.000905
2456404.77279212 1.007819 0.000905
2456404.79322671 1.009453 0.000905
2456404.8136612 1.008227 0.000905
2456404.83409559 1.009898 0.000905
2456404.85453018 1.00337 0.000904
2456404.87496467 0.957952 0.000896
2456404.89539906 0.913781 0.000889
2456404.91583365 0.936365 0.000893
2456404.93626814 0.991843 0.000902
2456404.95670273 1.008457 0.000905
2456404.97713712 1.007337 0.000904
2456404.99757161 1.008534 0.000905
2456405.0180062 1.00812 0.000905
2456405.03844059 1.009092 0.000905
2456405.05887508 1.004447 0.000904
2456405.07930967 1.002813 0.000904
2456405.09974406 1.004102 0.000904
2456405.12017865 1.001584 0.000903
2456405.14061314 1.000675 0.000903
2456405.16104753 1.003625 0.000904
2456405.18148212 1.000089 0.000903
2456405.20191661 1.001574 0.000903
2456405.22235101 1.000769 0.000903
2456405.2427856 1.000392 0.000903
2456405.26322009 1.000139 0.000903
2456405.28365458 0.999965 0.000903
2456405.30408907 1.000054 0.000903
2456405.32452357 1.000103 0.000903
2456405.34495806 1.000225 0.000903
2456405.36539255 0.999513 0.000903
2456405.38582704 0.99697 0.000903
2456405.40626154 0.998514 0.000903
2456405.42669603 0.998915 0.000903
2456405.44713052 1.001694 0.000903
2456405.46756501 0.998916 0.000903
2456405.48799951 1.000791 0.000903
2456405.5084341 0.999709 0.000903
2456405.52886859 0.999598 0.000903
2456405.54930299 1.000233 0.000903
2456405.56973758 1.000878 0.000903
2456405.59017208 0.999701 0.000903
2456405.61060647 0.999596 0.000903
2456405.63104106 0.999771 0.000903
2456405.67190995 1.000733 0.000903
2456405.69234455 1.002715 0.000903
2456405.71277904 1.000528 0.000903
2456405.73321364 0.999858 0.000903
2456405.75364803 1.001527 0.000903
2456405.77408253 1.000155 0.000903
2456405.79451712 1.001994 0.000903
2456405.81495152 1.002 0.000903
2456405.83538601 1.003137 0.000904
2456405.85582061 1.003029 0.000904
2456405.876255 1.001765 0.000903
2456405.8966896 1.002857 0.000904
2456405.91712409 1.001673 0.000904
2456405.93755849 1.000709 0.000903
2456405.95799309 1.000695 0.000903
2456405.97842758 1.001012 0.000903
2456405.99886208 0.998265 0.000903
2456406.01929657 0.99939 0.000903
2456406.03973107 1.000302 0.000903
2456406.06016547 0.999282 0.000903
2456406.08060007 0.99249 0.000902
2456406.10103456 0.940277 0.000893
2456406.12146906 0.895691 0.000884
2456406.14190356 0.92232 0.00089
2456406.16233805 0.976703 0.000899
2456406.18277265 0.993858 0.000902
2456406.20320705 0.99441 0.000902
2456406.22364155 0.99454 0.000902
2456406.24407614 0.992007 0.000901
2456406.26451054 0.989729 0.000901
2456406.28494514 0.992546 0.000901
2456406.30537964 0.991429 0.000901
2456406.32581404 0.988687 0.000901
2456406.34624864 0.989719 0.000901
2456406.36668313 0.991265 0.000901
2456406.38711753 0.993133 0.000902
2456406.40755213 0.990947 0.000901
2456406.42798663 0.991221 0.000901
2456406.44842103 0.991812 0.000901
2456406.46885563 0.990375 0.000901
2456406.48929013 0.990678 0.000901
2456406.50972473 0.98929 0.000901
2456406.53015913 0.991524 0.000901
2456406.55059363 0.990797 0.000901
2456406.57102823 0.991664 0.000901
2456406.59146263 0.992152 0.000901
2456406.61189713 0.992901 0.000901
2456406.63233173 0.995216 0.000902
2456406.65276623 0.999735 0.000902
2456406.6732007302 0.996755 0.000902
2456406.69363523 0.994631 0.000902
2456406.71406963 0.994611 0.000902
2456406.73450423 0.995592 0.000902
2456406.75493873 0.996923 0.000902
2456406.77537313 0.998149 0.000902
2456406.79580773 0.998212 0.000902
2456406.81624223 0.999917 0.000902
2456406.83667664 0.999853 0.000902
2456406.85711124 1.001576 0.000903
2456406.87754574 1.001361 0.000903
2456406.89798034 1.00476 0.000903
2456406.91841474 1.003854 0.000903
2456406.93884924 1.009492 0.000904
2456406.95928385 1.006546 0.000903
2456406.97971825 1.006965 0.000904
2456407.00015275 1.006477 0.000903
2456407.02058735 1.008169 0.000904
2456407.04102176 1.00851 0.000904
2456407.06145636 1.009219 0.000904
2456407.08189086 1.009757 0.000904
2456407.10232526 1.00793 0.000904
2456407.12275987 1.009265 0.000904
2456407.14319437 1.008404 0.000904
2456407.16362887 1.010359 0.000904
2456407.18406338 1.006016 0.000903
2456407.20449788 1.008611 0.000904
2456407.22493238 1.011198 0.000904
2456407.24536689 1.007568 0.000904
2456407.26580139 1.007051 0.000903
2456407.2862359 1.005924 0.000903
2456407.3066705 0.997818 0.000902
2456407.3271049 0.95043 0.000894
2456407.34753941 0.909561 0.000886
2456407.36797391 0.932718 0.000891
2456407.38840842 0.986381 0.0009
2456407.40884302 1.001556 0.000903
2456407.42927743 1.000833 0.000902
2456407.44971203 1.000213 0.000902
2456407.47014654 0.998424 0.000902
2456407.49058094 0.997943 0.000902
2456407.5110155502 0.997151 0.000902
2456407.53145005 1.000202 0.000902
2456407.55188446 0.997412 0.000902
2456407.57231906 1.000223 0.000902
2456407.59275357 0.999138 0.000902
2456407.61318818 1.000682 0.000902
2456407.63362258 1.00045 0.000902
2456407.65405709 0.999512 0.000902
2456407.67449169 0.999708 0.000902
2456407.6949261 0.998387 0.000902
2456407.71536061 0.998306 0.000902
2456407.73579521 0.99952 0.000902
2456407.75622962 1.003308 0.000903
2456407.77666413 1.000069 0.000902
2456407.79709873 1.000579 0.000902
2456407.81753324 0.997761 0.000902
2456407.83796775 1.001956 0.000902
2456407.85840226 1.001152 0.000902
2456407.87883676 1.001622 0.000902
2456407.89927127 1.000981 0.000902
2456407.91970578 1.00128 0.000902
2456407.94014029 1.004026 0.000903
2456407.96057479 1.00426 0.000903
2456407.9810093 1.003087 0.000903
2456408.00144381 1.004906 0.000903
2456408.02187832 1.006196 0.000903
2456408.04231283 1.006621 0.000903
2456408.06274743 1.00766 0.000903
2456408.08318184 1.005252 0.000903
2456408.10361635 1.004717 0.000903
2456408.12405096 1.005034 0.000903
2456408.14448537 1.004789 0.000903
2456408.16491988 1.006501 0.000903
2456408.18535449 1.006269 0.000903
2456408.2057889 1.005683 0.000903
2456408.22622351 1.004529 0.000903
2456408.24665801 1.007201 0.000903
2456408.26709242 1.004396 0.000903
2456408.28752703 1.006634 0.000903
2456408.30796154 1.003469 0.000903
2456408.32839595 1.003214 0.000903
2456408.34883056 1.004193 0.000903
2456408.36926507 1.001364 0.000902
2456408.38969968 1.00284 0.000902
2456408.41013409 1.001426 0.000902
2456408.4305686 1.007512 0.000903
2456408.45100321 1.003524 0.000903
2456408.47143773 0.998034 0.000902
2456408.49187214 0.996911 0.000901
2456408.51230675 0.997038 0.000901
2456408.53274126 0.986316 0.0009
2456408.55317567 0.93574 0.000891
2456408.57361028 0.890001 0.000882
2456408.59404479 0.916957 0.000888
2456408.6144793 0.974296 0.000898
2456408.65534823 0.989738 0.0009
2456408.67578284 0.99014 0.0009
2456408.69621735 0.989887 0.0009
2456408.71665176 0.988499 0.0009
2456408.73708637 0.989851 0.0009
2456408.75752089 0.988118 0.0009
2456408.7779555 0.988595 0.0009
2456408.79838991 0.988171 0.0009
2456408.81882442 0.989349 0.0009
2456408.83925904 0.98931 0.0009
2456408.85969345 0.989637 0.0009
2456408.88012796 0.988764 0.0009
2456408.90056257 0.990333 0.0009
2456408.92099699 0.992538 0.000901
2456408.9414315 0.990678 0.0009
2456408.96186611 0.991083 0.000901
2456408.98230053 0.991631 0.000901
2456409.00273514 0.99167 0.000901
2456409.0231696498 0.991573 0.000901
2456409.04360417 0.993686 0.000901
2456409.06403868 0.995046 0.000901
2456409.0844732 0.996395 0.000901
2456409.10490771 0.995702 0.000901
2456409.12534222 0.998031 0.000902
2456409.14577674 0.999138 0.000902
2456409.16621125 1.000139 0.000902
2456409.18664587 0.999342 0.000902
2456409.20708028 1.000401 0.000902
2456409.2275149 1.00453 0.000903
2456409.24794941 1.001175 0.000902
2456409.26838383 1.003536 0.000902
2456409.28881844 1.003732 0.000903
2456409.30925286 1.004352 0.000903
2456409.32968737 1.005798 0.000903
2456409.35012199 1.006738 0.000903
2456409.39099102 1.008746 0.000903
2456409.41142553 1.004163 0.000903
2456409.43185995 1.011333 0.000904
2456409.45229457 1.005913 0.000903
2456409.47272908 1.005985 0.000903
2456409.4931635 1.008103 0.000903
2456409.51359811 1.004117 0.000903
2456409.53403263 1.003427 0.000902
2456409.55446715 1.004077 0.000902
2456409.57490166 1.003252 0.000902
2456409.59533618 1.002645 0.000902
2456409.6157708 1.003238 0.000902
2456409.63620521 1.001955 0.000902
2456409.65663973 1.002607 0.000902
2456409.67707435 1.00013 0.000902
2456409.69750886 0.999886 0.000902
2456409.71794328 0.999489 0.000902
2456409.7383779 0.999625 0.000902
2456409.75881242 0.992329 0.000901
2456409.77924693 0.943488 0.000892
2456409.79968145 0.902659 0.000884
2456409.82011597 0.92811 0.00089
2456409.84055059 0.980583 0.000899
2456409.860985 0.998438 0.000902
2456409.88141952 0.998277 0.000902
2456409.90185414 0.997444 0.000901
2456409.92228856 0.997178 0.000901
2456409.94272308 0.997641 0.000901
2456409.9631576 0.996892 0.000901
2456409.98359211 0.997365 0.000901
2456410.00402673 0.998425 0.000902
2456410.02446115 0.99973 0.000902
2456410.04489567 0.998139 0.000902
2456410.0653302902 0.99774 0.000901
2456410.08576471 0.99796 0.000901
2456410.10619923 0.999691 0.000902
2456410.12663385 0.999174 0.000902
2456410.14706827 0.999157 0.000902
2456410.16750289 1.002112 0.000902
2456410.18793741 1.002967 0.000902
2456410.20837183 1.002696 0.000902
2456410.22880645 1.004755 0.000903
2456410.24924097 1.00439 0.000903
2456410.26967549 1.006489 0.000903
2456410.29011001 1.005367 0.000903
2456410.31054453 1.006384 0.000903
2456410.33097905 1.006577 0.000903
2456410.35141367 1.007907 0.000903
2456410.37184809 1.004572 0.000903
2456410.39228271 1.007364 0.000903
2456410.41271723 1.008056 0.000903
2456410.43315165 1.009142 0.000903
2456410.45358627 1.006647 0.000903
2456410.47402079 1.008793 0.000903
2456410.49445521 1.00878 0.000903
2456410.51488983 1.007478 0.000903
2456410.53532436 1.007633 0.000903
2456410.55575888 1.007307 0.000903
2456410.5761934 1.006162 0.000903
2456410.59662782 1.006159 0.000903
2456410.61706244 1.00611 0.000903
2456410.63749696 1.010981 0.000904
2456410.65793139 1.004986 0.000903
2456410.67836601 1.004168 0.000902
2456410.69880053 1.00036 0.000902
2456410.71923505 1.000714 0.000902
2456410.73966957 0.997914 0.000901
2456410.7601041 0.997842 0.000901
2456410.78053872 0.995836 0.000901
2456410.80097314 0.993329 0.000901
2456410.82140766 0.994923 0.000901
2456410.84184229 0.993669 0.000901
2456410.86227681 0.992516 0.000901
2456410.88271123 0.990859 0.0009
2456410.90314586 0.993576 0.000901
2456410.92358038 0.991278 0.0009
2456410.9440149 0.98962 0.0009
2456410.96444943 0.990397 0.0009
2456410.98488395 0.983225 0.000899
2456411.00531847 0.928524 0.00089
2456411.025753 0.886539 0.000881
2456411.04618752 0.915114 0.000886
2456411.06662214 0.973195 0.000898
2456411.08705657 0.989471 0.0009
2456411.10749109 0.989075 0.0009
2456411.12792572 0.988772 0.0009
2456411.14836014 0.989327 0.0009
2456411.16879477 0.988644 0.0009
2456411.18922929 0.988 0.0009
2456411.20966371 0.988683 0.0009
2456411.23009834 0.989766 0.0009
2456411.25053276 0.990095 0.0009
2456411.27096729 0.990709 0.0009
2456411.29140191 0.991317 0.0009
2456411.31183634 0.993022 0.000901
2456411.33227096 0.992723 0.000901
2456411.35270549 0.997071 0.000901
2456411.37313991 0.997767 0.000901
2456411.39357454 0.997664 0.000901
2456411.41400907 0.997735 0.000902
2456411.43444359 0.997978 0.000902
2456411.45487812 0.997575 0.000901
2456411.47531264 0.999682 0.000902
2456411.49574717 1.00249 0.000902
2456411.51618169 1.001816 0.000902
2456411.53661622 1.001503 0.000902
2456411.55705085 1.003005 0.000902
2456411.57748537 1.003613 0.000902
2456411.5979198 1.003711 0.000903
2456411.63878895 1.004147 0.000903
2456411.65922338 1.0025 0.000902
2456411.67965801 1.004883 0.000903
2456411.70009253 1.004086 0.000903
2456411.72052696 1.004549 0.000903
2456411.74096159 1.003702 0.000903
2456411.76139611 1.00479 0.000903
2456411.78183074 1.002871 0.000902
2456411.80226517 1.001773 0.000902
2456411.8226997 1.003782 0.000903
2456411.84313432 1.003538 0.000903
2456411.86356875 1.003292 0.000903
2456411.88400328 1.002251 0.000902
2456411.90443781 1.00076 0.000902
2456411.92487234 1.001728 0.000902
2456411.94530696 1.001342 0.000902
2456411.96574139 0.999217 0.000902
2456411.98617592 0.999196 0.000902
2456412.00661055 0.999011 0.000902
2456412.02704498 0.999066 0.000902
2456412.0474795 1.000375 0.000902
2456412.06791413 0.997978 0.000902
2456412.08834866 0.998573 0.000902
2456412.10878309 0.998554 0.000902
2456412.12921772 0.997649 0.000902
2456412.14965225 0.997772 0.000902
2456412.17008678 0.998028 0.000902
2456412.19052131 0.999264 0.000902
2456412.21095584 0.991945 0.000901
2456412.23139046 0.941742 0.000892
2456412.25182489 0.903804 0.000885
2456412.27225942 0.931855 0.000891
2456412.29269405 0.985635 0.0009
2456412.31312848 0.998174 0.000902
2456412.33356311 0.999242 0.000902
2456412.35399764 0.999247 0.000902
2456412.37443207 0.999883 0.000902
2456412.3948667 1.000758 0.000902
2456412.41530123 0.998993 0.000902
2456412.43573566 1.003152 0.000903
2456412.45617029 1.004655 0.000903
2456412.47660482 1.002061 0.000902
2456412.49703925 1.004784 0.000903
2456412.51747388 1.003084 0.000902
2456412.53790831 1.004684 0.000903
2456412.55834295 1.005392 0.000903
2456412.57877748 1.006741 0.000903
2456412.59921201 1.007094 0.000903
2456412.61964654 1.01131 0.000904
2456412.64008107 1.007807 0.000903
2456412.6605156 1.009747 0.000904
2456412.68095013 1.008723 0.000903
2456412.70138466 1.008695 0.000903
2456412.72181929 1.010237 0.000904
2456412.74225383 1.010572 0.000904
2456412.76268826 1.009891 0.000904
2456412.78312289 1.009354 0.000904
2456412.80355742 1.009219 0.000904
2456412.82399185 1.008825 0.000904
2456412.84442648 1.009946 0.000904
2456412.86486102 1.008817 0.000903
2456412.88529545 1.008068 0.000903
2456412.90573008 1.00832 0.000903
2456412.92616461 1.007012 0.000903
2456412.94659925 1.007263 0.000903
2456412.96703368 1.007116 0.000903
2456412.98746821 1.004469 0.000903
2456413.00790284 1.00287 0.000903
2456413.02833728 1.00209 0.000902
2456413.04877181 1.001435 0.000902
2456413.06920644 0.999267 0.000902
2456413.08964087 1.000107 0.000902
2456413.11007541 0.998069 0.000902
2456413.13051004 0.998677 0.000902
2456413.15094447 1.00095 0.000902
2456413.17137911 0.995701 0.000901
2456413.19181354 0.995833 0.000901
2456413.21224807 0.99481 0.000901
2456413.23268271 0.995049 0.000901
2456413.25311714 0.992995 0.000901
2456413.27355168 0.992439 0.000901
2456413.29398631 0.994632 0.000901
2456413.31442084 0.994095 0.000901
2456413.33485538 0.990557 0.000901
2456413.35528991 0.990022 0.0009
2456413.37572445 0.990233 0.000901
2456413.39615898 0.991656 0.000901
2456413.41659351 0.989982 0.0009
2456413.43702805 0.982629 0.000899
2456413.45746268 0.92912 0.00089
2456413.47789712 0.890258 0.000882
2456413.49833165 0.918384 0.000887
2456413.51876629 0.977666 0.000898
2456413.53920072 0.992387 0.000901
2456413.55963536 0.991035 0.000901
2456413.58006989 0.992808 0.000901
2456413.60050433 0.992818 0.000901
2456413.62093896 0.994033 0.000901
2456413.6413735 0.994157 0.000901
2456413.66180793 0.994826 0.000901
2456413.68224257 0.995692 0.000901
2456413.7026771 0.995084 0.000901
2456413.72311174 0.996686 0.000902
2456413.74354618 0.997785 0.000902
2456413.76398071 0.998196 0.000902
2456413.78441535 0.998253 0.000902
2456413.80484978 0.99968 0.000902
2456413.82528432 1.000106 0.000902
2456413.84571886 1.002127 0.000903
2456413.86615339 1.003185 0.000903
2456413.88658793 1.004909 0.000903
2456413.90702246 1.004965 0.000903
2456413.927457 1.005878 0.000903
2456413.94789164 1.003068 0.000903
2456413.96832617 1.00154 0.000903
2456413.98876061 1.003778 0.000903
2456414.00919525 1.001275 0.000902
2456414.02962978 1.00122 0.000902
2456414.05006422 1.00087 0.000902
2456414.07049886 1.001973 0.000903
2456414.0909334 1.001183 0.000902
2456414.11136803 1.000947 0.000902
2456414.13180247 0.999617 0.000902
2456414.15223701 0.999592 0.000902
2456414.17267164 0.999262 0.000902
2456414.19310608 1.000243 0.000902
2456414.21354062 1.000148 0.000902
2456414.23397526 0.999278 0.000902
2456414.2544097 1.000255 0.000902
2456414.27484423 0.999956 0.000902
2456414.29527887 0.998926 0.000902
2456414.31571331 0.998287 0.000902
2456414.33614795 0.998732 0.000902
2456414.35658249 0.998868 0.000902
2456414.37701702 1.000053 0.000902
2456414.39745156 1.000975 0.000903
2456414.4178861 1.002999 0.000903
2456414.43832064 1.003979 0.000903
2456414.45875518 1.004032 0.000903
2456414.47918972 1.001828 0.000903
2456414.49962425 1.002355 0.000903
2456414.52005879 1.002109 0.000903
2456414.54049333 1.00212 0.000903
2456414.56092787 1.00048 0.000903
2456414.58136241 1.001088 0.000903
2456419.83303432 0.994823 0.000887
2456419.85346897 0.99523 0.000887
2456419.87390343 0.995415 0.000888
2456419.89433808 0.994363 0.000888
2456419.91477264 0.995931 0.000888
2456419.93520709 1.015608 0.000892
2456419.95564175 1.010843 0.000891
2456419.97607631 1.001625 0.00089
2456419.99651086 0.998388 0.000889
2456420.01694542 0.99691 0.000889
2456420.03737997 0.998185 0.00089
2456420.05781463 0.998575 0.00089
2456420.07824919 0.997112 0.00089
2456420.09868364 0.998178 0.000891
2456420.1191183 1.000513 0.000891
2456420.13955285 1.004884 0.000892
2456420.15998731 0.999724 0.000891
2456420.18042197 0.998453 0.000891
2456420.20085652 0.998622 0.000892
2456420.22129108 1.00451 0.000893
2456420.24172564 1.000852 0.000892
2456420.26216009 1.001807 0.000893
2456420.28259475 1.000767 0.000893
2456420.30302931 0.999929 0.000893
2456420.32346376 1.000815 0.000893
2456420.34389842 1.002512 0.000893
2456420.36433298 1.003169 0.000894
2456420.38476763 1.00214 0.000894
2456420.40520209 1.004403 0.000894
2456420.42563665 1.004819 0.000894
2456420.4460713 1.003969 0.000894
2456420.46650576 1.003407 0.000894
2456420.50737497 1.00428 0.000895
2456420.52780943 1.004549 0.000895
2456420.54824409 1.002622 0.000895
2456420.56867864 1.007481 0.000896
2456420.5891132 1.006908 0.000896
2456420.60954776 1.003914 0.000895
2456420.62998232 1.005636 0.000896
2456420.65041687 1.007236 0.000896
2456420.67085143 1.00494 0.000896
2456420.69128599 1.005835 0.000896
2456420.71172065 1.003977 0.000896
2456420.7321551 1.001412 0.000895
2456420.7525896598 1.002392 0.000896
2456420.77302432 1.00034 0.000895
2456420.79345888 0.988426 0.000894
2456420.81389333 0.930138 0.000883
2456420.83432799 0.895991 0.000877
2456420.85476245 0.929606 0.000883
2456420.8751971098 0.987974 0.000894
2456420.89563167 0.995346 0.000895
2456420.91606612 0.993538 0.000895
2456420.93650078 0.992943 0.000895
2456420.95693534 0.991439 0.000895
2456420.9773698 0.991647 0.000895
2456420.99780446 0.990973 0.000895
2456421.01823901 0.992062 0.000895
2456421.03867347 0.991444 0.000895
2456421.05910813 0.990831 0.000895
2456421.07954269 0.992833 0.000895
2456421.09997735 1.00102 0.000897
2456421.12041181 0.993611 0.000895
2456421.14084636 0.994046 0.000895
2456421.16128102 0.992298 0.000895
2456421.18171548 0.990933 0.000895
2456421.20215004 0.991324 0.000895
2456421.2225847 0.993353 0.000895
2456421.24301916 0.992665 0.000895
2456421.26345382 0.989499 0.000895
2456421.28388837 0.992208 0.000895
2456421.30432293 0.992599 0.000895
2456421.32475749 0.991825 0.000895
2456421.34519205 0.994037 0.000896
2456421.36562661 0.994459 0.000896
2456421.38606117 0.995106 0.000896
2456421.40649573 0.996545 0.000896
2456421.42693029 0.994202 0.000896
2456421.44736495 0.998563 0.000896
2456421.4677994 0.997362 0.000896
2456421.48823406 0.999054 0.000896
2456421.50866852 1.00122 0.000897
2456421.52910308 1.002331 0.000897
2456421.54953774 1.000516 0.000897
2456421.5699722 1.00442 0.000897
2456421.59040676 1.002965 0.000897
2456421.61084142 1.003808 0.000897
2456421.63127588 1.00455 0.000897
2456421.65171054 1.005442 0.000898
2456421.6721451 1.007876 0.000898
2456421.69257956 1.007798 0.000898
2456421.71301422 1.008955 0.000898
2456421.73344878 1.010563 0.000898
2456421.75388324 1.00953 0.000898
2456421.7743179 1.008735 0.000898
2456421.79475246 1.00945 0.000898
2456421.81518702 1.009357 0.000898
2456421.83562158 1.010189 0.000898
2456421.85605614 1.010445 0.000898
2456421.8764908 1.008321 0.000898
2456421.89692526 1.009089 0.000898
2456421.91735982 1.008803 0.000898
2456421.93779448 1.007162 0.000898
2456421.95822904 1.00542 0.000897
2456421.9786635 1.005951 0.000897
2456421.99909816 1.004428 0.000897
2456422.01953272 0.991328 0.000895
2456422.03996718 0.938501 0.000885
2456422.06040184 0.907467 0.000879
2456422.0808364 0.941501 0.000885
2456422.10127106 0.990998 0.000895
2456422.12170552 1.000874 0.000896
2456422.14214008 0.999175 0.000896
2456422.16257464 0.99964 0.000896
2456422.1830092 0.997352 0.000896
2456422.20344366 0.996249 0.000896
2456422.22387832 0.997548 0.000896
2456422.24431288 0.997527 0.000896
2456422.26474754 0.998079 0.000896
2456422.285182 0.999762 0.000896
2456422.30561656 0.999059 0.000896
2456422.32605122 0.998129 0.000896
2456422.34648568 0.99713 0.000896
2456422.36692024 0.998553 0.000896
2456422.3873549 0.996913 0.000896
2456422.40778937 0.99906 0.000896
2456422.42822393 0.998164 0.000896
2456422.44865859 0.998176 0.000896
2456422.46909315 1.000446 0.000896
2456422.48952771 0.999698 0.000896
2456422.50996227 1.000144 0.000896
2456422.53039683 1.000676 0.000896
2456422.55083139 1.000857 0.000896
2456422.57126595 1.001467 0.000896
2456422.59170051 1.00112 0.000896
2456422.61213518 1.001109 0.000896
2456422.63256964 1.004339 0.000897
2456422.6530042 1.002451 0.000897
2456422.67343886 1.003436 0.000897
2456422.69387332 1.003145 0.000897
2456422.71430798 1.003803 0.000897
2456422.73474254 1.003974 0.000897
2456422.75517701 1.010364 0.000898
2456422.77561167 1.008147 0.000898
2456422.79604623 1.007235 0.000897
2456422.81648069 1.005388 0.000897
2456422.85734981 1.005452 0.000897
2456422.87778448 1.006112 0.000897
2456422.89821904 1.005605 0.000897
2456422.9186535 1.005931 0.000897
2456422.93908816 1.015921 0.000899
2456422.95952272 1.004431 0.000897
2456422.97995718 1.003762 0.000897
2456423.00039185 1.001427 0.000897
2456423.02082641 1.002166 0.000897
2456423.04126097 1.00302 0.000897
2456423.06169553 1.001538 0.000897
2456423.08213009 0.99893 0.000897
2456423.10256476 1.000179 0.000897
2456423.12299922 0.997442 0.000897
2456423.14343378 0.997205 0.000897
2456423.16386844 0.994993 0.000896
2456423.184303 0.993235 0.000896
2456423.20473747 0.992713 0.000896
2456423.22517213 0.992823 0.000896
2456423.24560669 0.9791 0.000894
2456423.26604115 0.922519 0.000883
2456423.28647582 0.890239 0.000878
2456423.30691038 0.923982 0.000884
2456423.32734504 0.977594 0.000894
2456423.3477795 0.987447 0.000896
2456423.36821406 0.989595 0.000896
2456423.38864873 0.988537 0.000896
2456423.40908319 0.989098 0.000896
2456423.42951775 0.988401 0.000896
2456423.44995231 0.989038 0.000897
2456423.47038688 0.989686 0.000897
2456423.49082154 0.989931 0.000897
2456423.511256 0.989658 0.000897
2456423.53169056 0.989713 0.000897
2456423.55212523 0.991562 0.000898
2456423.57255969 0.992488 0.000898
2456423.59299425 0.992515 0.000898
2456423.61342892 0.991885 0.000898
2456423.63386338 0.994707 0.000899
2456423.65429794 0.995092 0.000899
2456423.6747326 0.995638 0.000899
2456423.69516717 0.99807 0.0009
2456423.71560173 1.006823 0.000901
2456423.73603629 0.998373 0.0009
2456423.75647086 0.996715 0.0009
2456423.7769054202 1.000806 0.000901
2456423.79733998 1.000394 0.000901
2456423.81777455 1.001413 0.000901
2456423.83820921 1.005694 0.000902
2456423.85864367 1.005639 0.000902
2456423.87907823 1.005767 0.000903
2456423.8995129 1.007818 0.000903
2456423.91994736 1.007657 0.000903
2456423.94038202 1.010077 0.000904
2456423.96081659 1.011862 0.000905
2456423.98125105 1.01268 0.000905
2456424.00168571 1.011335 0.000905
