2451385.9792669597 1.0043452978134155 0.0002546756586525
2451386.057741285 1.0047431588172913 0.00025471967819605003
2451386.1362156016 1.004640817642212 0.0002547224576119
2451386.2146899095 1.0045748949050903 0.0002547085896367
2451386.293164209 1.0046321153640747 0.0002547054318711
2451386.3716385 1.0045371651649475 0.00025469607498960004
2451386.450112782 1.004515528678894 0.0002547003969084
2451386.528587056 1.0045181512832642 0.00025469290267205
2451386.6070613214 1.0045044422149658 0.0002546953619457
2451386.685535578 1.0045547485351562 0.00025470044056415
2451386.762620902 1.004638910293579 0.0002547150361351
2451386.841789605 1.0045720338821411 0.000254709040746
2451386.920263837 1.0045331120491028 0.00025469990214325
2451386.999432523 1.00458425283432 0.00025471788831050004
2451387.077212276 1.0045408606529236 0.00025470537366345
2451387.1556864833 1.0045493841171265 0.0002547136391513
2451387.234160682 1.0044944882392883 0.00025470502441745
2451387.311940412 1.0045615434646606 0.0002547178737586
2451387.3918035184 1.0046229362487793 0.0002547332842368
2451387.4688887694 1.004720687866211 0.00025472464039915
2451387.547362936 1.004569172859192 0.0002547171316109
2451387.625837095 1.0046310424804685 0.0002547238254919
2451387.7043112456 1.004710674285889 0.0002547121548559
2451387.787646618 1.004785180091858 0.0002547389012761
2451387.861259523 1.0046554803848269 0.0002547238545957
2451387.9397336496 1.0047158002853391 0.00025473494315515
2451388.0182077684 1.0046356916427612 0.0002547259500715
2451388.0966818794 1.004700243473053 0.00025473348796365
2451388.174461521 1.004598617553711 0.000254724320257
2451388.2529356163 1.004517674446106 0.0002547100302763
2451388.331409704 1.0047689080238342 0.00025474181165915
2451388.4098837827 1.004669427871704 0.0002547245530877
2451388.4883578545 1.00472491979599 0.00025472627021365
2451388.5668319184 1.004766821861267 0.0002547355834394
2451388.6453059744 1.0047460794448853 0.0002547324256738
2451388.7237800225 1.0047498941421509 0.0002547318290453
2451388.802254062 1.0047669410705566 0.00025474505673625
2451388.880728095 1.0047557353973389 0.0002547356707509
2451388.9585076594 1.004645824432373 0.0002547252224758
2451389.0369816767 1.004741132259369 0.0002547321200836
2451389.113372305 1.004626750946045 0.0002547321491874
2451389.1939296876 1.0045498609542847 0.00025471017579545003
2451389.272403681 1.004766821861267 0.0002547399781178
2451389.350877668 1.0046717524528503 0.00025472980632905
2451389.4300461058 1.004837989807129 0.0002547443582443
2451389.507131157 1.0047391653060913 0.0002547272597439
2451389.5856051203 1.0049097537994385 0.00025475570873815005
2451389.6647735354 1.0048040747642517 0.00025474764697715
2451389.7425530236 1.0048791766166687 0.0002547503827372
2451389.820332504 1.0047632455825803 0.00025475263828405
2451389.900195356 1.0048381090164185 0.0002547526673879
2451389.9800581997 1.004860281944275 0.00025475279835515
2451390.0578376576 1.0046914219856262 0.00025472968991375
2451390.1349226483 1.0047707557678225 0.0002547321782913
2451390.2113131727 1.0046037435531616 0.0002547201875131
2451390.295342741 1.0047739148139951 0.00025476157316
2451390.3703443315 1.0046613812446594 0.00025474387803109996
2451390.448123752 1.0047904253005981 0.0002547570620663
2451390.5265976237 1.0048317909240725 0.0002547520853113
2451390.605071488 1.0048072934150696 0.00025475522852495
2451390.6835453445 1.0046606063842771 0.0002547382900957
2451390.7620191933 1.00479394197464 0.00025475557777094996
2451390.840493035 1.0048134326934814 0.0002547470212448
2451390.918966869 1.0048540830612183 0.00025476374139535003
2451390.9974406953 1.0047705173492432 0.0002547518233768
2451391.0759145143 1.0048151016235352 0.00025475939037275
2451391.153693867 1.0048888325691223 0.00025477305462115
2451391.231473212 1.0048916935920715 0.000254763290286
2451391.3113359255 1.0048022270202637 0.0002547506592236
2451391.389115256 1.004760980606079 0.0002547526382841
2451391.4675890375 1.0048524737358093 0.00025476010341659997
2451391.545368353 1.0048127174377441 0.00025475882284805
2451391.6245365776 1.0049118399620056 0.0002547634503571
2451391.7030103365 1.0047869682312012 0.0002547568292357
2451391.779400714 1.0047903060913084 0.0002547448966652
2451391.859957832 1.0049057006835935 0.0002547463518567
2451391.937737111 1.0048577785491943 0.0002547433541622
2451392.01621084 1.0047541856765747 0.0002547314797993
2451392.094684562 1.0048538446426392 0.0002547407639212
2451392.1738527343 1.0048818588256836 0.0002547352632973
2451392.245381866 1.0048717856407166 0.000254732047324
2451392.331494599 1.0048049092292786 0.0002547264302847
2451392.4099682914 1.0047931671142578 0.0002547272306401
2451392.4877475197 1.0048081874847412 0.0002547210315242
2451392.56552674 1.0047396421432495 0.0002547025505919
2451392.6419170396 1.0046967267990112 0.0002547071781009
2451392.7169184177 1.0047645568847656 0.000254701328231
2451392.7995588174 1.0048105120658875 0.00025473967252760004
2451392.8787269243 1.0047977566719055 0.00025473369169044997
2451392.957200567 1.0048803091049194 0.0002547472249716
2451393.0356742027 1.0048360228538513 0.0002547495969338
2451393.1141478317 1.0048630237579343 0.0002547409385442
2451393.1926214537 1.0047419667243958 0.00025472557172175005
2451393.2717895256 1.0047849416732788 0.0002547252370277
2451393.349568677 1.004903495311737 0.00025474652647965
2451393.427347823 1.0048078298568723 0.0002547437907196
2451393.5058214185 1.0048285722732544 0.0002547882613725
2451393.5836005514 1.004862070083618 0.0002548651245888
2451393.662768591 1.0049914121627808 0.0002549678902141
2451393.741242168 1.0049269199371338 0.0002551015786593
2451393.8204101957 1.0049718022346497 0.00025531351275269996
2451393.8981893053 1.005015790462494 0.0002555393148213
2451393.9766628654 1.005061149597168 0.000255751190707
2451394.0551364203 0.9735173881053925 0.000252146681305
2451394.1329155145 0.8837538361549377 0.0002412010726402
2451394.2113890597 0.8193755149841309 0.0002329884882783
2451394.289862601 0.8403616845607756 0.00023584164591735
2451394.368336139 0.9267842173576356 0.000246828130912
2451394.4468096728 1.001122772693634 0.0002560048305895
2451394.5252832044 1.0050947666168213 0.0002567170886322
2451394.6037567332 1.0050220489501953 0.00025706827000245003
2451394.680146893 1.0051055550575256 0.0002574830577941
2451394.762787156 1.005212128162384 0.0002580225554993
2451394.8391773147 1.005300998687744 0.0002586639602668
2451394.9155674744 1.0053497552871704 0.0002593144308775
2451394.996124373 1.0053635835647583 0.0002597362035885
2451395.072514538 1.0052645206451416 0.0002599955187179
2451395.152376989 1.0054064989089966 0.00026024958060585
2451395.2266837964 1.0053746700286863 0.0002604520705062
2451395.30862963 1.0056118965148924 0.0002606078342068
2451395.387797649 1.0056240558624268 0.0002601284650154
2451395.4357151394 1.00576913356781 0.00025982652732630003
2451396.6621269127 1.005360186100006 0.0002548085612943
2451396.7197669186 1.0052932500839231 0.0002547970798332
2451396.798935114 1.0052806138992307 0.000254802434938
2451396.8774088454 1.0053365230560303 0.000254799000686
2451396.955882569 1.0055246353149414 0.000254829385085
2451397.0350507414 1.0054926872253416 0.0002548222546465
2451397.1121355323 1.0053443312644958 0.0002547889889683
2451397.190609228 1.0052906274795532 0.0002547846816014
2451397.269082913 1.0052826404571533 0.0002547831536503
2451397.3475565882 1.005311131477356 0.0002547847107052
2451397.426724709 1.005240559577942 0.0002547765325289
2451397.504503905 1.0052381753921509 0.000254772225162
2451397.582977546 1.0052080750465393 0.00025476476002945
2451397.6614511763 1.0051181316375732 0.0002547484764363
2451397.739924795 1.0052129626274109 0.0002547568728914
2451397.817703946 1.0050453543663025 0.000254739774391
2451397.8961775424 1.0051324367523191 0.0002547368931118
2451397.9746511276 1.0050531029701233 0.00025474105495955
2451398.053819158 1.0050435066223145 0.00025473831919949996
2451398.1322927205 1.0049885511398315 0.0002547115145716
2451398.2100718156 1.0049450397491455 0.0002547145122662
2451398.2885453566 1.0049147009849548 0.0002547059411881
2451398.3670188864 1.0049521923065183 0.0002547154435887
2451398.4454924054 1.0049524307250977 0.00025471398839725
2451398.523271458 1.0047622323036194 0.00025468617968725
2451398.6024394115 1.004887580871582 0.00025470618857065003
2451398.673968342 1.0048131942749023 0.0002546943724155
2451398.7586919195 1.0047175884246826 0.0002546869218349
2451398.8371653855 1.0047083497047424 0.00025469728279855
2451398.9156388417 1.004699945449829 0.0002547003678046
2451398.9948067428 1.0046321153640747 0.0002546889299992
2451399.072585723 1.004589319229126 0.0002546897740103
2451399.151059149 1.0046221017837524 0.00025468929379710004
2451399.229532564 1.0045894384384155 0.0002546866599004
2451399.30800597 1.0045536756515503 0.00025466999795745
2451399.38578491 1.0045364499092102 0.00025466189254075
2451399.4642582964 1.0044963359832764 0.0002546641917433
2451399.5427316725 1.0044453740119934 0.00025464897043995
2451399.6212050393 1.0040804147720337 0.0002546147734392
2451399.699678396 0.9267777502536774 0.00024508989008605
2451399.7781517436 0.8188987970352173 0.000231116413488
2451399.8566250815 0.8045347929000854 0.00022918783361085
2451399.934403956 0.8967235684394836 0.000241250883846
2451400.013571729 0.9993672966957092 0.00025404400366815
2451400.091350585 1.0043912529945374 0.00025462164194315
2451400.1698238854 1.0044137239456177 0.0002546212344896
2451400.2482971763 1.0045086741447449 0.00025463660131205
2451400.326770459 1.0044474601745603 0.0002546217583585
2451400.4052437316 1.0045239925384521 0.00025464236387044996
2451400.4837169955 1.004546046257019 0.0002546359901316
2451400.56219025 1.0044729709625244 0.00025463329802725
2451400.637885682 1.0044519901275637 0.0002546156174503
2451400.725386813 1.0046718120574951 0.0002546508039813
2451400.79760996 1.0045764446258545 0.0002546514442656
2451400.876083179 1.0047081112861633 0.00025467443629165003
2451400.953861936 1.0047227144241333 0.00025467741943425
2451401.032335137 1.0047591924667358 0.0002546695759519
2451401.1108083287 1.0047388672828674 0.00025467503292015
2451401.1892815125 1.0047308206558228 0.0002546697505749
2451401.2677546875 1.0047972202301023 0.00025467683735765003
2451401.346227853 1.0048763751983645 0.000254690850852
2451401.4247010103 1.0049139857292175 0.00025469847605560003
2451401.5031741587 1.0048447847366333 0.0002546881441958
2451401.5816472988 1.004885971546173 0.0002546788891777
2451401.66012043 1.0048544406890867 0.0002546863688621
2451401.7385935523 1.0048742890357971 0.00025468601961615
2451401.8163722144 1.0048512816429138 0.0002546887408243
2451401.8955397718 1.0048285126686096 0.00025467707018829997
2451401.971929512 1.0048484802246094 0.00025467950035815
2451402.051791505 1.0048755407333374 0.000254687940469
2451402.130264585 1.0048543214797974 0.0002546761388657
2451402.208737656 1.0048593282699585 0.0002546902978792
2451402.2879051706 1.0048764944076538 0.0002546756877563
2451402.365683773 1.0049195289611816 0.0002546875330153
2451402.444156819 1.0049588680267334 0.0002546946780057
2451402.521935405 1.0049527883529663 0.000254672311712
2451402.600408434 1.0049575567245483 0.0002546734758652
2451402.6719369404 1.0048022270202637 0.00025464486679985
2451402.7580489186 1.004891574382782 0.00025469090905965
2451402.835827471 1.0049909353256226 0.00025469290267205
2451402.9143004664 1.0049442052841189 0.0002546863979659
2451402.9927734537 1.005001664161682 0.00025469262618565
2451403.070551981 1.0049484968185425 0.00025470035325265
2451403.149024952 1.0050654411315916 0.0002546938485465
2451403.2281923653 1.0049760341644287 0.0002546928590163
2451403.3059708686 1.0050762891769407 0.0002547035401221
2451403.384443814 1.0051062107086182 0.00025469948013775003
2451403.4629167514 1.0051219463348389 0.0002547049662098
2451403.5413896805 1.0049974918365479 0.0002546911564422
2451403.6191681507 1.0050220489501953 0.00025469288812015
2451403.6983355135 1.0050548315048218 0.00025469301908735
2451403.776808418 1.0050899982452393 0.0002546921023167
2451403.855281314 1.0050871968269348 0.00025469748652535
2451403.932365301 1.0050965547561643 0.0002546845353208
2451404.011532631 1.0051370859146118 0.0002546881441958
2451404.090005502 1.0050619840621948 0.00025468457897655
2451404.1684783655 1.0049821138381958 0.0002546844189055
2451404.24764567 1.0050708055496216 0.0002547009207773
2451404.3254240667 1.004948973655701 0.0002546706818975
2451404.4038969055 1.0048975944519043 0.00025465604267079997
2451404.482369736 1.0049446821212769 0.0002546563919167
2451404.559453658 1.0049707889556885 0.00025466806255275
2451404.640704271 1.0049192905426023 0.0002546369214542
2451404.7219548747 1.0049543976783752 0.00025467496016055
2451404.7955665253 1.0049176812171936 0.0002546848118072
2451404.874039314 1.0048179626464844 0.0002546820032875
2451404.9525120957 1.0048324465751648 0.00025468549574719996
2451405.0309848688 1.0048632621765137 0.0002546879695728
2451405.1087631844 1.0048909187316897 0.0002546830801293
2451405.1879303902 1.0049498081207275 0.0002547000476624
2451405.2664031386 1.0049746632575989 0.00025470445689275
2451405.34418143 1.0049139261245728 0.0002546920732129
2451405.4226541626 1.0048872232437132 0.0002546888426877
2451405.5011268863 1.0048059225082397 0.0002546695177443
2451405.580294051 1.0048738718032837 0.00025467836530875
2451405.6580723105 1.004997730255127 0.00025469066167715
2451405.7365450105 1.00504469871521 0.0002546999894548
2451405.813628805 1.004960536956787 0.0002546762989368
2451405.892795937 1.0049880743026733 0.00025468699459450003
2451405.9712686124 1.0049121379852295 0.0002546777541283
2451406.0497412803 1.0049229264259338 0.0002546866599004
2451406.1282139393 1.0050916671752927 0.0002546846226323
2451406.1921031782 1.004893779754639 0.0002546750183682
2451410.9275387595 1.0010294318199158 0.0002529369521653
2451410.9935113317 0.9984547495841982 0.0002529265475459
2451411.068511722 0.9985393285751344 0.0002528977347537
2451411.145595447 0.99827516078949 0.0002528746699681
2451411.2254569535 0.9985151290893554 0.0002528769546188
2451411.303929553 0.9995583891868591 0.0002528799523133
2451411.382402141 0.9997093081474304 0.0002528816403355
2451411.4601802696 1.0000702142715454 0.0002528804179746
2451411.5386528345 1.001207947731018 0.0002528805052861
2451411.6164309396 1.0021068453788757 0.00025290208577640003
2451411.694903481 1.002502202987671 0.0002529115590732
2451411.7733760104 1.003188967704773 0.00025290111079805
2451411.8518485273 1.004246950149536 0.0002529191260691
2451411.930321033 1.0046197175979614 0.0002529115736251
2451412.0080990796 1.0050330758094788 0.0002529170014895
2451412.0872660084 1.0054513216018677 0.000252897341852
2451412.165044032 1.006071388721466 0.00025289463519579997
2451412.2365720263 1.006129026412964 0.0002528908080421
2451412.3219889384 1.005906343460083 0.00025287915195795004
2451412.4004613752 1.0066107511520384 0.0002528744516894
2451412.4789338 1.0065306425094604 0.00025284786534025003
2451412.557406214 1.007187247276306 0.0002528731711208
2451412.6365730627 1.007509469985962 0.0002528710174374
2451412.714351009 1.00775408744812 0.0002528694167267
2451412.79282339 1.0081438422203064 0.0002528572949813
2451412.8712957604 1.0088063478469849 0.0002528672921471
2451412.9497681204 1.0091528296470642 0.00025285706215064996
2451413.027546024 1.0089693069458008 0.00025283849390685
2451413.106018363 1.0095573663711548 0.0002528524491935
2451413.184490692 1.0100190043449402 0.0002528380136936
2451413.260879674 1.0102342367172241 0.00025283805734935
2451413.341435318 1.0104001760482788 0.0002528273616917
2451413.419907616 1.0108110904693604 0.0002528399636503
2451413.4983799034 1.0108031630516052 0.00025283411378035
2451413.5768521815 1.0106525421142578 0.000252818717854
2451413.655324449 1.0107019543647766 0.00025280781846955
2451413.733102262 0.9642328321933746 0.0002471623010933
2451413.8115745108 0.848268449306488 0.0002324661327293
2451413.8900467493 0.8048614263534546 0.00022669497411689999
2451413.9733800893 0.8773692846298218 0.00023628143389935
2451414.0483800857 0.9872294664382935 0.00024995101557575
2451414.1240745177 1.0114905834197998 0.0002527981996536
2451414.204630051 1.011526107788086 0.0002527999458834
2451414.282407797 1.0113956928253172 0.0002527931355871
2451414.360185534 1.0112123489379885 0.0002527805336285
2451414.437963262 1.0107611417770384 0.0002527827164158
2451414.517824312 1.010982871055603 0.00025279146211685003
2451414.5956020216 1.0116376876831055 0.00025281676789739996
2451414.674074165 1.0112344026565552 0.0002527979668229
2451414.7525463 1.0113908052444458 0.00025279287365259997
2451414.8310184255 1.011467695236206 0.0002528041659388
2451414.908796098 1.011295199394226 0.0002528242766857
2451414.990045979 1.010680377483368 0.00025279840338035
2451415.0664347466 1.0105519890785217 0.0002528053882997
2451415.145601279 1.0109844207763672 0.0002528115001041
2451415.2247678023 1.0111167430877686 0.00025282928254450005
2451415.301156544 1.0105324387550354 0.0002528118930058
2451415.379628606 1.010849952697754 0.0002528289041947
2451415.45810066 1.010937511920929 0.0002528271870687
2451415.5365727036 1.010627031326294 0.0002528227632865
2451415.615044739 1.0106757879257202 0.00025282113347195
2451415.6935167657 1.0104480981826782 0.0002528173208702
2451415.7719887835 1.0101499557495117 0.0002528112236177
2451415.8504607924 1.0102880001068115 0.0002528136537875
2451415.9289327925 1.0100746750831604 0.0002528301120037
2451416.006710342 1.0097843408584595 0.0002528174227336
2451416.0851823245 1.0094960927963257 0.0002528116456232
2451416.1636542985 1.009248971939087 0.0002528100740164
2451416.242126264 1.0092504024505615 0.0002528200857341
2451416.3205982205 1.0090448260307312 0.00025282271963075
2451416.399070169 1.0088032484054563 0.0002528316690586
2451416.477542108 1.008295476436615 0.0002528135955799
2451416.5560140386 1.008206129074097 0.0002528303884901
2451416.634485961 1.008132815361023 0.0002528316108509
2451416.712263433 1.0077886581420898 0.00025281775742765
2451416.7907353374 1.007349729537964 0.0002528099867049
2451416.869207234 1.0069828629493713 0.00025280549016315
2451416.9525402123 1.0056062936782837 0.0002527936303522
2451417.040039829 1.0044981837272644 0.00025281595299015
2451417.105317313 1.0048397183418274 0.0002527945034671
2451417.185178058 1.0046385526657104 0.0002528014010749
2451417.255316618 1.0043946504592896 0.00025278577231799997
2451417.335871787 1.0042595863342285 0.00025279579858755003
2451417.419899152 1.003265619277954 0.0002527761971578
2451417.4990654215 1.0033586025238037 0.000252791767707
2451417.5747594777 1.003557562828064 0.00025280078989450003
2451417.6532312892 1.0030583143234253 0.0002528072800487
2451417.731008651 1.0027226209640503 0.000252800178714
2451417.809480446 1.0023954510688782 0.00025280963745895
2451417.8886466725 1.002204716205597 0.00025281652051484997
2451417.9671184504 1.0017772912979124 0.0002528107725083
2451418.04559022 1.0016433000564575 0.00025283452123400004
2451418.1240619808 1.0012831687927246 0.0002528307959437
2451418.202533733 1.000872552394867 0.00025281911075575
2451418.2796165966 1.0007447004318235 0.0002528400509618
2451418.358782773 1.0003634691238403 0.0002528269833419
2451418.4372545 1.000080406665802 0.00025282977730965
2451418.483781981 0.999731719493866 0.0002528277691453
2451421.218481602 0.9944366216659546 0.0002413239853922
2451421.2587589733 0.9938968420028688 0.0002411583991488
2451421.338619272 1.0024045705795288 0.00024291278532469999
2451421.416396252 1.0133745670318604 0.00024533680698365
2451421.4948676615 1.0208762884140017 0.0002473859349265
2451421.5740335006 1.0258817672729492 0.000248973374255
2451421.6518104584 1.0286870002746582 0.0002500175905879
2451421.730281846 1.0295520424842834 0.00025076008751055
2451421.808753227 1.0291825532913208 0.0002512574428692
2451421.8872246016 1.0280653238296509 0.00025162556266870005
2451421.9656959693 1.0269480943679807 0.0002518854453228
2451422.0441673314 1.0260799527168274 0.0002520861307857
2451422.1219442505 1.023503601551056 0.00025206725695165
2451422.2004156015 0.953332245349884 0.0002438527299091
2451422.278886948 0.8628160655498505 0.0002329782728338
2451422.3573582894 0.8345395922660828 0.0002299359475728
2451422.435829627 0.8905431926250458 0.0002381465019425
2451422.514300962 0.9812251925468444 0.0002501655835658
2451422.5927722943 1.0191489458084106 0.000255538514466
2451422.6483272193 1.019230842590332 0.00025642415857869997
2451424.5746975355 1.0071240663528442 0.0002528042532503
2451424.6309470623 1.0070335865020752 0.0002528166805859
2451424.709418617 1.0068416595458984 0.00025282482965845
2451424.7878901623 1.0067896842956543 0.0002528210752643
2451424.862195067 1.00673508644104 0.0002528139884816
2451424.9531664792 1.0062766075134275 0.0002528065815567
2451425.0226102956 1.0067332983016968 0.0002528326876927
2451425.0989984823 1.0066673755645752 0.0002528288168832
2451425.1830254756 1.0068026185035706 0.00025282967544625
2451425.258024764 1.0073320865631104 0.00025281120906579997
2451425.3364962297 1.0078285932540891 0.0002528350451029
2451425.414967684 1.0077388286590576 0.00025282855494875
2451425.4934391268 1.0072766542434692 0.0002528221812099
2451425.5726049948 1.0080289840698242 0.0002528329496271
2451425.6503819763 1.0084767341613767 0.0002528301847632
2451425.728158947 1.0084701776504517 0.0002528418262954
2451425.8073247806 1.0084707736968994 0.0002528283803258
2451425.885796165 1.0087440609931946 0.0002528235636418
2451425.963573102 1.008739173412323 0.00025283898867195
2451426.0420444645 1.0093073844909668 0.0002528418845031
2451426.120515816 1.0094754099845886 0.00025282893329855
2451426.1989871566 1.0094412565231323 0.0002528402546886
2451426.277458486 1.009446144104004 0.0002528264158172
2451426.355929805 1.0092902183532717 0.0002528211043681
2451426.4344011135 1.0097777843475342 0.00025283306604245
2451426.512872411 1.0098344087600708 0.0002528301556594
2451426.591343698 1.0095858573913574 0.0002528364420868
2451426.669814975 1.0094324350357056 0.0002528342301957
2451426.7482862417 1.0094014406204221 0.00025282314163625004
2451426.826063062 1.0093623995780945 0.0002528243348933
2451426.9045343082 1.0096025466918943 0.0002528254408389
2451426.983005544 1.0096583366394043 0.00025280770205425
2451427.0614767703 1.0097066164016724 0.0002527953183744
2451427.1399479867 1.0098031163215637 0.00025279294641219997
2451427.2184191933 1.009713649749756 0.0002527788456063
2451427.29689039 1.0095990896224976 0.00025277503300449996
2451427.3753615767 1.0094133615493774 0.0002527539327275
2451427.453832754 1.0095852613449097 0.00025277207896575
2451427.5316094863 1.0093570947647095 0.00025276422093150003
2451427.6156361243 1.0092753171920776 0.0002527640317566
2451427.688551794 1.0095037817955017 0.00025277500390069997
2451427.7670229324 0.9888040423393248 0.0002502749557606
2451427.8454940626 0.8757605850696564 0.00023614649398945
2451427.923965183 0.803006112575531 0.0002266682422487
2451428.003130729 0.8419264554977418 0.0002318187180208
2451428.080212962 0.955363392829895 0.00024623310309829997
2451428.1593784895 1.0091590285301208 0.0002527503529563
2451428.2371551385 1.0092390179634094 0.00025276986707465
2451428.314931779 1.0088015198707583 0.00025276190717699997
2451428.3940972793 1.008877158164978 0.0002527596225263
2451428.472568336 1.0087807178497314 0.0002527457254473
2451428.5510393837 1.0083317160606384 0.00025274489598809996
2451428.628815989 1.0083065032958984 0.00025276168889824997
2451428.7072870187 1.0081514120101929 0.0002527404867578
2451428.786452473 1.008186101913452 0.0002527468313928
2451428.8649234856 1.0078487992286682 0.0002527417236706
2451428.9433944887 1.007652759552002 0.0002527467440813
2451429.0218654834 1.007572591304779 0.00025274799554605
2451429.0996420356 1.007608950138092 0.00025275480584235
2451429.1781130126 1.0071942806243896 0.0002527442120481
2451429.2565839808 1.0070958137512207 0.0002527370379539
2451429.3350549405 1.00714910030365 0.0002527435717638
2451429.4135258915 1.006778359413147 0.00025274629297195
2451429.491996834 1.0066633224487305 0.0002527486358303
2451429.5704677682 1.0065306425094604 0.00025274897052435
2451429.648938693 1.0064319372177124 0.0002527543692849
2451429.72740961 1.0062469840049744 0.00025274844665539996
2451429.8051860854 1.0057818293571472 0.0002527319156797
2451429.883656985 1.0055564641952517 0.0002527418837416
2451429.9621278765 1.0052343606948853 0.0002527346950955
2451430.040598759 1.005013108253479 0.0002527374890632
2451430.119069633 1.0046586990356445 0.00025273444771295
2451430.1975404993 1.003896117210388 0.0002527126634959
2451430.2760113566 1.0037028789520264 0.00025270530022675
2451430.3544822056 1.003264307975769 0.0002527002652641
2451430.432953046 1.003114938735962 0.00025269799516535
2451430.5114238784 1.0029010772705078 0.0002526928437873
2451430.5947557264 1.0034339427947998 0.0002527276810724
2451430.667671086 1.004190981388092 0.0002527538017602
2451430.746141893 1.0041649341583252 0.0002527537290006
2451430.824612692 1.003953754901886 0.0002527550823288
2451430.9030834828 1.003869891166687 0.0002527594624552
2451430.981554265 1.0038800835609436 0.00025276155793105
2451431.060025039 1.003790020942688 0.0002527531178202
2451431.1384958047 1.0036830306053162 0.0002527566684875
2451431.216966562 1.0033875703811643 0.0002527596370782
2451431.2954373113 1.0030387043952942 0.0002527583710616
2451431.373213621 1.0030047297477722 0.00025276465748895
2451431.4516843534 1.0028839111328125 0.0002527460455894
2451431.530155078 1.0028985738754272 0.00025275780353690004
2451431.6086257943 1.0026975870132446 0.0002527605101931
2451431.687096502 1.0025720596313477 0.00025275870575565
2451431.765567202 1.0024554729461668 0.0002527363540139
2451431.8440378937 1.0025553703308105 0.00025274272775270004
2451431.922508577 1.0024999380111694 0.0002527442702557
2451432.000979252 1.0026887655258179 0.0002527526812627
2451432.079449919 1.0028852224349976 0.0002527665928937
2451432.157920578 1.003169298171997 0.0002527594333514
2451432.235696798 1.0033121705055237 0.0002527597971493
2451432.314167441 1.003240942955017 0.0002527762553654
2451432.392638075 1.0033400654792786 0.0002527714968891
2451432.471108701 1.003423094749451 0.0002527670294512
2451432.5495793195 1.0033135414123535 0.0002527636388549
2451432.6280499287 1.0032459497451782 0.0002527577744331
2451432.706520531 1.0027642250061035 0.00025274514337064995
2451432.784991124 1.00256085395813 0.0002527395263314
2451432.8634617096 1.0024726390838623 0.0002527218020986
2451432.9412378566 1.0024027228355408 0.00025272884522560004
2451433.0197084257 1.0023328065872192 0.0002527264296077
2451433.0981789865 1.0025819540023804 0.0002527319884393
2451433.1766495397 1.0028666257858276 0.0002527208125684
2451433.255120084 1.0034671425819397 0.00025272996572304996
2451433.3335906207 1.0036407709121704 0.0002527272736188
2451433.4120611493 1.003830075263977 0.0002527194010326
2451433.4905316695 1.0034546852111816 0.0002527061733417
2451433.564141176 1.003812551498413 0.0002527051256038
2451433.647472685 1.0061073303222656 0.0002527593460399
2451433.725943181 1.0067194700241089 0.000252775294939
2451433.80371924 1.0067173838615417 0.00025276224187105
2451433.8821897195 1.0073211193084717 0.0002527717151679
2451433.960660191 1.0077519416809082 0.00025276513770215
2451434.039130654 1.008020520210266 0.0002527738688513
2451434.1176011097 1.0082067847251892 0.0002527681208448
2451434.1960715563 1.0087116956710815 0.0002527671749703
2451434.2745419955 1.009240746498108 0.00025276553060389997
2451434.3530124263 1.0095638036727903 0.0002527343167457
2451434.431482849 1.0101096630096436 0.00025275089137715
2451434.5092588356 1.0106611847877502 0.00025277120585085
2451434.5877292426 1.0111697912216189 0.0002527717442717
2451434.6661996413 1.0118772387504578 0.0002527827309677
2451434.744670032 1.012021780014038 0.0002527662436477
2451434.8231404154 1.012152910232544 0.00025273876963175
2451434.90161079 1.0127763748168943 0.0002527443284634
2451434.980081157 1.0134942531585693 0.00025275256484740005
2451435.0585515164 1.014121890068054 0.0002527535834815
2451435.1370218676 1.0145914554595947 0.00025276218366334995
2451435.215492211 1.0151447057724 0.0002527516917325
2451435.293962547 1.015525460243225 0.0002527509641367
2451435.371738448 1.0160935521125793 0.0002527443575672
2451435.449514341 1.0169442892074585 0.00025274731160605
2451435.528679082 1.0173509120941162 0.0002527442411519
2451435.6071493886 1.0177688598632812 0.0002527307078707
2451435.6856196877 1.0179356932640076 0.0002527211909182
2451435.76408998 1.0182667970657349 0.0002527211909182
2451435.8425602657 1.0188793540000916 0.0002527234901208
2451435.9210305447 1.019221782684326 0.0002527087053749
2451435.999500818 1.0196155309677124 0.00025269201432815
2451436.0772766583 1.0203545093536377 0.0002526994649088
2451436.1557469205 1.0205527544021606 0.0002526830066926
2451436.234217178 0.9749036431312562 0.0002472547203069
2451436.3126874315 0.8838497996330261 0.0002362554223509
2451436.391157681 0.8363277316093445 0.00023081185645420002
2451436.469627929 0.8716670870780944 0.0002363412932027
2451436.5467093205 0.9603089094161985 0.000248655109317
2452115.9087755806 1.0083900094032288 0.0002534773084335
2452115.9719720557 1.0083670616149902 0.0002534385712351
2452116.04627998 1.0081921815872192 0.0002534102386562
2452116.1247546785 1.0082732439041135 0.0002534373779781
2452116.2032293538 1.0084243416786194 0.00025346566690124996
2452116.2817040044 1.0083651542663574 0.0002534577215556
2452116.360873097 1.0082908868789673 0.0002534579543862
2452116.4386532363 1.0058968067169187 0.0002531165955588
2452116.5171278184 0.9091603457927704 0.0002411684108665
2452116.59560238 0.8111497759819031 0.0002283488138346
2452116.673382456 0.8166803121566771 0.000229097349802
2452116.751856977 0.9214875400066374 0.0002427184663247
2452116.8303314787 1.007751226425171 0.0002533729712013
2452116.908805962 1.0080855488777163 0.00025342311710115
2452116.9872804275 1.0081936120986938 0.0002534252416808
2452117.0657548755 1.008155882358551 0.00025343678134955
2452117.144229307 1.0081126689910889 0.0002534322557039
2452117.2227037223 1.0081193447113037 0.0002534364466555
2452117.3011781215 1.0081715583801267 0.0002534404338803
2452117.3796525053 1.0080789923667908 0.0002534254599595
2452117.4574324107 1.008050799369812 0.0002534215309424
2452117.5359067656 1.0081439018249512 0.0002534478844609
2452117.6143811056 1.0082032084465027 0.00025344594905615
2452117.6928554326 1.0081068277359009 0.0002534376399125
2452117.7713297457 1.0081190466880798 0.00025342665321655003
2452117.8498040456 1.0080766677856443 0.0002534248342271
2452117.9282783326 1.0081403851509094 0.00025342655135315
2452118.0067526065 1.0079597234725952 0.0002534094674047
2452118.0852268683 1.0079997181892395 0.00025341799482695
2452118.163006656 1.0079394578933716 0.00025341195578215
2452118.2414808935 1.008007764816284 0.0002534072264097
2452118.3199551194 1.0080143213272095 0.00025341330911024995
2452118.3984293337 1.0079762935638428 0.0002534091472625
2452118.476903537 1.0079843401908875 0.00025341665605079996
2452118.5553777283 1.008065700531006 0.0002534229133743
2452118.6345463707 1.0078949928283691 0.0002534034720156
2452118.712326079 1.0079628229141235 0.0002534133964218
2452118.790800238 1.0080754160881042 0.00025341138825745
2452118.869274386 1.008041262626648 0.0002534262021072
2452118.947748524 1.0079198479652405 0.0002534118975745
2452119.0255281907 1.0080184340476988 0.000253430873272
2452119.104002308 1.0079331398010252 0.0002534041996113
2452119.1824764153 1.0079679489135742 0.0002534108352847
2452119.2609505123 1.007995367050171 0.0002534014929551
2452119.3394246 1.0079320073127747 0.00025340662978120003
2452119.4178986773 1.0081056356430051 0.0002534247760195
2452119.496372745 1.007966160774231 0.00025341310538345
2452119.574846803 1.0079727172851562 0.0002534125524107
2452119.6533208517 1.0078226923942566 0.00025340139109175
2452119.7311004307 1.0079994201660156 0.0002534151863073
2452119.80957446 1.0080155134201048 0.0002534072264097
2452119.8880484807 1.0079866647720337 0.00025341499713245
2452119.966522492 1.0079466104507446 0.0002534074301365
2452120.044996494 1.0078992247581482 0.00025339158310085
2452120.123470487 1.00775945186615 0.0002533844963181
2452120.2019444713 1.0079596042633057 0.00025340358843095004
2452120.280418446 1.0080054998397827 0.0002534060331527
2452120.358892412 1.0079323053359985 0.0002533910592319
2452120.4366719094 1.007986605167389 0.0002534049272071
2452120.5151458583 1.0079683065414429 0.0002534009108785
2452120.5936197974 1.007943570613861 0.00025339753483415
2452120.6713992693 1.007921576499939 0.00025339756393799996
2452120.7505676514 1.0077626705169678 0.00025338670820925
2452120.829041565 1.0078711509704588 0.0002533929655328
2452120.90751547 1.0079795122146606 0.0002533826045691
2452120.9859893667 1.0079243183135986 0.00025338245905
2452121.064463255 1.0078791379928589 0.00025337067199865
2452121.1422426756 1.0078282952308655 0.0002533821534598
2452121.220716547 1.0077842473983765 0.0002533776278141
2452121.29919041 1.007792353630066 0.00025338790146625
2452121.3776642648 1.0076504945755005 0.0002533537626732
2452121.4561381117 1.007809340953827 0.0002533869410399
2452121.5346119497 1.0077666044235227 0.0002533702936489
2452121.6130857794 1.0076541304588318 0.00025335625105065004
2452121.6915596016 1.0076913833618164 0.0002533459046389
2452121.7700334154 1.0075809955596924 0.00025333647499785003
2452121.8478127625 1.0077040791511536 0.00025335488317065
2452121.92628656 1.0078002214431765 0.0002533521619625
2452122.004760349 1.007625699043274 0.00025334564270444997
2452122.083234131 1.007555603981018 0.0002533497172407
2452122.161707904 1.0076192617416382 0.00025335380632895
2452122.24018167 1.007582664489746 0.0002533553051762
2452122.3186554275 1.0076386928558347 0.00025334146630480003
2452122.397129177 1.0076724290847778 0.0002533413644414
2452122.475602919 1.0076668858528137 0.00025335433019785
2452122.5596323153 1.0077432394027708 0.0002533939259592
2452122.6325503783 1.0077417492866516 0.0002534090017434
2452122.7103296393 1.007667601108551 0.00025340414140365
2452122.7888033497 1.007727026939392 0.0002534128143452
2452122.8672770523 1.0077899098396301 0.00025342142907895
2452122.945750748 1.007761001586914 0.0002534162194933
2452123.024224435 1.0076638460159302 0.0002534078375902
2452123.1026981142 1.0076453685760498 0.0002534029190428
2452123.181171786 1.0077595114707947 0.0002534082450438
2452123.2596454504 1.0077532529830933 0.0002534093509893
2452123.3381191073 1.007754921913147 0.0002534149825805
2452123.415898299 1.0076788067817688 0.00025339546846220003
2452123.4943719404 1.0076708793640137 0.0002533956139814
2452123.5735400314 1.0076946020126345 0.0002534083905629
2452123.651319201 1.0077799558639526 0.000253417645581
2452123.7297928194 1.0078212022781372 0.00025343394372610004
2452123.808266431 1.007830500602722 0.0002534178493078
2452123.8867400354 1.0077534317970276 0.00025341803848275
2452123.9652136313 1.0077496767044067 0.0002534198283683
2452124.0436872207 1.0078226923942566 0.00025342598382844996
2452124.1214663456 1.0077636241912842 0.0002534199447836
2452124.19993992 1.0077766180038452 0.0002534203231334
2452124.2784134867 1.00777268409729 0.00025342503795395003
2452124.3568870467 1.0076651573181152 0.0002534170926082
2452124.435360599 1.0076897740364075 0.00025341949367425
2452124.513834144 1.0077623128890991 0.0002534110681153
2452124.592307682 1.0077669024467468 0.00025342620210715
2452124.6707812124 1.007681131362915 0.0002533965453039
2452124.749254736 1.0076098442077637 0.0002533912629587
2452124.8270337963 1.007602334022522 0.00025339321291535004
2452124.9055073056 0.9839606285095216 0.0002505285665392
2452124.9839808075 0.8949891328811646 0.00023939137463454998
2452125.062454303 0.824808359146118 0.0002302331849932
2452125.140927791 0.8367351889610289 0.00023177116963775
2452125.219401272 0.9198753237724304 0.0002424517442705
2452125.297874746 0.9995227754116058 0.0002524097944842
2452125.3763482133 1.0075606107711792 0.0002533815859351
2452125.454821674 1.0074570178985596 0.00025338443811045
2452125.533295127 1.0074814558029177 0.0002533871447667
2452125.6117685745 1.0076063871383667 0.00025340059073635
2452125.6895475592 1.007634162902832 0.0002534096856834
2452125.7680209926 1.0075950622558592 0.0002534090017434
2452125.84649442 1.0075163841247559 0.0002534286031732
2452125.9249678403 1.007514715194702 0.0002534587983973
2452126.003441254 1.007593810558319 0.0002535001985961
2452126.081914662 1.0074986219406128 0.0002535243984311
2452126.1603880636 1.0076196789741516 0.0002535707317292
2452126.2388614584 1.0076674222946167 0.0002535853709559
2452126.3173348475 1.0076022744178772 0.00025359920982730003
2452126.3951137755 1.007493257522583 0.00025360990548505
2452126.4735871525 1.0076434612274168 0.0002537521359045
2452126.552060524 1.0075992345809937 0.00025385741901115
2452126.63053389 1.0074051618576048 0.0002539299603085
2452126.70900725 1.0076484084129333 0.0002540140994824
2452126.787480605 1.007580041885376 0.0002541388967074
2452126.865953954 1.0076563358306885 0.0002542879956308
2452126.944427299 1.007652759552002 0.000254414306255
2452127.0229006386 1.0077354311943054 0.0002545310853747
2452127.1006795196 1.0076311230659485 0.00025465451471965
2452127.17915285 1.0076817274093628 0.000254801911069
2452127.257626177 1.0077099800109863 0.00025483316858295
2452127.3360995 1.007554292678833 0.0002548690245021
2452127.414572819 1.007599890232086 0.00025508867111055
2452127.4930461356 1.0077046155929563 0.0002555375685915
2452127.5499913725 1.0076287984848022 0.0002559845161158
2452130.242396404 1.007597029209137 0.00025337394617960004
2452130.3153144326 1.0076237916946411 0.0002533749211579
2452130.3937880993 1.0075782537460327 0.00025333823577965
2452130.472261743 1.0074012279510498 0.0002533311198931
2452130.5507353647 0.9415905177593229 0.0002452086337143
2452130.629208964 0.8285449147224425 0.0002306397509528
2452130.7076825416 0.8032941520214081 0.00022723615256835
2452130.786156097 0.8887305259704589 0.0002385334810242
2452130.8639351754 0.9961960315704343 0.0002519990957807
2452130.94240869 1.0076637864112854 0.0002533571532694
2452131.0208821846 1.0076308250427246 0.0002533443912398
2452131.0993556594 1.0075745582580566 0.00025334343081335
2452131.177829116 1.0075637102127075 0.0002533336810301
2452131.256302554 1.0076584815979004 0.0002533460501581
2452131.334775975 1.0077475309371948 0.0002533636288717
2452131.413249378 1.0077029466629028 0.0002533555525587
2452131.4917227644 1.0076820850372314 0.0002533474180381
2452131.5701961345 1.0076375007629395 0.00025334287784055
2452131.647975034 1.007614254951477 0.00025332596851510003
2452131.726448373 1.0076371431350708 0.0002533386577852
2452131.8049216964 1.0077532529830933 0.00025335288955824996
2452131.883395005 1.0076487064361572 0.0002533304796088
2452131.961868299 1.007649004459381 0.00025333072699135
2452132.040341579 1.0077531337738037 0.0002533489314373
2452132.118814845 1.007709801197052 0.00025333977828260004
2452132.1972880973 1.0078582763671875 0.000253363396041
2452132.275761336 1.0078157782554626 0.0002533569495426
2452132.3535401085 1.007764220237732 0.0002533391525503
2452132.432013321 1.0076706409454343 0.0002533255028538
2452132.5104865218 1.0077511072158813 0.00025333678058809996
2452132.5889597093 1.0077059268951416 0.0002533329825382
2452132.667432884 1.0077682733535767 0.000253327350947
2452132.7459060475 1.0076829195022583 0.0002533291117288
2452132.8243791987 1.007751226425171 0.00025332804943895
2452132.9028523383 1.007818818092346 0.0002533408987801
2452132.9813254657 1.0076712369918823 0.0002533056103857
2452133.0591041297 1.0078115463256836 0.00025334017118435
2452133.137577235 1.0077370405197144 0.000253313279245
2452133.2160503287 1.0077464580535889 0.00025333694065915
2452133.294523411 1.0077368021011353 0.0002533294027671
2452133.3729964825 1.0076900124549866 0.00025331370125055
2452133.4514695434 1.0077855587005615 0.0002533351362217
2452133.5299425935 1.0076664090156555 0.0002533172664698
2452133.6084156325 1.0077857971191406 0.0002533275110181
2452133.6868886612 1.0077025294303894 0.0002533245860831
2452133.76536168 1.0077607631683347 0.0002533357474021
2452133.843834688 1.007787823677063 0.000253345206147
2452133.921613234 1.0076334476470947 0.00025330237986045
2452134.0000862223 1.0076613426208496 0.0002532807411625
2452134.0785591993 1.0076667070388794 0.0002533061488065
2452134.1570321675 1.0077457427978516 0.0002533142687752
2452134.235505125 1.0077424049377441 0.00025331205688409997
2452134.3139780727 1.0076721906661987 0.000253301608609
2452134.3924510106 1.0076903700828552 0.0002533080114517
2452134.470923939 1.0076453685760498 0.0002532911021262
2452134.549396857 1.0077468156814575 0.00025330884091085
2452134.6264808653 1.007596135139465 0.0002532801299821
2452134.705648215 1.0076515674591064 0.0002532913349568
2452134.7841211054 1.0075474381446838 0.0002532793732825
2452134.862593986 1.0074567794799805 0.0002532796061132
2452134.941066857 1.0076274871826172 0.00025327451294285003
2452135.019539719 1.0075689554214475 0.0002532902872189
2452135.098012571 1.0075480341911316 0.0002532922662794
2452135.176485415 1.007575273513794 0.0002532867656555
2452135.254958249 1.0075465440750122 0.00025328715855719997
2452135.3327366244 1.007613718509674 0.00025329813070125
2452135.4112094403 1.0077241659164429 0.0002533340011723
2452135.4896822474 1.0076279640197754 0.00025330578500865
2452135.5681550456 1.0076316595077517 0.0002533103979658
2452135.6466278345 1.007669150829315 0.00025329214986405
2452135.7251006146 1.0076156854629517 0.0002532904909458
2452135.803573386 1.0075085163116455 0.00025325953902205
2452135.882046148 1.0075604915618896 0.0002532764628995
2452135.9605189017 1.0075162053108215 0.00025324994930994997
2452136.0396860954 1.007523000240326 0.00025326134345955
2452136.117464382 1.0076265931129456 0.00025327257753815003
2452136.1959371096 1.007454514503479 0.0002532668586354
2452136.2730209306 1.0076618790626526 0.00025329401250925
2452136.3528825385 1.0075383186340332 0.0002532657526899
2452136.4292718936 1.007764458656311 0.0002532897051423
2452136.5084390356 1.0076839923858645 0.0002532567887101
2452136.5876061684 1.0076658725738523 0.0002532716607674
2452136.667467741 1.0075466632843018 0.00025324148009525
2452136.7389959246 1.0076558589935305 0.0002533041697461
2452136.8230241705 1.0077493786811829 0.000253348815022
2452136.900802372 1.0076707005500791 0.00025332794757554995
2452136.9792750143 1.0077449083328247 0.0002533441293053
2452137.0577476476 1.007773220539093 0.00025335147802245
2452137.136220273 1.0078036785125732 0.0002533511142246
2452137.2146928897 1.007703721523285 0.00025332804943895004
2452137.2931654984 1.0076686143875122 0.0002533316728658
2452137.3716380987 1.007785141468048 0.00025335118698415
2452137.4501106907 1.007690668106079 0.0002533326623961
2452137.528583274 1.0078098773956299 0.00025335788086519996
2452137.606361402 1.0077713131904602 0.0002533513470552
2452137.68483397 1.007825255393982 0.0002533563529141
2452137.763306529 1.0078638792037964 0.00025336378894275
2452137.8417790798 1.0077786445617676 0.0002533408987801
2452137.920251623 1.0077263712882996 0.00025333740632045
2452137.998724158 1.007805585861206 0.0002533528604544
2452138.0771966847 1.0077770948410034 0.00025333359371865
2452138.155669203 1.0077230930328367 0.0002533413644414
2452138.234141714 1.00766259431839 0.0002533249935368
2452138.3126142165 1.0077385902404783 0.0002533341175876
2452138.391086711 1.0077648758888245 0.0002533290244173
2452138.468864751 1.0078331232070923 0.00025336151884395
2452138.54733723 1.0076980590820312 0.0002533308579586
2452138.6258097 1.0077331066131592 0.0002533437800593
2452138.7042821636 1.0076909065246582 0.0002533365041017
2452138.7827546187 1.007631540298462 0.00025333509256594995
2452138.861227066 1.0075865983963013 0.0002533178776502
2452138.9396995055 0.9997199773788451 0.00025234816712325003
2452139.018171937 0.9199548959732056 0.0002425158745609
2452139.096644361 0.836572676897049 0.0002316907484782
2452139.174422331 0.8240556120872498 0.00023003869137019998
2452139.25289474 0.8938673734664917 0.0002391101443208
2452139.3313671406 0.983076125383377 0.00025029943208205
2452139.409839534 1.007720708847046 0.0002533348451834
2452139.48831192 1.0077036023139954 0.00025333737721660004
2452139.566784298 1.007778882980347 0.0002533375518396
2452139.645256669 1.0076327919960022 0.00025332314544355
2452139.723729032 1.0076247453689575 0.0002533276274334
2452139.8022013884 1.0077958703041077 0.00025334589008705
2452139.879979291 1.0077152848243713 0.0002533408551244
2452139.9591460777 1.0077798962593079 0.00025334215024485
2452140.0369239664 1.0078729391098022 0.00025335807004005
2452140.115396293 1.0079280138015747 0.0002533782680984
2452140.1938686124 1.0079808235168457 0.00025337417901025
2452140.2723409245 1.0080107450485227 0.0002533885126467
2452140.3508132305 1.0079665184020996 0.00025339899002570004
2452140.4292855286 1.008056640625 0.0002534316154196
2452140.50775782 1.007926344871521 0.00025344427558590004
2452140.5862301053 1.0080254077911377 0.0002534937520977
2452140.6647023833 1.008033275604248 0.00025352144439235
2452140.74248021 1.00809907913208 0.0002535545354476
2452140.820952475 1.0079826116561887 0.0002536182000767
2452140.899424734 1.0081145763397217 0.00025368314527435
2452140.9778969865 1.0081114768981931 0.0002537193649914
2452141.056369233 1.0081635117530823 0.0002537629625294
2452141.1348414733 1.0081715583801267 0.0002538693661335
2452141.213313708 1.008207380771637 0.0002539129200158
2452141.2917859377 1.0082921981811523 0.0002539460547268
2452141.3702581613 1.008149802684784 0.0002539754204917
2452141.448035936 1.0082398653030396 0.0002541619323892
2452141.5265081497 1.0081920623779297 0.000254404178122
2452141.6042859145 1.0081048011779783 0.0002545902098063
2452141.6834525643 1.0080717802047727 0.0002546770265325
2452141.761924765 1.0081400871276855 0.0002548877091612
2452141.8410914075 1.008046567440033 0.00025522327632639997
2452141.918869158 1.0080409049987793 0.00025565524992995003
2452141.9973413497 1.0081945657730105 0.0002559366112109
2452144.53137552 1.031333088874817 0.00025271471531589996
2452144.5820701797 1.002526879310608 0.0002485760196577
2452144.6626260583 0.8830612897872925 0.0002337089244974
2452144.7410985706 0.8274216651916504 0.0002266586161567
2452144.819571059 0.8808909058570861 0.0002338743506697
2452144.8980435254 0.9980067312717438 0.0002485817385604
2452144.977210415 1.0287798047065735 0.0002527244359953
2452145.0549883908 1.0275989770889282 0.0002527129690861
2452145.1334607913 1.0281920433044431 0.0002527295146137
2452145.211933172 1.0254944562911987 0.00025270813785025
2452145.289711087 1.024820625782013 0.0002527190081309
2452145.3681834284 1.0245554447174072 0.0002527065225876
2452145.446655751 1.0229751467704773 0.0002526957832742
2452145.5251280563 1.0221227407455444 0.0002527184260543
2452145.603600343 1.0225094556808472 0.0002527148899389
2452145.6820726134 1.021751880645752 0.0002527140604797
2452145.7605448673 1.0202431082725525 0.00025271686899935
2452145.839017105 1.016183376312256 0.000252729805652
2452145.9174893266 1.017020046710968 0.0002527151227695
2452145.9952670885 1.0162301659584045 0.00025271331833204996
2452146.0737392805 1.0140091180801392 0.0002526937460061
2452146.152211457 1.0138648748397827 0.0002527129399823
2452146.2306836196 1.0142830610275269 0.0002527149335946
2452146.309155768 1.0154498219490051 0.00025270755577365
2452146.387627903 1.014484405517578 0.0002527183387428
2452146.466100024 1.011663794517517 0.00025271266349585
2452146.5445721317 1.011760711669922 0.0002527004107832
2452146.6230442263 1.0106157064437866 0.00025269907200705
2452146.7008218654 1.008789837360382 0.0002527037286199
2452146.779293935 1.0092025995254517 0.0002526909520383
2452146.857765992 1.009876787662506 0.0002526973112253
2452146.936238037 1.008650779724121 0.0002526969765312
2452147.0147100696 1.0063775777816772 0.00025269383331754996
2452147.09318209 1.0055873394012451 0.000252692552749
2452147.1716540996 1.0061485767364502 0.00025270662445105
2452147.2501260974 1.0052170753479004 0.000252709724009
2452147.328598083 1.006574809551239 0.00025271042250095
2452147.4070700584 1.0050503015518188 0.0002527027390897
2452147.485542022 1.002490222454071 0.00025269133038815
2452147.5633195327 1.0030567049980161 0.0002527132310206
2452147.6417914745 1.0042318105697632 0.0002527077449485
2452147.7202634057 1.0050429105758667 0.00025268060562665
2452147.798040884 1.0055974125862122 0.00025270025071220004
2452147.8772072354 1.0049376487731931 0.0002526926109567
2452147.955679135 1.001998782157898 0.000252706289757
2452148.0341510237 1.0027271509170532 0.00025269675825255
2452148.1126229023 1.0031222105026243 0.0002526944736018
2452148.1917892117 1.002282738685608 0.0002526921743992
2452148.2688721875 1.0033627152442932 0.00025269579782610004
2452148.3473440357 1.0035799741744995 0.0002526866155676
2452148.425815874 1.002108633518219 0.00025269955222025
2452148.504287702 1.0005292892456057 0.0002526893222238
2452148.5827595205 1.0009946823120117 0.00025268197350665
2452148.661231329 1.0012879371643066 0.0002526894386392
2452148.739703128 1.0004128813743591 0.00025269860634575
2452148.8181749173 0.9995696544647216 0.0002526936586946
2452148.896646697 0.998729944229126 0.0002526826137909
2452148.975118467 0.9986788034439088 0.0002526812022551
2452149.053590228 0.9996156096458434 0.0002526905445847
2452149.131367539 1.0002758502960205 0.00025268246827175
2452149.209839281 0.9982531666755676 0.0002527016913518
2452149.288311014 0.999625563621521 0.0002526701719034
2452149.3667827374 0.9993704557418824 0.000252672994975
2452149.4452544516 0.9995673894882202 0.00025267196178895
2452149.5237261564 0.999703347682953 0.0002526650787331
2452149.6021978525 0.9987525641918182 0.000252669895417
2452149.680669539 0.9962403178215028 0.0002526796306483
2452149.759141217 0.9965526461601257 0.00025268371973645
2452149.8369184462 0.9944023489952087 0.0002526562748244
2452149.9153901064 0.9951656460762026 0.0002526583266444
2452149.993861757 0.9948870837688446 0.000252669211477
2452150.0723333997 0.9917534589767456 0.000252656842349
2452150.150805033 0.9966732561588287 0.0002526723255869
2452150.2292766576 0.9948397874832152 0.0002526497992221
2452150.307748273 0.9937440156936643 0.000252661993727
2452150.38621988 0.9946462512016296 0.0002526458119973
2452150.4646914783 0.9948088526725769 0.00025262687995559997
2452150.5424686293 0.9948504865169524 0.0002526438183849
2452150.6209402103 0.9988164901733398 0.000252628873568
2452150.699411783 0.9979542791843414 0.00025262161216225
2452150.7778833467 0.9952474236488342 0.0002526307071093
2452150.856354902 0.9943215548992158 0.00025263505813195
2452150.9403819563 0.9998840093612672 0.0002526581811252
2452151.013297987 1.0093836784362793 0.00025268961326215
2452151.091769517 1.0082983970642088 0.000252683967119
2452151.1702410383 1.0077672600746155 0.0002526902535464
2452151.248712552 1.0070079565048216 0.0002527049509808
2452151.32579518 1.008696436882019 0.00025270228798035
2452151.4049611143 1.0107336640357971 0.00025270554760935
2452151.4834326026 1.0106005668640137 0.0002526978205423
2452151.561904082 1.0099363923072815 0.0002526983007555
2452151.6403755536 1.0107313394546509 0.0002526938624214
2452151.718847017 1.0113959312438965 0.00025268140598195003
2452151.7966240346 1.0114458799362183 0.00025268663011955
2452151.8757899185 1.0117543935775757 0.00025268363242495
2452151.954261357 1.0107181072235107 0.0002526688331272
2452152.0327327875 1.009409487247467 0.00025266488955815
2452152.1105097723 1.0108192563056946 0.00025267290766345
2452152.1889811866 1.0120397806167605 0.0002526739262975
2452152.267452593 1.0108578205108643 0.0002526730677345
2452152.345923991 1.0104146003723145 0.0002526760508771
2452152.424395381 1.0096344947814941 0.0002526801545172
2452152.502866763 1.0104559659957884 0.0002526806201785
2452152.5813381374 1.0107371807098389 0.00025267904857164997
2452152.6598095032 1.012179970741272 0.0002526598982512
2452152.7382808616 1.0118458271026611 0.00025267367891495
2452152.8167522117 1.0111567974090576 0.0002526793687138
2452152.895223554 1.0122126936912537 0.00025268005265385
2452152.973000452 1.0138497352600098 0.00025262788403775
2452153.0514717787 0.9509382247924804 0.0002451543114148
2452153.1299430975 0.8601387143135071 0.0002336036486667
2452153.208414409 0.8262322545051575 0.0002291417913511
2452153.2868857123 0.8723342716693878 0.00023554330255135
2452153.365357008 0.9644390344619752 0.0002471779880579
2452153.443828296 1.0092447996139526 0.00025267760793210004
2452153.522299576 1.0091313123703003 0.0002526931348256
2452153.600770849 1.0099862813949585 0.00025270252081094997
2452153.678547678 1.0088981986045837 0.000252704398008
2452153.757018936 1.0106730461120603 0.0002526930184103
2452153.835490186 1.0122924447059631 0.00025271475897165
2452153.913961428 1.0115444660186768 0.0002527212782297
2452153.992432663 1.0098583102226257 0.00025272081256840005
2452154.070903891 1.0084353685379028 0.0002527362667024
2452154.149375112 1.0105241537094116 0.00025272999482690004
2452154.227846325 1.009363293647766 0.0002527270116843
2452154.3063175306 1.0064749121665955 0.0002527380856918
2452154.384094294 1.0085996389389038 0.00025274460494974997
2452154.4625654854 1.0075873136520384 0.0002527489850763
2452154.54103667 1.0062472224235535 0.00025273782375729995
2452154.6195078474 1.0073285102844238 0.0002527583856135
2452154.6979790176 1.0062205791473389 0.0002527545584598
2452154.7764501814 1.0042546987533567 0.0002527627511881
2452154.854921338 1.0052838921546936 0.00025277130771424996
2452154.933392488 1.0072715282440183 0.0002527622855268
2452155.011863631 1.0073125958442688 0.00025277877284675
2452155.0903347684 1.003833889961243 0.000252783880569
2452155.168805899 1.0034427046775818 0.00025278376415365
2452155.246582588 1.0021881461143494 0.00025279467809005
2452155.3250537063 1.0036014318466189 0.0002527846954762
2452155.403524818 1.0041931271553037 0.00025279654073525
2452155.481995924 1.0008437633514404 0.0002528062905184
2452155.5604670243 0.9982245564460754 0.00025282052229150004
2452155.638938119 0.99892258644104 0.0002528188342694
2452155.7174092084 0.9999825954437255 0.00025282302522095
2452155.795880293 0.9981745481491088 0.0002528488985262
2452155.8743513725 0.9957337081432343 0.00025286199524995
2452155.9521280127 0.9975965917110444 0.00025289383484045
2452156.0305990833 0.9978410005569458 0.0002530183119233
2452156.10907015 0.9961379766464232 0.00025317503605035
2452156.187541213 0.9949546456336976 0.0002533339138608
2452156.266012273 0.9954900443553925 0.00025343267770945
2452156.3444833304 0.9994324445724488 0.0002536716638132
2452156.422954385 1.0043384432792664 0.0002540965942898
2452156.501425439 1.009027361869812 0.0002546502219047
2452156.579896492 1.0104314088821411 0.00025513519358355
2452156.658367545 1.0033937692642212 0.0002555125684011
2452156.712533405 0.9894183874130248 0.0002558443229645
2452158.8784799995 0.9236485958099363 0.0002345642424188
2452158.9354238766 0.950626939535141 0.00024548805959055003
2452159.0104231117 1.015214204788208 0.00025260858819815
2452159.088200073 1.0159339308738708 0.00025263136194544997
2452159.1666714493 1.013063669204712 0.0002526243915781
2452159.2451428035 1.0112460255622864 0.00025261659175155
2452159.3229196984 1.0102904438972473 0.00025258779351125
2452159.402085445 1.0119869112968445 0.00025261184782715
2452159.480556734 1.012270212173462 0.0002526061143726
2452159.5590280024 1.0102107524871826 0.0002525896416045
2452159.6374992514 1.0083328485488892 0.0002525796298868
2452159.7159704813 1.0082322359085083 0.00025258987443515
2452159.7944416925 1.0073344707489011 0.0002525835006963
2452159.87221845 1.0058940649032593 0.0002525753807276
2452159.9506896255 1.0061320066452026 0.0002525574382161
2452160.029160784 1.0056425333023071 0.0002525652234908
2452160.107631926 1.0041938424110413 0.00025256718799930003
2452160.1861030515 1.005083441734314 0.000252569298027
2452160.2645741613 1.0054219961166382 0.00025257648667315004
2452160.3430452556 1.004025101661682 0.0002525809104554
2452160.421516335 1.004740595817566 0.0002525759337004
2452160.500681834 1.0066086053848267 0.00025257882953155
2452160.5784584503 1.0069634318351746 0.00025257524976039997
2452160.6562350523 1.0054157376289365 0.00025257878587575
2452160.734706075 1.004504919052124 0.0002525700838305
2452160.8131770846 1.0050233006477356 0.0002525622257962
2452160.89164808 1.002498984336853 0.0002525569288991
2452160.970119063 0.9995822012424469 0.00025255250511685
2452161.048590033 1.0009502172470093 0.0002525694435462
2452161.127060991 1.002222716808319 0.00025256609660569997
2452161.2055319357 1.00360906124115 0.0002525764284655
2452161.2840028685 1.002626359462738 0.0002525770105421
2452161.3617793564 1.0005086660385132 0.0002525845629861
2452161.440250266 1.00184428691864 0.0002525820746086
2452161.5187211633 1.0027502179145813 0.00025257993547705
2452161.5971920495 1.0012972354888916 0.0002525589079596
2452161.6756629245 1.001185655593872 0.00025258467940139997
2452161.7541337875 1.0010424852371216 0.0002525698509998
2452161.83260464 1.0004879236221313 0.00025257171364495004
2452161.9110754817 0.9994332194328308 0.0002525802119635
2452161.989546312 1.001259684562683 0.000252565354458
2452162.068017132 1.0026617050170898 0.0002525877207517
2452162.1464879415 0.9969709515571594 0.00025254971114915
2452162.224264309 0.994349330663681 0.0002525611489545
2452162.3027350972 0.9974191188812256 0.0002525663294363
2452162.3812058754 0.9984814524650574 0.00025255423679475
2452162.4596766434 0.9958884119987488 0.0002525532618165
2452162.5381474015 0.994714707136154 0.00025254739739459997
2452162.6166181494 0.9973604083061216 0.0002525318996049
2452162.6950888876 0.9968360960483552 0.00025255925720555
2452162.7735596155 0.9960632920265196 0.0002525187155697
2452162.852030334 0.9979085624217986 0.0002525124291423
2452162.9298066115 0.9977791905403138 0.0002525214949855
2452163.008277311 0.9953325390815736 0.0002525038435123
2452163.0867480002 0.9964815676212311 0.0002525098389014
2452163.1652186806 0.9966284036636353 0.0002525121963117
2452163.243689351 0.9954496026039124 0.0002525281597627
2452163.3221600126 0.9986176490783693 0.0002525279996916
2452163.4006306645 0.9988783299922943 0.00025253320927725003
2452163.479101307 1.0001722574234009 0.0002525045711081
2452163.5575719406 1.0012280941009521 0.0002525047748349
2452163.636042565 1.0011261701583862 0.0002525260206311
2452163.7145131803 1.0001649260520935 0.00025253518833775004
2452163.7922893567 0.9995339214801788 0.0002525235031498
2452163.8707599537 0.9995037913322448 0.000252488971455
2452163.9492305424 0.999770313501358 0.0002524999872548
2452164.027701122 1.0030463933944702 0.0002525149611756
2452164.1061716927 1.0017051100730896 0.00025253127387255
2452164.1846422544 1.000449299812317 0.0002525393501855
2452164.2631128076 1.0007309317588806 0.00025251571787515
2452164.341583352 0.9996981024742126 0.0002525194140616
2452164.4200538876 0.9996794164180756 0.00025252214982165
2452164.4978299853 1.000298500061035 0.00025252273189830003
2452164.576994933 1.001948595046997 0.0002524966694181
2452164.654771014 1.0017972588539124 0.00025250835460605
2452164.7339359447 1.0018488764762878 0.00025251923943865
2452164.8124064375 0.999932050704956 0.0002524946467019
2452164.890182493 1.000848650932312 0.0002524940355215
2452164.9679585397 1.0018620491027832 0.000252487254329
2452165.0464290073 1.0000014901161194 0.00025250375620085004
2452165.125593896 1.001614272594452 0.00025248873862435
2452165.2033699183 1.0026499032974243 0.0002525245799915
2452165.2825347893 0.9990796148777007 0.0002525081217754
2452165.3596163667 1.0004005432128906 0.0002525074814911
2452165.443642221 1.0108211636543274 0.00025260826805605
2452165.5172516396 1.008242666721344 0.0002526040334487
2452165.5957220495 1.0083063840866089 0.0002526011958252
2452165.674192451 1.0113223195075989 0.0002525979361962
2452165.7526628445 1.0102243423461914 0.0002526055613998
2452165.8311332297 1.0106176733970642 0.00025260138500015
2452165.9096036074 1.0124006271362305 0.0002526055031921
2452165.9880739762 1.0123703479766846 0.0002526009775465
2452166.0658499096 1.0115880966186521 0.00025259729591195
2452166.144320263 1.0114789009094238 0.0002526166499592
2452166.2234850363 1.0133709907531738 0.0002526096650399
2452166.301260946 1.0131019353866575 0.0002526161260902
2452166.379731275 1.011649489402771 0.0002526108291931
2452166.4582015965 1.0106269121170044 0.0002526090538594
2452166.5366719104 1.0115681886672971 0.000252611527685
2452166.615142216 1.0134472846984863 0.0002526133321225
2452166.693612514 1.0142253041267395 0.0002526119933463
2452166.7720828042 1.014328956604004 0.0002526211319491
2452166.8505530865 1.0123012065887451 0.00025261114933525003
2452166.928328934 1.0138713121414185 0.00025260901020369997
2452167.006799201 1.0126845836639404 0.0002526083262637
2452167.08526946 0.9740800261497498 0.00024794600903985
2452167.1637397115 0.8843587636947632 0.0002364594402024
2452167.242209955 0.8261457681655884 0.00022899926261740002
2452167.3206801913 0.8560084700584412 0.000232790436712
2452167.39915042 0.9429540634155273 0.00024405520525755
2452167.477620641 1.010394811630249 0.0002524734009057
2452167.556090854 1.0084565877914429 0.00025259808171535
2452167.6338666333 1.0093769431114197 0.00025260687107215
2452167.7123368317 1.0117892026901243 0.0002526081225369
2452167.7908070227 1.0089274644851685 0.0002525924937799
2452167.869277206 1.0101373195648191 0.0002526013704482
2452167.9477473823 1.0104685425758362 0.00025261536939065
2452168.0262175505 1.0092817544937132 0.0002526089665479
2452168.1046877117 1.0093040466308594 0.00025260247639375
2452168.1831578654 1.0083996057510376 0.0002526021562516
2452168.261628012 1.0084202885627747 0.00025260187976525
2452168.339403725 1.0094642043113708 0.0002526128373574
2452168.417873857 1.0095009803771973 0.0002526274765841
2452168.4963439815 1.0078861117362976 0.0002526139869587
2452168.574814099 1.0062736272811887 0.0002525950258132
2452168.65328421 1.0059444308280945 0.00025259684480254997
2452168.7317543128 1.0065901279449463 0.0002526052412576
2452168.810224409 1.0033639669418335 0.00025259256653944995
2452168.888694498 1.001067280769348 0.0002526014577597
2452168.9671645802 1.0038516521453857 0.00025260826805605
2452169.0456346557 1.0014907121658323 0.0002526069583836
2452169.1241047243 1.001365840435028 0.00025259303220080004
2452169.2018803605 0.9999116659164429 0.00025260278198395
2452169.2803504155 1.001051425933838 0.0002526054158806
2452169.3588204635 1.004081130027771 0.000252613244811
2452169.4372905055 1.0018519163131712 0.0002526245079934
2452169.515760541 1.0020104050636292 0.0002526259195292
2452169.5942305694 1.0011975765228271 0.0002526209864299
2452169.672700592 1.0006024837493896 0.00025261758128174996
2452169.7511706077 1.0004088878631592 0.0002526539028622
2452169.829640618 0.9993763267993926 0.0002526395983295
2452169.9074161975 0.99472439289093 0.00025261846894860003
