2451325.3372632433 0.9993310570716858 0.0018528384389355
2451325.4164311574 0.99936181306839 0.0018729283474385
2451325.4955990724 0.9995471239089964 0.0018886341713368
2451325.5740725324 0.9993224442005157 0.0019078091136179
2451325.652545993 0.9994000196456908 0.0019155702320858
2451325.7317139097 0.9998967647552488 0.0019219828536733
2451325.810187371 1.000208556652069 0.0019365019397809499
2451325.888660832 0.9992804527282714 0.0019339036662131
2451325.9685232034 1.0002610087394714 0.00192949239863075
2451326.046996663 0.9998102188110352 0.0019346886547282
2451326.1254701214 0.9996159970760343 0.0019361078157089499
2451326.2039435785 1.00015127658844 0.0019346225308254
2451326.28311149 1.0004502534866333 0.0019320864230394
2451326.3622793998 1.0004256963729858 0.0019326726906001
2451326.4400583967 0.9997952580451964 0.0019355994882062
2451326.5192263024 0.9999523758888244 0.0019392968388274
2451326.5983942063 0.9993355870246888 0.0019429275998845
2451326.6754787415 1.0002007484436035 0.00194047944387415
2451326.755341096 0.9997704029083252 0.0019331244984641
2451326.834508992 1.0002198219299316 0.001931600854732
2451326.9129824303 0.9995999634265897 0.0019215994398109
2451326.9914558656 0.9993873834609984 0.0019085026578977
2451327.0699292985 0.9993135929107667 0.00190582516370335
2451327.1497916384 0.9994208216667176 0.0019055849406868
2451327.228265065 0.9999381601810455 0.0019006224465556
2451327.3067384884 0.9998921155929564 0.0018932829843834
2451327.385906364 0.9998892545700072 0.0018901363946497
2451327.4643797805 1.000026285648346 0.00189158989815035
2451327.542853194 0.999878704547882 0.0018953131511807
2451327.622021059 0.9991093277931212 0.0018987851217389
2451327.7011889205 0.9991545081138612 0.0018960575107485
2451327.7789678685 0.9989964365959167 0.0018942409660667
2451327.862996907 0.9981738924980164 0.00189027155283835
2451327.9373035734 0.9955919981002808 0.0018811104819178
2451328.0157769658 0.9993740618228912 0.00187743443530045
2451328.094250354 0.9996829628944398 0.0018775119679048
2451328.173418193 1.0002682209014893 0.0018770765746012
2451328.2525860285 1.000116944313049 0.0018740139203146
2451328.3310594056 1.0005199313163757 0.00187101901974525
2451328.4095327784 1.0007803440093994 0.0018699197098612
2451328.488700602 1.0002945065498352 0.0018708077841438002
2451328.567173967 1.0002787113189697 0.0018747785943559999
2451328.645647328 1.000382661819458 0.0018761685350909
2451328.7248151395 1.00076687335968 0.0018757798243314
2451328.803982947 1.0004392862319946 0.0018749402370303
2451328.881761841 1.0004900693893433 0.0018729197327047
2451328.96092964 0.9999141097068786 0.0018685573013499
2451329.0400974355 1.000024676322937 0.0018656749743968
2451329.1178763174 1.0002202987670898 0.0018667789408937
2451329.197044104 1.0000809431076048 0.0018669737037271
2451329.2769063404 1.0002785921096802 0.0018651215941644498
2451329.3539907555 1.0006271600723269 0.0018632292049005
2451329.4324640753 0.9994139075279236 0.0018615424050949
2451329.5123262987 1.0007089376449585 0.0018637325847521
2451329.591494064 0.9998285174369812 0.0018663993105292
2451329.669967371 1.000170886516571 0.0018669986748135999
2451329.7491351273 1.0004267692565918 0.0018667713738977501
2451329.8276084247 1.0006207227706907 0.0018660693895071
2451329.9053872647 1.0007262229919431 0.0018637278117239
2451329.9803882847 1.0004011392593384 0.0018604682991281
2451330.0630282927 1.0004013776779175 0.0018592203850857501
2451330.142890481 1.000757932662964 0.0018601479241624
2451330.221363757 1.0011025667190552 0.0018609584658406
2451330.299837028 1.000721454620361 0.0018580750329419
2451330.3838659246 1.000681757926941 0.0018558296724222
2451330.457478012 1.0008061528205872 0.0018555459682829002
2451330.53595127 1.0002983808517456 0.0018572872504591
2451330.615118977 1.0001479387283323 0.0018602774944156
2451330.69428668 1.0006076097488403 0.0018606263911351
2451330.7727599246 1.0011271834373474 0.0018602951895445
2451330.8512331643 1.0009297132492063 0.0018593835411593
2451330.9304008535 1.0006483793258667 0.0018580559408292
2451331.0088740843 1.0008206367492676 0.0018561186734586499
2451331.087347311 0.980485200881958 0.0018432728247717
2451331.1658205325 0.9932362139225006 0.0018519490840844502
2451331.2456826563 1.0002816915512085 0.0018559988820925
2451331.324155869 1.000746250152588 0.001853690482676
2451331.402629077 1.00013267993927 0.0018517262069508
2451331.481796733 1.0002052783966064 0.0018514766125008
2451331.560964385 1.000627040863037 0.0018537724390625
2451331.6387431263 1.0004694461822508 0.0018562901532277
2451331.7179107685 0.9997704029083252 0.001857224968262
2451331.7963839527 1.0006486773490904 0.00185743527254085
2451331.875551586 1.0007591843605042 0.0018572484259492998
2451331.9540247614 1.0006084442138672 0.0018560891039669
2451332.033192385 1.0010879039764404 0.0018555375281721
2451332.1123600034 1.0008574724197388 0.0018558180890977
2451332.1901387116 1.0001401901245115 0.0018565197242423
2451332.2700007735 1.000413954257965 0.0018566198414191
2451332.348473925 1.0004374980926511 0.0018546304199844
2451332.4255581666 1.0005574226379395 0.0018524046754464
2451332.506114667 1.000075340270996 0.0018534588161855
2451332.584587804 1.0005531311035156 0.001856998191215
2451332.662366484 1.0005736351013184 0.0018596252193674
2451332.741534064 1.0012824535369873 0.0018596920417621
2451332.8172293776 1.000805377960205 0.0018585984362288499
2451332.899174758 1.0005711913108826 0.00185822980711235
2451332.9776478712 1.0007078647613523 0.0018576000584289
2451333.0568154315 1.0008480548858645 0.0018574462737888
2451333.1359829875 1.0007719993591309 0.0018588164821267
2451333.214456086 1.0009831190109253 0.0018604820943437
2451333.29292918 1.000773549079895 0.0018596161389723
2451333.371402269 1.0010117888450623 0.00185651477659115
2451333.4505698057 1.0007765889167783 0.00185408961260685
2451333.5290428847 1.0004677772521973 0.0018559301970526
2451333.6082104105 1.0008403062820437 0.0018591202097013
2451333.6873779316 1.0012778043746948 0.0018608252285048
2451333.765850996 1.0005556941032407 0.00185995810898015
2451333.8443240556 1.000725507736206 0.0018588595557957
2451333.923491562 0.9999592304229736 0.0018580494215711
2451334.001964611 1.0003987550735474 0.0018566391081548499
2451334.0804376556 1.0003193616867063 0.0018561909673735
2451334.1596051464 1.00095534324646 0.0018575562862679
2451334.2387726326 1.0001946687698364 0.0018577261362224
2451334.317245662 1.001021683216095 0.0018559051677584
2451334.3957186863 1.000268578529358 0.0018524599727243
2451334.474886157 1.00021755695343 0.0018509463407099
2451334.553359171 0.9963612854480743 0.0018483608728274
2451334.63183218 0.9990614652633668 0.0018509774236008
2451334.711694087 0.9998122751712799 0.001851137552876
2451334.7901670854 0.999386191368103 0.0018491252558305
2451334.868640079 1.0003326535224915 0.00184741261182345
2451334.945724165 0.9994791746139526 0.0018449936760589
2451335.03114166 0.9995962381362914 0.0018436019890941
2451335.1047534803 1.0000113248825073 0.0018424754380248001
2451335.1832264527 1.000463366508484 0.0018412204226478
2451335.2616994204 1.0006380677223206 0.0018389233155175501
2451335.336700128 1.0002766847610471 0.001835097791627
2451335.420728693 1.0002514123916624 0.0018323316471651
2451335.4985071933 0.9999562501907348 0.0018304362893104
2451335.5762856887 0.9995583891868592 0.0018288539722561
2451335.656841982 1.0001384019851685 0.0018275354523211
2451335.7346204673 1.000568985939026 0.0018266869010403
2451335.8137878478 1.000616192817688 0.0018262767698615
2451335.8922607726 0.9997255802154541 0.00182558590313415
2451335.9707336915 1.0003383159637451 0.0018257118063047
2451336.049901056 1.0007662773132324 0.0018258870113641
2451336.1290684147 1.0003488063812256 0.0018249760614708
2451336.2075413167 1.0002480149269104 0.00182532740291205
2451336.2860142137 1.0001133680343628 0.0018255482427775
2451336.365181555 1.0008219480514526 0.001825665240176
2451336.4436544403 1.0006816983222961 0.00182536832289765
2451336.5221273196 1.0005509853363037 0.0018251545261591
2451336.6012946437 1.0002366304397583 0.0018252980662509
2451336.6804619613 1.0008908510208128 0.0018253938760608
2451336.7596292733 1.0005210638046265 0.0018254112219437
2451336.837407679 1.0007004737854004 0.0018254412570968
2451336.9165749783 1.0015166997909544 0.0018254494061693
2451336.9950478217 1.0010897517204285 0.00182509323349215
2451337.0735206585 1.001392483711243 0.0018255258910357
2451337.152687939 1.001937985420227 0.0018258016789332
2451337.2318552127 1.0015106201171875 0.001825567567721
2451337.31032803 1.0008459091186523 0.0018252034205943
2451337.39018974 1.0011677742004397 0.0018252754816785
2451337.468662543 1.000869333744049 0.0018258079653605
2451337.5464408905 1.0005955696105957 0.0018251496949233
2451337.6256081294 1.0009953379631042 0.0018252583104185
2451337.7047753613 0.9971709847450256 0.0018221728969364998
2451337.783942585 0.9792956709861755 0.0018125313799828
2451337.8665820467 1.0005849599838257 0.0018257750198245
2451337.940193661 1.0000982284545898 0.0018255506874993
2451338.019360861 1.0000953674316406 0.001825526356697
2451338.0978336027 1.0004785060882568 0.0018258386990055
2451338.176306336 1.0004948377609253 0.0018256530165672
2451338.2554735094 1.0000427961349487 0.0018257742049172
2451338.3346406734 1.0002670288085935 0.0018256453331559
2451338.4131133785 1.0007095336914062 0.00182567856973035
2451338.4881138313 1.000171422958374 0.00182575877988705
2451339.685342199 1.000740110874176 0.0018261920777149
2451339.7520091753 1.0002421140670776 0.00182659906568
2451339.8304817607 1.0004431009292605 0.0018290694570168
2451339.909648793 1.0002570152282717 0.0018367915181443
2451339.9881213764 1.000019520521164 0.00184899050509555
2451340.0665939595 0.9995916485786436 0.0018589780665934
2451340.145760989 1.0002806186676023 0.0018667646218091
2451340.224928017 0.9999925494194032 0.0018754390766844
2451340.303400596 0.9993047416210172 0.00188439292833205
2451340.381873174 0.999426543712616 0.0018881886499002
2451340.461040198 1.000074028968811 0.0018928652862086
2451340.539512772 0.9999372661113739 0.0018986662034875998
2451340.618679792 0.9998453259468079 0.00189755001338195
2451340.697152362 1.0005080699920654 0.0018943637842312
2451340.7763193776 0.9999887943267822 0.0018965194467455
2451340.854791943 1.0001115202903748 0.0018980017630383
2451340.929792269 1.0000717639923096 0.0018936827545984998
2451341.0124315135 1.0002471208572388 0.0018909990321844
2451341.090904071 0.9999013245105742 0.0018935278640128499
2451341.169376625 0.998351275920868 0.0018897528061643
2451341.248543624 0.9971939921379088 0.0018858135445043
2451341.327710619 1.000971794128418 0.0018848748877644
2451341.405488717 1.0003027915954588 0.0018865336896851
2451341.4853501525 1.0011722445487976 0.0018900968134402999
2451341.5638226904 1.0007405281066897 0.0018936906708404
2451341.6402118835 1.0006005764007568 0.0018924179021269
2451341.724239992 1.0008409023284912 0.0018869767664
2451341.7999347304 1.0007859468460083 0.0018851588247343
2451341.878407254 1.0007616877555847 0.0018818803946486998
2451341.9575742204 1.0004419088363647 0.00187490088865155
2451342.036741183 1.0003095865249634 0.0018703219247981
2451342.1172970366 1.0007750988006592 0.00187294394709165
2451342.1985473325 0.99975448846817 0.0018718255450949
2451342.272158708 0.9997709989547728 0.0018685813993215
2451342.3513256544 1.000473380088806 0.0018655809108167
2451342.4304925976 1.0001871585845947 0.0018661682261154
2451342.508965089 1.0004082322120667 0.00186913035577155
2451342.587437577 0.9996547698974608 0.0018719646614044
2451342.6666045077 1.000190258026123 0.0018719244981184
2451342.745076987 1.0001696944236755 0.0018697499181143501
2451342.823549462 1.0001229047775269 0.0018680309876799
2451342.902716379 0.9999938011169432 0.0018664239905774
2451342.9818832926 1.0004841089248655 0.0018611137056723
2451343.0603557546 1.0005996227264404 0.00185888988198705
2451343.1388282124 1.001001000404358 0.0018604155629873
2451343.2179951123 1.0006104707717896 0.0018606324447318
2451343.2964675613 1.0007281303405762 0.0018576727015897502
2451343.374940006 1.000709891319275 0.0018556576687842
2451343.4534124467 1.00087571144104 0.0018556640716269
2451343.531884882 1.0011546611785889 0.0018585661891847
2451343.612440652 1.000944137573242 0.0018610192928463
2451343.689524187 1.0005982518196106 0.00186131137888875
2451343.7693855013 1.0011392831802368 0.0018602502532303
2451343.8478579186 1.0012941360473633 0.0018600958283059
2451343.926330332 1.0009984970092771 0.0018584718927741
2451344.0061916327 1.0012814402580261 0.00185531104216345
2451344.0839695903 1.0005813241004944 0.0018537702853791
2451344.16244199 1.001259684562683 0.0018557447474449
2451344.239525493 1.0013872981071472 0.0018546171486377
2451344.322164559 1.000395655632019 0.0018503630999475
2451344.3985536066 0.9780433177947998 0.0018364922143518
2451344.4784148787 0.9985163211822511 0.0018507004133425
2451344.5561928093 1.0010756254196167 0.0018551670364103999
2451344.6346651805 1.0001536607742307 0.0018561504548415
2451344.718693113 0.9998999536037446 0.0018561031320131999
2451344.792998801 1.000031352043152 0.0018557562725618
2451344.8721656036 0.9996649622917176 0.0018549228552728
2451344.950637956 0.9997145533561707 0.0018528976943343
2451345.029110304 1.0002778768539429 0.0018516505369916
2451345.108277092 1.0001419782638548 0.0018525010673329
2451345.186749431 0.9999330341815948 0.00185299565782765
2451345.2652217643 1.000548243522644 0.001851609093137
2451345.3443885385 1.0002849102020264 0.0018494471441954
2451345.4235553076 1.0002280473709106 0.0018491481896489
2451345.5020276266 1.0001653432846067 0.00185111269820475
2451345.580499941 1.0002146959304807 0.0018542477628216
2451345.6596666956 1.0001701116561887 0.001855110283941
2451345.738139 0.9999073147773743 0.0018543847254477
2451345.8166112998 1.0000725984573364 0.0018549197120592
2451345.8957780395 1.0005265474319458 0.0018545363564044
2451345.9749447745 0.9997360706329343 0.0018525392515584
2451346.05341706 1.0001946687698364 0.0018522276077419
2451346.13188934 0.9999626874923706 0.0018535453127697
2451346.2110560606 1.0007396936416624 0.0018547921208664
2451346.289528331 1.0004335641860962 0.0018521861056797
2451346.3680005963 1.0005838871002195 0.001850008033216
2451346.4457784123 1.0011316537857056 0.0018505008192732
2451346.526334002 1.0007383823394775 0.0018531428650021
2451346.6048062528 1.0005528926849363 0.00185668258927755
2451346.684667388 1.0004658699035645 0.0018575827125459
2451346.763834073 0.9998525977134703 0.0018570229876786
2451346.841611865 1.0005246400833128 0.0018581704935058
2451346.9186952068 0.9999266266822815 0.0018579276511445498
2451346.9985563215 1.0003632307052612 0.0018569125095382
2451347.080500765 1.00059974193573 0.001856222981587
2451347.1513340925 1.000440001487732 0.0018573950510472
2451347.234667414 1.0003434419631958 0.0018585632788017
2451347.3131396202 0.9999399185180665 0.00185539625817905
2451347.3999451515 1.0002509355545044 0.0018526386702433
2451347.4589729095 0.9998784363269805 0.0018522177706471999
2451347.5443895427 1.0008133649826048 0.0018559264717623
2451347.631195058 0.99994096159935 0.0018596271984279
2451347.698556134 0.9996310472488404 0.001859521260485
2451347.7881394145 0.9997762143611908 0.0018593665445223
2451347.864528253 0.9967166781425476 0.00185976375360035
2451347.9457781943 1.0002076625823977 0.0018618741305544
2451347.9943892676 0.9995383620262146 0.0018614376895129
2451348.1235558246 1.0027246475219729 0.0018611380364745
2451348.1860557664 1.0014867782592771 0.0018610809929668
2451348.248555705 1.00032839179039 0.00185941992094735
2451348.340222276 1.001368761062622 0.0018549899104982
2451348.4048055373 1.0009114146232605 0.0018537719151935999
2451348.507583194 1.0017227530479431 0.0018543696496634999
2451348.5707775597 1.001605749130249 0.0018574532587081
2451348.624944156 0.9997504353523254 0.00185986887663595
2451348.736055115 0.9987936615943908 0.0018603219650685
2451348.8346660826 1.0000925064086914 0.0018601730698719
2451348.8867493365 0.9999696314334867 0.0018599269096739
2451348.950638125 1.000728726387024 0.0018595904111861502
2451349.0554990643 1.0018296241760252 0.0018558317096903
2451349.1089711953 0.9994855821132658 0.00185410288395355
2451349.220082109 0.9992893040180206 0.00185271172085775
2451349.3124430473 0.9991134405136108 0.0018496327102184
2451349.360359622 0.9998805820941924 0.00184879713924595
2451349.439526132 0.9998446404933929 0.00184638588689265
2451349.521470408 0.9996982216835022 0.0018453081138431501
2451349.599942464 0.9996523261070251 0.0018451198702678
2451349.672164528 0.9999690651893616 0.0018439413979649
2451349.755497674 0.9991881847381592 0.001841144170612
2451349.8339697137 0.999150961637497 0.0018396294326521
2451349.9124417477 0.9999375343322754 0.0018377929227426
2451349.9916082197 1.0001527070999143 0.0018355160718783
2451350.0707746856 1.0001829862594604 0.0018335690256208
2451350.1492467034 1.000320553779602 0.0018318951479159
2451350.2277187156 1.0001707077026367 0.001830821391195
2451350.3068851647 1.0005145072937012 0.0018298523500561
2451350.3860516082 1.001354455947876 0.0018299856455996
2451350.463829161 1.0000851154327393 0.0018300574738532
2451350.542995593 1.0004072189331057 0.0018299031071364
2451350.62216202 1.000999927520752 0.0018305929843336
2451350.700633998 1.0008969902992249 0.00183012039633465
2451350.77910597 1.0012738704681396 0.0018303366377949
2451350.858272379 1.000544190406799 0.0018299404764547
2451350.9374387814 1.0010119676589964 0.001830331981182
2451351.0159107363 0.9894865155220032 0.00182287808274845
2451351.0943826847 0.9834856092929838 0.0018187429523094998
2451351.172854627 1.0005496144294739 0.001829924294725
2451351.2513265633 1.0016885995864868 0.0018308302387595
2451351.3311873768 1.0013389587402342 0.00183048617327585
2451351.4103537425 1.000724971294403 0.00183042016578835
2451351.4881312177 1.0010186433792114 0.0018305683042854001
2451351.5659086867 1.0009199976921082 0.0018306124256923001
2451351.644380591 1.0015472173690796 0.0018312239553779
2451351.724935813 1.0010929107666016 0.0018315216293558
2451351.804796586 1.0007764101028442 0.001831324014347
2451351.8818795867 1.000420331954956 0.0018316102214157
2451351.961045904 1.0004764795303345 0.0018322257092222
2451352.0409066556 1.0007759928703308 0.0018323721014893999
2451352.117295193 1.0005184412002563 0.00183212064439425
2451352.202017017 1.0006248354911804 0.0018329594749957
2451352.276322216 1.0006588697433472 0.0018333934713155
2451352.3547940534 1.0006080865859985 0.0018336452194489
2451352.433265882 1.0006467103958128 0.0018341647228226
2451352.512432143 1.000416874885559 0.0018348707817494
2451352.5909039546 1.0006899237632751 0.00183487805770705
2451352.668681316 1.0008785724639893 0.0018352146144024499
2451352.74854199 0.9998834133148192 0.0018353257328271
2451352.8270137724 1.0007320046424866 0.0018361876718699498
2451352.9054855453 1.0002042055130005 0.0018366553122177
2451352.9846517476 1.0004359483718872 0.0018370839534327
2451353.0624290598 0.9994499683380128 0.001836912240833
2451353.141595242 0.9997128844261168 0.0018374844221398
2451354.119366693 0.9999969601631165 0.001834928872995
2451354.1665885868 0.9999528527259826 0.0018348206067457
2451354.2450602623 0.999692291021347 0.0018345990101806499
2451354.323531938 0.9999870657920836 0.0018344150157645
2451354.4026980517 0.9993415474891664 0.0018342662369832
2451354.481169725 0.9974679052829742 0.00183258589822795
2451354.5596413966 0.9975650906562804 0.0018320881063118
2451354.6388075068 0.9996783137321472 0.0018333588959649
2451354.717973615 0.9996554255485536 0.0018333184998482
2451354.796445282 1.0001165270805359 0.00183302955701945
2451354.8749169474 1.0005290508270264 0.0018334295600652
2451354.9547774894 0.9999063014984131 0.0018332273466512001
2451355.0325547103 1.0004761219024658 0.0018331833998672
2451355.111026368 1.0002834796905515 0.0018330038292333
2451355.1901924633 1.0001924037933347 0.0018335157074034
2451355.2693585553 1.0000025033950803 0.0018332683248445
2451355.348524645 1.000663995742798 0.001833337242715
2451355.4263018523 1.0003504753112793 0.0018329840386286
2451355.5054679355 1.0000423192977903 0.0018334232736378
2451355.583939576 1.0007731318473814 0.0018332158215343501
2451355.6624112134 1.0008190870285034 0.0018336570356041
2451355.7408828475 1.00064617395401 0.0018333788611926
2451355.8207433564 1.000333309173584 0.0018330984748899
2451355.8992149835 1.0009801983833313 0.0018335845088585999
2451355.977686607 1.0003060102462769 0.0018332976615056
2451356.0568526653 1.0006513595581057 0.0018330875318497
2451356.1360187205 1.0008981227874756 0.001833374844864
2451356.2124070157 1.0005887746810913 0.0018329955637454
2451356.29365638 1.0007182359695435 0.0018331254832446
2451356.3728224235 1.0005592107772827 0.001833269954659
2451356.4505995847 1.0001174211502075 0.00183337705675505
2451356.52976562 1.0004541873931885 0.00183350988663725
2451356.6033761404 1.000393271446228 0.0018332315958104499
2451356.686708801 1.0009463429450989 0.0018336998764425
2451356.7651803847 0.9996452331542968 0.0018336677458137
2451356.8443464036 1.0000842809677124 0.0018338721711188
2451356.92281798 1.0000780820846558 0.00183390587335445
2451357.00198399 1.000442385673523 0.0018338583176955
2451357.0804555574 1.000149488449097 0.0018339490052312
2451357.1596215595 1.0002326965332031 0.0018337733345106
2451357.238093118 1.0000730752944946 0.00183413928607475
2451357.3172591114 1.0001540780067444 0.00183412944898005
2451357.3957306617 0.9999431371688842 0.0018338575027883
2451357.474896646 0.9999948740005492 0.0018336751963943
2451357.551979311 1.0005571842193604 0.0018338746740482002
2451357.6318397247 0.9999619126319884 0.0018337443470954
2451357.711700134 0.9772740304470062 0.00182068941649045
2451357.789477224 0.9997002482414246 0.0018335847416892
2451357.8679487477 1.0005955696105957 0.0018344959244132
2451357.945725829 1.0007667541503906 0.0018342309631407
2451358.0276695346 1.000966191291809 0.0018340938840991998
2451358.10405773 1.001328706741333 0.0018344479613006
2451358.183223674 1.0013805627822876 0.0018346389988437
2451358.2623896133 1.0010203123092651 0.0018344144336879
2451358.34086111 1.0016496181488037 0.0018348828889429001
2451358.419332602 1.0009549856185913 0.0018348350422456
2451358.4984985273 1.0013102293014526 0.0018346635624766
2451358.57697001 1.000738799571991 0.00183473259676245
2451358.654052613 1.0010186433792114 0.0018346149008721
2451358.7339129625 1.0004240274429321 0.0018346712458878
2451358.813773307 1.0009033679962158 0.0018345460994169
2451358.893633647 1.0009809732437134 0.0018343337578698498
2451358.970716231 1.001032829284668 0.0018345075659453
2451359.0491876863 1.000864028930664 0.00183448789175595
2451359.123492511 1.000433325767517 0.0018344027921557
2451359.20682502 1.0007364749908447 0.0018351299222558
2451359.2852964606 1.0003799796104431 0.0018344941199756998
2451359.3651567725 0.999901294708252 0.0018345733406022
2451359.443628204 1.000285029411316 0.00183496339013795
2451359.522099631 1.000661849975586 0.0018349337624385
2451359.60126549 1.0010480880737305 0.0018349904567003
2451359.680431345 1.0006085634231567 0.0018349916208535
2451359.7582083205 1.0010265111923216 0.0018351371400058
2451359.8373741657 1.0002311468124387 0.0018351621693
2451359.9165400057 1.000312328338623 0.001835080445744
2451359.995011404 1.0006908774375916 0.0018349250312894002
2451360.073482798 1.0007969141006468 0.0018349159508943
2451360.152648624 1.0001999139785769 0.0018349681049585
2451360.231120008 0.9997360706329346 0.0018347347504459
2451360.3088969504 1.0003284811973572 0.0018347296281717
2451360.388757199 0.9999403953552246 0.0018343318952247
2451360.4679230056 0.9999125003814696 0.0018345002317801
2451360.5463943705 0.9997656345367432 0.0018342558178119001
2451360.6248657303 0.999750316143036 0.0018347337609156
2451360.7040315224 0.9994043111801147 0.0018343731062486
2451360.781808436 0.9998758435249328 0.0018342413241043
2451360.860974218 0.9993548393249512 0.0018339069793
2451360.9401399954 0.9998541474342344 0.0018344281706959
2451361.0186113315 1.0000920891761778 0.0018342551775276002
2451361.0970826624 0.998827576637268 0.0018338487716391
2451361.1811094806 0.9958326518535612 0.00183173082768915
2451361.255414183 1.0000030994415283 0.0018339694943279
2451361.3338854993 0.9995339512825012 0.0018337949295528
2451361.4123568106 1.0004562139511108 0.0018336261855438
2451361.490133681 0.9996664524078368 0.0018336659995839
2451361.5713827275 1.0009315013885498 0.00183382938848805
2451361.6540206415 1.0006905794143677 0.001834163442254
2451361.72763088 0.9999392032623292 0.0018342217663303
2451361.8067966034 0.9999639391899108 0.0018343307310715
2451361.8852678854 0.9999692142009736 0.00183433794882145
2451361.9637391623 1.0004971027374268 0.0018348296871408
2451362.0429048706 1.000296115875244 0.0018345711287111
2451362.1220705737 1.0007954835891724 0.0018349395832046
2451362.2005418357 1.0004447698593137 0.00183481822023165
2451362.279013093 1.000110745429993 0.0018349350430071
2451362.3581787813 0.9999470710754392 0.0018347701989114
2451362.435955593 1.0003712177276611 0.0018346812576055
2451362.515121271 1.0002238750457764 0.0018350343452766
2451362.594286944 1.0008481740951538 0.0018349614692851
2451362.673452612 1.0000650882720947 0.0018348520388826
2451362.7519238396 1.0004952549934387 0.00183504720916965
2451362.829700626 0.9999947547912599 0.00183520518476135
2451362.9074774077 1.0007013082504272 0.0018354072817601
2451362.9880319266 0.9999616742134094 0.0018358268425799499
2451363.0665031336 0.9999563694000244 0.0018360776593908
2451363.145668771 1.0002416372299194 0.0018366464646533
2451363.2248344035 1.0005217790603635 0.0018366243457421
2451363.303305595 1.000178337097168 0.00183680048212405
2451363.381776782 1.0004295110702517 0.001836824696511
2451363.460942399 0.9999452233314512 0.0018376093357801
2451363.539413576 1.000709354877472 0.00183846917934715
2451363.6144125713 1.0004620552062988 0.0018386769224889
2451363.7005225243 1.000411331653595 0.00183910812484095
2451363.77691038 1.0003736019134521 0.00184026121860365
2451363.8539926657 1.000113606452942 0.0018419461557641
2451363.9324638164 1.0009995102882385 0.00184341834392395
2451364.012323832 1.000706911087036 0.0018437963444739
2451364.092183842 1.0010616183280945 0.0018447095062583
2451364.1741271503 1.0004661083221436 0.00184590183198445
2451364.2484316714 1.0002448558807373 0.0018458161503076
2451364.326902796 0.9833329617977142 0.00183573050890115
2451364.403985046 0.9881980419158936 0.0018389500910416
2451364.4845394637 0.9999815821647644 0.0018469585338607
2451364.5637050066 1.0009880065917969 0.001849619555287
2451364.6421761094 1.0000144243240356 0.0018517966382205
2451364.720647207 1.0003535747528076 0.0018538093427196
2451364.7998127337 1.0001981258392332 0.0018566966755315
2451364.87828382 1.0003897547721863 0.0018608149257487998
2451364.956754901 0.9999517798423768 0.0018628668040037
2451365.035920411 0.9998581409454343 0.0018638935871422
2451365.1150859147 1.0005046129226685 0.0018650552956387
2451365.193556979 0.9999522566795349 0.0018665243405848499
2451365.271333603 1.000566303730011 0.0018663075752555999
2451365.3532768264 1.0004823803901672 0.0018647658289409502
2451365.429664571 1.000758409500122 0.00186385645065455
2451365.5081356117 1.001032471656799 0.0018650196725502
2451365.5873010806 1.0007852315902708 0.0018689603311941
2451365.6664665435 1.0002832412719729 0.001873901579529
2451365.744937566 1.000176727771759 0.00187653751345345
2451365.8234085827 1.00059974193573 0.0018787191947922
2451365.9039628943 1.0003547668457031 0.0018813894130289
2451365.9796561636 1.0004178881645203 0.00188163097482165
2451366.0560438605 1.000171422958374 0.0018824851722455999
2451366.1379870195 1.000440239906311 0.0018850468914024
2451366.2178468704 1.0010592937469482 0.0018861325224861
2451366.297706715 1.0015539526939392 0.0018864612211473
2451366.376177685 1.0017083883285522 0.0018861157586798
2451366.454648648 1.0012812614440918 0.0018849065527319002
2451366.5331196035 1.0008476972579956 0.0018855562666431
2451366.60672952 1.0002079010009763 0.0018865205347537
2451366.6893670596 0.9996118247509002 0.0018903149175457
2451366.7692268584 0.9998579025268554 0.0018910844810307
2451366.8476977833 1.0001877546310425 0.00189212511759245
2451366.9261686993 0.999967575073242 0.0018961313180625
2451367.0053340406 0.9998005032539368 0.0019046999514102
2451367.08380494 0.9998388290405273 0.0019174358458258
2451367.1393595533 0.9985110461711882 0.00191932998131955
2451368.6115555754 0.99991574883461 0.00183496437966815
2451368.659471368 1.0001572370529177 0.0018349984893575
2451368.7379421573 0.999883323907852 0.00183469732291995
2451368.816412945 1.00049889087677 0.0018350433092564
2451368.895578162 1.0003225803375244 0.0018350776517763
2451368.974743377 1.0005666017532349 0.0018349660094827
2451369.0532141584 1.0000059008598328 0.0018346150172873499
2451369.1316849375 1.0004212856292725 0.0018348761368542
2451369.2108501457 1.000550389289856 0.0018346172291785
2451369.2893209206 1.0005792379379272 0.00183449027827005
2451369.367791692 1.0006579160690308 0.0018344691488891
2451369.4469568925 0.9997619390487672 0.0018341008108109
2451369.52612209 1.0000199079513548 0.0018336420180276
2451369.604592853 1.0007283687591553 0.00183389324229205
2451369.683063614 1.0006842613220217 0.0018338337540626
2451369.762228803 0.99966961145401 0.0018333831103518
2451369.840699557 1.0002800226211548 0.0018336616340092998
2451369.9184758766 1.0002508163452148 0.00183324248064305
2451369.99972435 0.999925136566162 0.0018329948652535
2451370.078195094 1.000004142522812 0.0018328909063711
2451370.156665835 1.000146985054016 0.0018329181475564
2451370.2344421414 1.0003554821014404 0.0018325954442843
2451370.3136073067 1.000385284423828 0.0018329978920519
2451370.3927724683 1.000150680541992 0.0018329211743548
2451370.470548764 0.999966502189636 0.0018324716947972
2451370.5497139185 1.0004222393035889 0.0018324489938095
2451370.628879069 1.0008655786514282 0.0018328077858313
2451370.710127509 1.00068861246109 0.0018328308942727
2451370.7851260654 1.0009275078773499 0.0018328670412301501
2451370.8656800664 1.0010524988174438 0.0018331768806091999
2451370.9434563396 0.9982521235942841 0.00183176936116065
2451371.019843747 0.9788095653057098 0.0018195745069533
2451371.09553672 1.000633120536804 0.0018331268802285
2451371.1795628597 1.0000801086425781 0.00183333951281375
2451371.2580335485 0.9999095201492308 0.0018332391045987
2451371.337198664 1.000461459159851 0.0018338561058044
2451371.4163637753 1.0003634691238403 0.001833708374761
2451371.494834452 1.0001140832901 0.0018337161163799
2451371.573305124 1.0000263452529907 0.0018338348018005
2451371.652470223 1.0004266500473022 0.0018338876543566
2451371.7309408877 0.9997569620609283 0.00183381553506475
2451371.8094115476 1.0001577138900757 0.0018337219953536
2451371.888576634 1.0004805326461792 0.0018337568035349
2451371.967741716 1.0005288124084473 0.001833739108406
2451372.046212364 1.0007270574569702 0.0018340914393774502
2451372.1246830076 1.0003602504730225 0.0018340920796617
2451372.2038480774 1.001145839691162 0.0018345385324209
2451372.282318712 1.0005834698677063 0.0018348601297475
2451372.3607893432 1.0010278224945068 0.0018346279393881
2451372.4406488305 1.001047134399414 0.0018347524455748
2451372.5191194527 1.0006103515625 0.0018349782330915
2451372.597590071 1.0016106963157654 0.0018352197366765998
2451372.6760606845 1.0012527704238892 0.0018351973267272
2451372.7552257245 1.0016154050827026 0.0018351627513766
2451372.83369633 1.0013172626495361 0.00183538062265135
2451372.9121669307 1.001537799835205 0.0018357180524617
2451372.9913319573 1.0017179250717163 0.0018351799808442
2451373.0704969796 1.00138258934021 0.0018349358579143
2451373.148273138 1.0008134841918943 0.0018345490097999
2451373.230215871 1.0016747713088987 0.0018347224686294
2451373.30938088 1.0018829107284544 0.0018347398145124
2451373.3871570253 1.0010139942169187 0.0018346103606745
2451373.464933166 1.0008662939071655 0.0018342365510761
2451373.5420148727 1.001199722290039 0.0018338544759899
2451373.617013286 1.0003965497016907 0.0018340842216275
2451373.7003448512 0.9994288980960846 0.00183399149682365
2451373.7788154045 0.9997397065162658 0.0018341821851208
2451373.857980383 0.9998676776885984 0.0018344289856031
2451373.9364509275 0.9995097517967224 0.0018341701943427
2451374.0163103263 0.9991484284400942 0.0018338665831834
2451374.0940864324 0.9996185898780824 0.0018344103591516
2451374.173251393 0.9991151690483092 0.0018338115187361
2451374.2517219195 0.9988698661327362 0.0018337110523134002
2451374.330192442 0.9984747171401976 0.0018336696084588
2451374.409357389 0.9981157779693604 0.0018330549355596
2451374.4878279027 0.9958141446113586 0.0018321549287065
2451374.566298411 0.998961865901947 0.0018335537752136
2451374.645463345 0.999122440814972 0.0018334781052544
2451374.7246282743 0.9990999102592468 0.0018339122179895
2451374.80309877 0.9994085431098938 0.0018336078501306001
2451374.880874832 0.9999651610851288 0.00183390220627185
2451374.960039748 0.999110758304596 0.0018335521453990999
2451375.0392046594 0.9999068081378937 0.00183388451114295
2451375.117675137 0.9996833205223083 0.0018341912655159
2451375.1968400395 0.9995774030685424 0.0018339032540097
2451375.276004937 1.0001235008239746 0.0018340210663154
2451375.3551698304 1.000316143035889 0.0018339756643399
2451375.432945861 1.0001451969146729 0.0018337466754019
2451375.512110745 1.0006173849105835 0.001834193826653
2451375.5905811964 0.9999925196170807 0.0018338173395022
2451375.6711349282 1.0004724264144895 0.0018339747330173499
2451375.748216513 1.0005935430526731 0.0018340687965974
2451375.827381379 1.0005019903182983 0.0018342230468988
2451375.907240669 1.0002206563949585 0.00183377601206295
2451375.9836278115 1.0001031160354614 0.00183363322867075
2451376.0627926635 1.000291645526886 0.0018341743852942501
2451376.1482073674 1.00034499168396 0.0018344561103731
2451376.220427926 0.9993440508842468 0.0018343604169785
2451376.2995927646 0.999752402305603 0.0018342548282817
2451376.3787575983 0.9996207952499389 0.0018344450509175
2451376.4572279993 0.9998734295368195 0.0018345079151913
2451376.5356983957 0.9997566938400269 0.0018345019780099
2451376.614863216 1.0002586841583252 0.0018345164135098
2451376.6933336034 1.0005152225494385 0.0018350060563534
2451376.7718039863 0.9996883869171144 0.0018344449345022
2451376.850968792 0.9996252059936525 0.0018344410927966
2451376.9301335937 1.0000957250595093 0.0018346024444326
2451377.0086039626 1.0004577040672302 0.00183466018643225
2451377.087768755 0.9996494352817535 0.00183442846173415
2451377.1648502587 1.0004923343658447 0.0018344802083447
2451377.2454038975 1.0006147623062132 0.0018346105935052
2451377.3231798206 1.0009950399398804 0.0018347647273913
2451377.402344594 1.0010570287704468 0.0018345856806263
2451377.481509363 1.0007343292236328 0.0018345065182074
2451377.5592852714 1.000882863998413 0.0018346704309806
2451377.638450031 0.9789766073226928 0.00182279816363
2451377.7169203586 0.9966800808906556 0.00183268659748135
2451377.795390681 1.0014238357543943 0.0018361264374107
2451377.871777716 1.0012054443359375 0.0018360144458711
2451377.9523313115 1.0013436079025269 0.0018367582233622
2451378.0342737576 1.000971794128418 0.0018376584630459
2451378.1120496336 1.0012377500534055 0.0018380109686404
2451378.19121436 1.0014683008193968 0.0018381517147645
2451378.2696846537 1.001477599143982 0.0018385280855000002
2451378.346766088 1.000978946685791 0.0018394574290141
2451378.4245419456 1.0012661218643188 0.0018407185561954
2451378.5064843614 1.000537633895874 0.0018416719976812
2451378.570371665 1.0011578798294067 0.0018427425529807
2451378.667591469 1.0013726949691772 0.0018446200992912
2451378.7412007437 1.0004488229751587 0.001845707418397
2451378.820365431 1.0005412101745603 0.0018479330465197
2451378.898835686 1.000690996646881 0.00184995459858325
2451378.977305936 1.0014734268188477 0.0018525049090385
2451379.0564706083 1.0007909536361694 0.001855164184235
2451379.1356352754 1.0009870529174805 0.0018572156550362
2451379.21410551 1.0010724663734436 0.00185800815233955
2451379.2925757403 1.0012991428375244 0.001858482719399
2451379.373129246 1.0015031099319458 0.0018592962296679
2451379.450210612 1.0003715753555298 0.0018613525899126501
2451379.528680826 1.0011674165725708 0.0018654108280315
2451379.6078454624 1.0009188652038574 0.0018695584731176
2451379.6870100927 1.0013016462326048 0.0018705053953453
2451379.7640914377 1.0012855529785156 0.0018719310173764
2451379.843950484 1.0009102821350095 0.0018755210330709
2451379.924503951 1.0006717443466189 0.0018788860179483
2451380.00158528 1.0000091195106506 0.00188317295396695
2451380.0786666037 1.000416278839111 0.0018869877094402
2451380.1592200533 1.0002042055130005 0.0018891282379627
2451380.238384644 1.0003637075424194 0.0018897376721724
2451380.3182436554 1.0002195239067078 0.00188821298070245
2451380.3953249557 1.0003398656845093 0.0018863808363676
2451380.4758783802 0.9994089007377625 0.0018899025162681
2451380.551570816 0.9992802739143372 0.0019001155160366999
2451380.631429802 0.9994921684265136 0.0019093902083113
2451380.7092055036 0.9983178377151488 0.0019135336624458
2451380.789064476 0.9994492828845978 0.0019158435752615
2451380.8661457375 0.9991817474365232 0.0019193672342225
2451380.9460046953 0.9997292459011078 0.00192499905824655
2451381.0258636456 0.9996851086616516 0.0019266022136434
2451381.1036393116 0.9961671233177184 0.0019261956913396
2451381.1828038213 0.9987527728080748 0.0019313319353386
2451381.261968322 0.9997314810752868 0.0019424249185249
2451381.34043839 1.001068651676178 0.0019601129461079498
2451381.4189084494 1.0002521276474 0.0019777249544858
2451381.4876565477 1.000680148601532 0.0019794203108176
2452061.8911948022 1.001117467880249 0.0018605021759867
2452061.9606402293 1.0013034343719482 0.0018610596889629
2452062.039113537 1.001146376132965 0.0018609936814755
2452062.1175868213 1.0012315511703491 0.0018612089334055
2452062.1967545385 1.0017610788345337 0.0018614751752465
2452062.2759222365 1.0012757778167725 0.0018616849556565
2452062.354395464 1.0012492537498474 0.0018616535235196
2452062.432868676 1.001715302467346 0.0018617180176079
2452062.512036326 0.9820153713226318 0.00185002759099
2452062.59050951 0.9948189556598663 0.0018577239243313
2452062.668982682 1.0019655227661133 0.0018617932219058
2452062.748150294 1.0016926527023315 0.0018617199966683
2452062.8273178954 1.0015761852264404 0.0018615801818668
2452062.9057910335 1.001573920249939 0.00186170235974705
2452062.9842641614 1.0016465187072752 0.001861460856162
2452063.0634317324 1.0010006427764893 0.001861335360445
2452063.1419048416 1.001099705696106 0.00186157715506845
2452063.220377942 1.0009963512420654 0.0018615535227581
2452063.299545486 1.000889539718628 0.0018616308225318
2452063.3780185697 1.0007112622261047 0.00186158652650185
2452063.456491645 1.0006773471832275 0.0018613090505823
2452063.5356591647 1.0001001358032229 0.0018610259285196
2452063.614826676 0.9997301101684568 0.0018613886786624
2452063.6932997284 1.0003198385238647 0.0018616746529005
2452063.771772774 0.9997985363006592 0.0018613229040056
2452063.8509402634 1.0001810789108276 0.0018618803005665
2452063.9294132944 1.000692367553711 0.00186194363050155
2452064.007886318 1.0004103183746336 0.0018615938024595
2452064.0870537865 1.00022554397583 0.001861514057964
2452064.1662212485 1.0009765625 0.0018617857713252
2452064.2446942525 1.0001829266548157 0.0018616265151649
2452064.3231672496 1.0006259679794312 0.0018618811154738
2452064.402334692 1.0004873275756836 0.0018618733156472
2452064.4808076764 1.0008226037025452 0.00186265207594255
2452064.5592806544 1.0006647109985352 0.0018623294308781
2452064.6384480777 1.000462532043457 0.0018620445625856
2452064.7176154945 1.0008860826492307 0.0018625692464411
2452064.796088455 1.0004431009292603 0.0018617666210046999
2452064.8745614085 1.0002474784851074 0.0018623233772814
2452064.953728807 0.9998375773429872 0.0018623140640556
2452065.0322017493 1.0005991458892822 0.00186234741704535
2452065.1106746853 1.0003670454025269 0.0018621492199599
2452065.189842066 1.0005766153335571 0.0018626096425578
2452065.269009441 1.000368595123291 0.0018628480611369
2452065.3474823595 1.0008134841918945 0.0018627704121171999
2452065.4259552727 1.0005356073379517 0.0018628496909514
2452065.5051226304 1.0005750656127927 0.001862961333245
2452065.583595532 0.9999821782112124 0.0018623903742991
2452065.662068428 1.000050663948059 0.0018622546922415
2452065.741235769 0.9998656511306762 0.0018623541109263
2452065.8204031037 0.9996026754379272 0.0018623336218297
2452065.8988759834 0.998966336250305 0.0018622640054672501
2452065.977348857 0.995396852493286 0.0018601912306621
2452066.0565161756 0.9980108141899108 0.0018612589919939
2452066.134989039 0.999533623456955 0.0018621360068209
2452066.2134618964 0.9991939067840576 0.0018620907794684
2452066.292629198 0.9989641308784484 0.0018621059134602
2452066.3717964953 0.9994012713432312 0.0018622349016368
2452066.450269337 0.9987663328647614 0.0018620935152284
2452066.5287421728 0.9989356994628904 0.0018625762313604
2452066.6079094536 0.9990573525428772 0.0018628387479111
2452066.686382279 0.9996238946914673 0.00186268996912985
2452066.764855099 0.9996616840362548 0.0018639657646417
2452066.844022364 1.0002628564834597 0.0018650419078767
2452066.9224951733 1.0000603795051575 0.00186590402154245
2452067.0009679785 0.999750018119812 0.0018664865056052
2452067.080135227 1.0001444816589355 0.0018677213229238
2452067.159302471 1.000280261039734 0.0018689127173274
2452067.23777526 1.0002582669258115 0.0018696644110605
2452067.3162480444 0.9997854232788084 0.0018693337915465
2452067.3954152726 0.999862790107727 0.0018699017819017
2452067.473888046 0.9998588263988494 0.00187110609840595
2452067.5523608145 1.0002228021621704 0.001873840810731
2452067.631528028 1.0000460147857666 0.001876045949757
2452067.7106952355 0.9999236464500428 0.0018766045104712
2452067.789167989 0.9999192357063292 0.0018775158678181
2452067.8676407374 0.9999096393585204 0.0018784574931487
2452067.9468079302 1.0001803636550903 0.0018788010347634
2452068.030141812 1.0003899335861206 0.0018782973056659
2452068.1037534024 1.0007681846618652 0.0018795352661982
2452068.1829205803 1.00090754032135 0.0018809225875884
2452068.2620877526 1.001738667488098 0.0018812135094776
2452068.3405604716 1.0009809136390686 0.00187951279804105
2452068.4190331856 1.0013855695724487 0.0018795740325003
2452068.498200343 1.0011723041534424 0.0018823582213371
2452068.5766730476 1.0017525553703308 0.0018864427111111
2452068.6551457467 1.001177430152893 0.0018887422047555
2452068.73431289 1.001265525817871 0.0018889753846451
2452068.8134800284 1.0020885467529297 0.0018893186934292
2452068.891952713 1.0016539692878723 0.0018898002454079501
2452068.9704253934 1.0017238855361938 0.0018893735250458
2452069.0495925173 1.0018856525421145 0.0018886537291109
2452069.128065188 0.9974176585674286 0.0018873348599299
2452069.206537854 0.9808497428894044 0.0018802409758791
2452069.285704964 1.001298904418945 0.0018908486235886
2452069.3648720686 1.0021412372589111 0.0018899959977716
2452069.4433447206 1.0014856457710266 0.0018911900115199001
2452069.5218173685 1.0011742115020752 0.001895755296573
2452069.6009844593 1.0012673139572144 0.0019021057523787
2452069.6794570973 1.0008909106254575 0.00190621055662625
2452069.7586241793 1.0011727809906006 0.00190795591333875
2452069.8370968085 1.000757932662964 0.0019107366679236
2452069.916263881 1.0007303953170776 0.0019118606578558
2452069.994736501 1.0014127492904663 0.0019103129743598
2452070.073209117 1.0010361671447752 0.0019100374775007
2452070.1523761763 1.0009353160858154 0.0019124934915453
2452070.2308487836 1.0003634691238403 0.0019146397244185001
2452070.309321386 0.999708354473114 0.0019127794075757
2452070.3884884324 1.000126838684082 0.0019106084946542
2452070.467655474 0.9997207522392274 0.0019132839515805
2452070.546128064 0.9995547831058502 0.0019213869818486
2452070.62460065 0.9996511936187744 0.0019347931956872
2452070.7037676787 0.9988601207733152 0.0019433720735833
2452070.782240256 0.9997631013393402 0.00194661034038285
2452070.8607128295 0.9990152716636655 0.0019509267294779
2452070.9398798463 0.9989526271820068 0.0019507362740114
2452071.0183524117 0.9992900788784026 0.00194707023911175
2452071.0968249734 0.9986994266510008 0.0019471734995022
2452071.1759919785 0.9989212155342102 0.0019541827496141
2452071.25515898 0.998948097229004 0.0019586237613111
2452071.3336315295 0.9990858733654021 0.00195591594092545
2452071.4121040762 0.9990725517272948 0.0019531438592821
2452071.491271067 0.9989523887634276 0.0019577168859541
2452071.5697436063 1.0002427697181702 0.00197611132171
2452071.6482161423 1.0004632472991943 0.0019951374270021
2452071.7273831223 1.0003386735916135 0.0020059128291904
2452071.806550099 1.000394821166992 0.0020124749280512
2452071.8850226253 0.9999973475933076 0.0020182778825982503
2452071.963495149 1.000243067741394 0.002018439117819
2452072.0426621162 1.0003875494003296 0.002015265636146
2452072.121134634 1.0001248121261597 0.00201995740644625
2452072.1996071497 0.999794006347656 0.0020326185040175
2452072.278774109 1.0005017518997192 0.0020413782913237
2452072.357941067 1.0002392530441284 0.0020379810594022
2452072.436413575 0.9999761879444123 0.0020340861519798498
2452072.504469378 0.9990849196910857 0.0020412955200298996
2452075.195453601 1.0011178255081177 0.0018629223341122
2452075.274620532 1.0010087490081787 0.0018626472447067
2452075.351009654 1.0004526376724243 0.0018624884542077
2452075.4294820954 1.0005390048027039 0.0018627291428856
2452075.507954518 1.0011748075485227 0.0018627693643793
2452075.5871213693 1.0010188817977903 0.0018630947452038
2452075.665593758 1.0014178156852722 0.0018627677345648
2452075.7440661327 1.000394582748413 0.0018627723911777
2452075.8232329385 0.9781012535095216 0.0018499271245673
2452075.9023997313 0.9986814260482788 0.0018618027679622
2452075.980177621 1.001055121421814 0.0018629177939146
2452076.0593443895 1.0005804300308228 0.0018631205894052
2452076.138511147 1.0008288621902464 0.0018629736732691
2452076.2169834482 1.000172197818756 0.0018628402613103
2452076.2954557394 1.0006189346313477 0.0018630602862685
2452076.374622466 1.0007901191711424 0.0018633956788107
2452076.453789183 1.0014290809631348 0.0018639115151017
2452076.5322614457 1.0009343028068542 0.0018634460284374
2452076.6107337 1.0012211799621582 0.0018637055763974
2452076.68990039 1.00134539604187 0.0018642045324668
2452076.768372627 1.0013111233711243 0.0018646079697646001
2452076.8468448557 1.001450777053833 0.0018642197828739
2452076.926011521 1.0015907287597656 0.0018640380585566
2452077.0051781787 1.0013691186904907 0.0018640849739313
2452077.083650384 1.0008808970451355 0.0018639448098838
2452077.1621225816 1.0007786750793457 0.001864162273705
2452077.2412892166 1.000942587852478 0.0018640558701008
2452077.3197614 1.0005359649658203 0.001863756799139
2452077.3982335757 1.000717282295227 0.0018636471359059
2452077.4774001893 1.000366449356079 0.0018637849716469
2452077.5565667953 0.9999908208847044 0.0018635676242411
2452077.6350389505 1.0004906058311462 0.00186351512093095
2452077.713511099 0.9998964071273804 0.0018635058077052
2452077.7926776847 1.0000208616256712 0.0018638606416061
2452077.8711498203 1.000346302986145 0.001863504468929
2452077.949621949 1.0008374452590942 0.0018640075577422
2452078.028788515 1.000117540359497 0.0018635337473824
2452078.1079550744 1.000267505645752 0.0018636834574863
2452078.186427184 1.000279426574707 0.0018639769405126
2452078.2648992874 1.0002195835113523 0.0018642254872247
2452078.344065828 1.0010771751403809 0.0018642197828739
2452078.422537919 0.9999136030673981 0.0018643386429175002
2452078.501010004 1.0004758834838867 0.0018646284006536
2452078.5801765257 1.000536561012268 0.0018653481965884
2452078.659343042 1.0011242628097534 0.0018653656588867
2452078.7378151086 1.0006778240203857 0.0018649997655301501
2452078.8162871692 1.0001875162124632 0.0018649385310709
2452078.8954536677 1.0002775192260742 0.001865467405878
2452078.9739257162 0.9997277855873108 0.00186478567775335
2452079.05239776 1.000580668449402 0.0018652634462341
2452079.1315642404 1.000333547592163 0.0018644625088199
2452079.210036272 1.000065952539444 0.00186430109897625
2452079.2885082983 0.9959676265716552 0.0018624459626153
2452079.367674762 0.9993789196014404 0.0018642466748133
2452079.446841219 0.9993879199028016 0.0018638960318639
2452079.5253132284 0.9995116293430328 0.00186407432192935
2452079.603785232 0.9994496703147888 0.0018639981281012
2452079.6829516725 0.9995394945144652 0.001864181831479
2452079.761423665 0.9999938607215881 0.0018643325893208
2452079.839895652 0.9998127222061156 0.0018642290960997
2452079.9190620757 0.9999887347221376 0.0018645517993718
2452079.9982284945 1.0006142854690552 0.0018654526211321
2452080.076700465 0.9993792176246642 0.0018658240442164
2452080.1551724304 1.000115990638733 0.0018666880205273
2452080.2343388326 1.0000532865524292 0.001867082901299
2452080.312810787 1.000429928302765 0.00186792516615235
2452080.3912827363 1.0002517700195312 0.0018682889640331
2452080.470449122 1.0009926557540891 0.0018696759361773
2452080.5496155024 1.0005143880844116 0.0018707250710576
2452080.628087436 0.9999135732650757 0.00187173602171235
2452080.706559364 1.0001615285873413 0.0018728064605966
2452080.7857257286 1.0003496408462524 0.001874342910014
2452080.8641976463 1.0006972551345825 0.0018754951306618499
2452080.9426695593 1.0005618333816528 0.0018759962404146
2452081.0218359083 0.9999988675117492 0.0018759140511974
2452081.101696694 0.9997464418411254 0.00187683332478625
2452081.173918617 1.000224232673645 0.00187738577369595
2452081.2579460414 1.000717282295227 0.0018767847213894
2452081.33711237 1.0006842613220217 0.0018763238331303
2452081.415584252 1.000268816947937 0.0018762132385744998
2452081.494056129 1.00082266330719 0.0018778769299387
2452081.573222442 1.000534176826477 0.0018802352715283
2452081.6523887506 1.0007129907608032 0.0018825042061507
2452081.7308606124 0.9999560415744781 0.0018842116114683
2452081.8093324695 1.0000767707824707 0.0018856956157833
2452081.888498763 1.0004055500030515 0.0018870213534682
2452081.96697061 1.0000916123390196 0.00188677100231865
2452082.0454424527 0.9995839595794676 0.0018871359061449
2452082.124608731 1.0003557205200195 0.0018887581536546
2452082.2037750045 1.0004522800445557 0.0018885972676798
2452082.2822468327 1.0006631016731262 0.00188762421021235
2452082.360718656 1.0006183385849 0.0018865562742576
2452082.439884915 0.9897258877754213 0.0018804590217769
2452082.5183567284 0.9837937653064728 0.0018793797353281998
2452082.596828538 1.0012482404708862 0.0018942492315545
2452082.6759947827 1.0010075569152832 0.0018989564850926
2452082.7551610232 1.0006412267684937 0.0019020172767341
2452082.8336328184 1.0005037784576416 0.00190483353799205
2452082.9121046085 1.0004087686538696 0.001907332916744
2452082.991270835 1.000369429588318 0.0019079485209658
2452083.0697426163 1.0009093284606934 0.0019094451563432
2452083.1482143933 1.0007144212722778 0.0019109395798295
2452083.2273806063 1.0004359483718872 0.0019106677500531
2452083.3065468143 1.0006366968154907 0.001908264006488
2452083.385018578 1.0019035935401917 0.0019060136401094
2452083.4634903376 1.001246213912964 0.0019069426925852
2452083.5426565325 1.0006183385849 0.0019128319108858
2452083.6211282834 1.0007798075675964 0.00192169583169735
2452083.6996000297 1.00052809715271 0.0019292209763079
2452083.778766212 1.000482201576233 0.0019356864504516
2452083.85793239 1.0004924535751345 0.0019412668189033
2452083.9364041244 1.0008463263511658 0.0019433341221883
2452084.015570294 1.0003953576087952 0.0019416433642617998
2452084.0940420204 1.0001190900802612 0.0019439319148659
2452084.172513742 1.0000218152999878 0.0019472806015983
2452084.2509854604 1.0003875494003296 0.0019470107508823
2452084.3301516147 1.00024151802063 0.001940106973052
2452084.4086233256 1.0004315972328186 0.00193744001444425
2452084.4870950324 0.9999878406524656 0.001943360781297
2452084.566261175 0.999633550643921 0.0019556882325559
2452084.645427315 0.9998912215232848 0.0019694983493536
2452084.723899011 0.9992772042751312 0.0019784171599894
2452084.802370704 1.000050663948059 0.0019920370541512
2452084.8815368335 1.0004266500473022 0.0020044369157403
2452084.9600085197 1.0004839897155762 0.0020066268043592
2452085.0384802036 0.9999926686286926 0.0020045379642397
2452085.117646324 0.9997066259384156 0.0020094863139092
2452085.196812441 1.0003230571746826 0.0020164889283478
2452085.275284116 0.999426931142807 0.00201718148309735
2452085.353755789 0.9988479614257812 0.0020086539443582
2452085.4329218986 0.9991349577903748 0.0020056492649018
2452085.5113935666 1.0001212358474731 0.00201805459801105
2452085.581531958 0.9995188117027282 0.0020399838685989
2452088.2731821453 1.0009685754776 0.0018483746098354
2452088.346792775 1.000880002975464 0.001848220010288
2452088.425958897 1.0008453130722044 0.0018483662279322
2452088.5051249927 1.000888705253601 0.0018481478327885
2452088.5835966254 1.0004670023918152 0.00184820318827405
2452088.6620682366 1.0013346672058103 0.0018483982421457
2452088.7412342667 1.0008234977722168 0.0018485483014956
2452088.8204002785 1.0003665685653689 0.0018480386352166
2452088.8981773956 1.0005857944488523 0.0018484396860003
2452088.977343374 1.0009692907333374 0.0018485110485926
2452089.056509338 0.9998480677604676 0.0018480553990229
2452089.134980849 0.9780502021312714 0.0018351548351347
2452089.2141467854 1.000072330236435 0.0018481616280041
2452089.2926182714 1.0006886720657349 0.0018488345667719
2452089.371089746 1.0008309483528137 0.0018490806105546
2452089.4495612094 1.0010632276535034 0.0018489545909687
2452089.5287270998 1.001520037651062 0.0018494752002879
2452089.607198542 1.0010565519332886 0.0018489073263481
2452089.6856699744 1.0012421607971191 0.0018491692608222
2452089.7655302724 1.0012661814689636 0.00184932077536355
2452089.8440016867 1.0012735128402708 0.0018494114046916
2452089.9224730916 1.0013362169265747 0.0018493217648938
2452090.000944488 1.0014537572860716 0.001849356922321
2452090.0794158764 1.0014516115188599 0.0018494896939955001
2452090.1585816937 1.001413643360138 0.00184987438842645
2452090.2370530656 1.0015288591384888 0.0018499421421438
2452090.316218867 1.0015301704406738 0.0018499325960874
2452090.3953846605 1.0014214515686035 0.0018500826554372
2452090.4738560095 1.0020357370376587 0.00185025273822245
2452090.5523273516 1.0010982751846311 0.0018499846337363
2452090.631493123 1.0015790462493896 0.0018501935992389
2452090.710658887 1.0009300708770752 0.0018498578574508
2452090.788435771 1.0011155605316162 0.0018499158322811
2452090.8676015213 1.000934362411499 0.0018498768331483
2452090.946767265 1.001354932785034 0.0018499322468414
2452091.025238565 1.000691533088684 0.00184989516856145
2452091.1037098593 1.0010071992874143 0.0018498854478821
2452091.182875583 1.000828981399536 0.0018498386489227
2452091.2613468636 1.0013342499732971 0.00184981513302765
2452091.3398181386 1.001500368118286 0.0018498537829145
2452091.418983843 1.0006802082061768 0.0018496611155569
2452091.498149541 1.0004248619079588 0.0018498813733458
2452091.576620797 1.000681757926941 0.0018497419659979
2452091.655092047 1.0002321004867551 0.0018495980184525
2452091.734257727 0.999946355819702 0.0018495704280212
2452091.8127289647 1.0000788569450378 0.0018495270051061999
2452091.891200197 0.9997864365577696 0.0018497190903872
2452091.9703658586 1.00010347366333 0.001849640160799
2452092.0495315148 0.9991707205772402 0.0018494402756914
2452092.1280027293 1.0001008510589597 0.00184952915878965
2452092.2057795026 1.0000941753387451 0.00184991187416015
2452092.2856395766 0.9994509220123292 0.0018498472636565
2452092.3641107744 1.0000422596931458 0.0018494891119189
2452092.4425819656 0.9993303418159484 0.0018495527328923
2452092.5217475872 0.9986307621002196 0.0018491501687094
2452092.600913203 0.9958481788635252 0.0018474729731678
2452092.679384378 0.9992510974407196 0.0018493676325305498
2452092.7578555476 0.9996653795242308 0.0018496327102184
2452092.837021147 0.9997375011444092 0.0018495734548196
2452092.9154923055 0.9998967051506042 0.0018496523262001002
2452092.9939634586 0.9998430013656616 0.0018495213007554
2452093.0731290416 0.9994457960128784 0.0018498436547815
2452093.152294619 0.9995053410530088 0.001849821768701
2452093.230765756 0.9998342990875243 0.0018499165307729998
2452093.3092368883 0.998856484889984 0.0018493494717404
2452093.38840245 0.9998318552970886 0.0018499224679544
2452093.4668735713 0.9999386072158813 0.0018502816674299
2452093.5453446875 1.00027859210968 0.001850071712397
2452093.624510233 0.9999929666519164 0.0018499527359381
2452093.7036757735 1.000041365623474 0.0018501331796869
2452093.782146874 1.0006157159805298 0.00185010588029395
2452093.8606179697 1.0009496212005615 0.0018505962798371
2452093.9397834945 1.0006152391433716 0.0018508118810132
2452094.01825458 1.000621259212494 0.0018510794616304
2452094.09672566 1.0006090402603147 0.0018509641522541
2452094.1758911693 1.0009647607803345 0.0018512608949095
2452094.255056674 1.000689148902893 0.0018507670611143
2452094.333527739 1.0007309913635254 0.00185114395571865
2452094.4119987995 1.001592040061951 0.0018517185235396
2452094.491164289 1.0001466274261477 0.0018505421467125
2452094.569635339 1.00092214345932 0.00185100670205425
2452094.6481063846 1.000667929649353 0.0018510750960558
2452094.7272718595 1.0004538297653198 0.0018505350453779
2452094.806437329 1.0001500844955444 0.0018507498316466
2452094.8800473227 1.0001871585845947 0.0018507433123886
2452094.963379386 1.0004351139068604 0.0018510759109631
2452095.0425448413 1.000361442565918 0.0018514355178922
2452095.121015858 1.0001738667488098 0.00185138464439655
2452095.1994868694 1.0004243850708008 0.0018512739334255
2452095.2786523104 1.0002357959747314 0.0018513648537918
2452095.3578177462 1.0000087022781372 0.0018512277165427
2452095.436288744 1.000497817993164 0.0018515236442908502
2452095.514759737 1.0003799200057983 0.001851781271398
2452095.593925159 1.0001999139785769 0.0018515373812988
2452095.672396143 1.0000130832195282 0.0018516075215302
2452095.7508671223 0.9847563505172728 0.0018412864301353
2452095.8300325302 0.9911945462226868 0.0018461957806721
2452095.9085035003 1.000671923160553 0.00185260415310035
2452095.986974466 1.000277757644653 0.0018524775514379
2452096.0661398605 1.000388979911804 0.0018537648720666
2452096.145305251 1.0005027055740356 0.0018551998073235
2452096.223776203 1.0007140636444092 0.00185623898869375
2452096.302247151 1.0007708072662351 0.0018568859668448
2452096.3814125275 1.0007259845733645 0.0018579188035801
2452096.459883467 1.0010636448860168 0.0018594959401525
2452096.538354402 1.0006821155548096 0.0018610858824104
2452096.6175197656 1.000823974609375 0.0018626215169206
2452096.696685125 1.000596046447754 0.0018645235104486
2452096.775156047 1.0001900196075437 0.00186655251309275
2452096.853626965 1.0001453161239624 0.0018676908221095
2452096.932792312 1.0001615285873413 0.001868323306553
2452097.011263222 1.0006396770477295 0.0018686296534724
2452097.0897341277 1.0003457069396973 0.0018703755922615
2452097.1688994626 1.0003880262374876 0.0018724029650911
2452097.248064793 0.999825119972229 0.0018725864356383
2452097.326535687 1.0003412961959839 0.00187294802162795
2452097.405006577 1.0000219345092771 0.0018743763212114
2452097.484171896 0.9992692470550536 0.001877246890217
2452097.5626427783 0.9999873042106628 0.00188236741814755
2452097.641113657 0.9996753334999084 0.0018876263638958
2452097.720278965 0.9998360872268676 0.0018929933430626
2452097.799444269 0.9998943209648132 0.0018977816216647
2452097.877915137 0.9998639822006226 0.0019022804917767
2452097.9563860013 0.9993706345558168 0.0019027204252779
2452098.035551295 0.9992472529411316 0.0019018527818843
2452098.114022153 0.9996066391468046 0.0019057714962400002
2452098.192493008 0.9990627765655516 0.0019099351484328
2452098.2716582916 0.9993420839309692 0.0019097875338047
2452098.350823572 0.9990832209587096 0.0019084813538938
2452098.4292944176 0.9989948272705079 0.0019094647723249501
2452098.50776526 0.9994606375694276 0.0019176685018464
2452098.5869305325 0.9997515082359314 0.0019316300749778
2452098.6654013693 1.0001079440116882 0.0019437247538007
2452098.743872204 1.0002001523971555 0.0019550854340195
2452098.8230374684 1.0007672309875488 0.0019682988058775
2452098.9022027305 1.0003256797790527 0.0019793179817497
2452098.980673558 1.0007360577583313 0.0019815423293039003
2452099.059144384 1.0005109310150146 0.0019844111520797
2452099.138309641 1.000874638557434 0.0019962070509791
2452099.2167804632 0.9975520968437195 0.00200669642072165
2452099.2952512847 0.9994513392448424 0.0020119426771998
2452099.361222328 1.0012128949165344 0.0020138723775744
2452102.3701988147 0.9967706203460692 0.0018470622599124
2452102.44797515 0.9802460670471193 0.0018362895352765
2452102.5250570364 1.0010595321655273 0.0018495363765395501
2452102.603527768 1.002573013305664 0.0018502225866541
2452102.682692915 1.002283811569214 0.0018503224710002
2452102.7618580465 1.0012853145599363 0.0018497777637094
2452102.8403287325 1.001792848110199 0.0018499092548154
2452102.9187994055 1.0013786554336548 0.0018499374855309
2452102.9993533576 1.0014562606811523 0.0018498449353501
2452103.076435144 1.0019747614860535 0.0018503720639273
2452103.1549057807 1.0021164417266843 0.0018506043124943
2452103.2340708366 1.0020986795425415 0.0018502251477912
2452103.3125414513 1.002015769481659 0.0018505681655369
2452103.3910120563 1.0021461248397827 0.0018505320185795
2452103.470871512 1.001591980457306 0.0018506985506973501
2452103.5493420972 1.0017777681350708 0.0018510695081204
2452103.6278126733 1.0016523599624634 0.00185098563088095
2452103.7062832415 1.001643657684326 0.0018507773056626
2452103.784753801 1.0016741752624512 0.00185074988985425
2452103.8639187813 1.001169741153717 0.00185067503480235
2452103.9423893243 1.0016020536422727 0.0018512395909056
2452104.020859859 1.000895380973816 0.0018510418594814499
2452104.101413674 1.000763475894928 0.0018506566993892002
2452104.179189765 1.0015594959259033 0.00185083376709365
2452104.2576602767 1.0010403394699097 0.0018506663618609
2452104.336825211 1.0008426904678345 0.0018509832443669
2452104.415295709 1.0011102557182312 0.001851373410318
2452104.4937661993 1.0009689331054688 0.0018510781228542
2452104.5729311127 1.0005545616149902 0.0018511014059185
2452104.6520960187 1.0005104541778564 0.0018507259665057
2452104.730566489 1.0002912878990173 0.00185085495468225
2452104.809036953 0.9995868802070615 0.0018509299261495
2452104.8882018393 0.9999740719795228 0.0018508550710976
2452104.96667229 0.9996847510337827 0.0018507802742533
2452105.0451427354 0.9992367029190063 0.0018506431952118
2452105.1243076026 0.9994360208511353 0.0018502610037103
2452105.203472464 0.9992649555206298 0.0018502580933272
2452105.28194289 0.9989291727542877 0.0018502425518817501
2452105.3604133106 0.9994000792503358 0.0018502686871215
2452105.4395781537 0.9990967512130736 0.001850068452768
2452105.518048562 0.999241441488266 0.0018500405130907499
2452105.596518965 0.999491572380066 0.0018503083847463
2452105.6756837904 0.9996297955513 0.001850152737461
2452105.7548486097 0.999475598335266 0.0018501915037631
2452105.833318996 0.9979119598865509 0.0018490602960809501
2452105.911789376 0.9958081841468812 0.0018481279257684
2452105.9909541784 0.9996042251586914 0.001850341213867
2452106.0694245473 0.9997543096542358 0.00185061414958905
2452106.147894911 0.999441921710968 0.0018502817256376
2452106.2270596973 1.0003551244735716 0.0018506384221836
2452106.306224478 0.9998214244842528 0.0018505149055272
2452106.384694825 0.9993245005607604 0.0018509038491174
2452106.4631651677 0.9997389316558836 0.0018509693909436
2452106.542329932 0.9992020130157472 0.0018508953507989
2452106.6208002637 0.9996652007102966 0.00185086403507735
2452106.69927059 1.0004137754440308 0.0018513543764129
2452106.778435339 0.9997676014900208 0.0018509743968024
2452106.857600083 1.00004243850708 0.0018509706715121
2452106.9360703947 0.999531716108322 0.0018506434862501499
2452107.0145407007 1.0000231266021729 0.0018509600777179
2452107.093705429 0.9999669790267944 0.001850850880146
2452107.172175725 1.0000444650650024 0.0018508052453398
2452107.2506460166 0.9996620416641236 0.0018506387714296
2452107.32981073 0.9990597367286682 0.0018507210770621
2452107.4089754387 1.000072717666626 0.0018510575173422
2452107.4874457153 0.9999178051948546 0.0018506239284760998
2452107.565915987 0.9999122023582456 0.0018506601918488
2452107.645080681 0.9998440742492676 0.0018508909270167
2452107.723550943 1.0006285309791565 0.0018512725946493
2452107.8020212003 0.9998152256011962 0.00185057381168
2452107.8811858804 1.0005158185958862 0.0018508655484765
2452107.960350555 1.0006574392318723 0.0018513129325583
2452108.0388207985 1.0007550120353699 0.00185121758840975
2452108.1165966103 1.0005539059638977 0.00185105809941885
2452108.196455698 1.0008147954940796 0.0018512282986193
2452108.2742315005 1.0004043579101562 0.0018513754475861
2452108.3527017254 1.0004233717918396 0.0018511926755309
2452108.433255226 1.0003573894500732 0.0018512064707465
2452108.5165864285 1.0013718605041504 0.00185177777893835
2452108.590195653 1.0006896257400513 0.0018520921003072999
2452108.66866586 1.00081729888916 0.0018520165467634
2452108.747830489 1.0009260177612305 0.0018521692836657
2452108.826300687 1.0004950165748596 0.0018521601450628999
2452108.904770881 1.0006351470947263 0.0018519493751227
2452108.983935497 1.00032377243042 0.0018520281882956
2452109.0631001084 0.9789236187934875 0.0018388903699815
2452109.141570289 0.9965330064296722 0.00184926565270865
2452109.2200404657 1.0005427598953247 0.0018519052537158
2452109.2992050643 1.001243233680725 0.0018521030433475
2452109.3776752325 1.0005413889884949 0.0018519576988182
2452109.456145396 1.00049090385437 0.0018520030425861
2452109.535309982 1.0011003017425537 0.0018520179437473
2452109.614474564 1.0007369518280027 0.0018521382007747
2452109.6929447153 1.0011135935783386 0.0018524747574700999
2452109.7714148625 1.0011111497879028 0.0018528421642258
2452109.850579432 1.0014126300811768 0.0018541886238381
2452109.929049572 1.0009287595748901 0.0018548706430009999
2452110.007519707 1.0013728141784668 0.0018560384633019
2452110.0859898385 1.000847339630127 0.0018568097730166499
2452110.165848818 1.0011603832244873 0.001857788185589
2452110.245013368 1.0017708539962769 0.0018577345181256
2452110.322789062 1.0014677047729492 0.0018581104231998
2452110.401953604 1.0008583068847656 0.0018594253342598
2452110.4804237164 1.000808596611023 0.00186145846964785
2452110.558893825 1.0000054836273191 0.0018633407307788
2452110.638058356 1.0006924867630005 0.0018648689147084
2452110.717222883 1.0008641481399536 0.0018653295701369
2452110.7956929808 1.001015841960907 0.00186751014553005
2452110.874163075 1.0005618333816528 0.0018688148120418
2452110.9533275915 0.9998839497566224 0.0018696271581575
2452111.031797679 0.9996978044509888 0.0018689575372263499
2452111.1102677626 0.9994247555732728 0.0018714296165853
2452111.189432269 0.999414563179016 0.0018730380106717
2452111.2685967716 1.0003021955490112 0.0018730643205344
2452111.3470668457 0.9990509152412415 0.0018723121029324
2452111.425536917 0.9989928603172302 0.0018756731878966
2452111.5053958353 0.9988738000392914 0.00188165321014815
2452111.583171475 0.9993976652622223 0.0018878323026001
2452111.661641537 0.9995230436325072 0.0018919131252914
2452111.7408060217 0.999410569667816 0.0018952846294268
2452111.819970503 0.9996743202209472 0.0019001240143552
2452111.8984405566 0.999139219522476 0.0019045254448428
2452111.9769106074 0.9995458126068116 0.0019051921553909
2452112.0560750808 0.9997707605361936 0.0019066538661718
2452112.134545127 0.999999076128006 0.00191145436838265
2452112.2137095956 1.0003702640533447 0.00191447179531675
2452112.2921796367 0.9996970891952514 0.0019121681107208
2452112.371344101 1.0004504919052124 0.0019126066472381
2452112.4498141385 1.0005555152893066 0.0019199372618458502
2452112.528284174 0.9965747594833374 0.0019334233365952
2452112.607448633 0.99980628490448 0.001952497405
2452112.6859186646 1.0004404187202454 0.0019623673288150997
2452112.7643886954 1.0006524324417114 0.0019727861508727
2452112.84355315 1.0008264780044556 0.0019903904758393
2452112.922023179 1.0003211498260498 0.0020063195843249
