2451570.855819407 0.9192053079605103 0.0004335641860961
2451570.932905432 1.0498421192169187 0.0004476269241422
2451571.0092969914 1.025940179824829 0.000442740652943
2451571.0856885538 0.9372810721397402 0.0004285332979634
2451571.162080117 1.0582494735717771 0.0004422108759172
2451571.2384716817 0.9502997398376464 0.0004267758340574
2451571.3141687782 0.9883912801742553 0.00043052548426195
2451571.389865875 1.0674893856048584 0.0004399225290399
2451571.46625744 0.93549907207489 0.0004209812323097
2451571.542649004 1.0396437644958496 0.0004347063077148
2451571.6190405665 1.0189837217330933 0.0004316066915635
2451571.6954321275 0.9186198115348818 0.0004177326627541
2451571.771129218 1.0666401386260986 0.00043736454972525
2451571.846826306 0.9855483174324036 0.0004262260335963
2451571.9232178596 0.982609450817108 0.0004255819658283
2451571.9996094103 1.0589967966079712 0.0004358601872809
2451572.0760009577 0.9199814200401306 0.0004161547403782
2451572.1523925015 1.0305441617965698 0.0004319172585383
2451572.2287840415 1.0406458377838137 0.0004327430215198
2451572.3044811096 0.9347386062145232 0.0004179586685495
2451572.380178172 1.0588703155517578 0.0004347343638073
2451572.4565697 0.9774395227432252 0.0004232818901073
2451572.532961223 0.9616509079933168 0.0004214216023683
2451572.604491462 1.0629401206970215 0.00043534707219799996
2451572.6857442535 0.9356082677841184 0.0004178975650575
2451572.7614412927 1.0236156582832336 0.000430020460044
2451572.837138327 1.040148377418518 0.0004316146078053
2451572.9135298235 0.918814480304718 0.0004150414024479
2451572.989921315 1.0622264146804807 0.0004347116919234
2451573.0663128 1.005122184753418 0.0004271211801096
2451573.14270428 0.9615911245346068 0.0004213433130644
2451573.219095754 1.061182737350464 0.0004344659682828
2451573.2947927527 0.926920473575592 0.0004160778189543
2451573.370489747 1.0085808038711548 0.0004272476071491
2451573.4468812016 1.0569353103637695 0.0004337016725912
2451573.52327265 0.9350913763046264 0.0004173088236711
2451573.5996640916 1.0568914413452148 0.0004336728597991
2451573.6760555273 1.0002267360687256 0.0004258044937159
2451573.751752488 0.9342602491378784 0.00041683229210320004
2451573.827449442 1.0645582675933836 0.0004346093046478
2451573.9038408566 0.9598957896232606 0.0004205387376714
2451573.980232265 1.0075100660324097 0.0004270797653589
2451574.0566236647 1.0567867755889893 0.0004335436387918
2451574.1330150585 0.9191129803657532 0.0004151195753365
2451574.209406445 1.0485246181488037 0.0004325164481997
2451574.285103356 1.0231545567512512 0.00042905383452305
2451574.3608002607 0.9368520975112916 0.0004172335029579
2451574.4371916247 1.0638982057571411 0.0004346129426266
2451574.5135829807 0.9534676074981688 0.0004191962361801
2451574.58997433 0.9879875183105468 0.0004238414403516
2451574.666365671 1.064236402511597 0.0004347251087892
2451574.7420625375 0.935350626707077 0.00041739337029865
2451574.8177593965 1.0433894395828247 0.0004320280859246
2451574.8941507144 1.0237728357315063 0.0004291782097425
2451574.970542024 0.9190807342529296 0.0004147495783399
2451575.046933326 1.0643955469131468 0.0004348293005023
2451575.12332462 0.98260760307312 0.0004234053776599
2451575.1997159054 0.9893044233322144 0.0004243527073413
2451575.275412717 1.0640466809272766 0.00043477509461805003
2451575.3511095205 0.9188523292541506 0.0004148416046518
2451575.427500781 1.0285582542419431 0.0004303249297663
2451575.5038920343 1.041576266288757 0.0004319032595958
2451575.580283279 0.9354013204574586 0.0004174085042905
2451575.6566745145 1.0629348754882812 0.0004347322974354
2451575.727510017 0.9914145469665528 0.0004256221582181
2451575.80806803 0.9583538174629213 0.0004202043928671
2451575.884459241 1.064663290977478 0.0004345719062257
2451575.9608504423 0.9366865754127502 0.0004173304187133
2451576.037241636 1.0277521610260008 0.0004298175044823
2451576.1136328205 1.042295217514038 0.0004317461862228
2451576.190023996 0.9190696477890016 0.0004146336577832
2451576.265720698 1.0604268312454224 0.0004340950690675
2451576.341417391 1.0054495334625244 0.000426929036621
2451576.4178085397 0.963324785232544 0.0004207936581224
2451576.49419968 1.0647867918014526 0.00043477510917
2451576.5705908113 0.9278348088264464 0.0004162931581959
2451576.6469819327 1.0088521242141724 0.0004275497922208
2451576.7226785813 1.0552713274955747 0.00043346162419759997
2451576.7983752205 0.936870038509369 0.0004171975306235
2451576.874766315 1.0580357313156128 0.0004338054859545
2451576.9511574004 1.003296136856079 0.0004265500756446
2451577.027548476 0.9350450634956362 0.0004169624007772
2451577.103939542 1.0644161701202393 0.0004346692003309
2451577.180330599 0.9583642482757568 0.0004202693817205
2451577.256027183 1.0102858543395996 0.0004273385420674
2451577.3317237566 1.0604395866394043 0.0004344767075963
2451577.408114785 0.9205124974250792 0.0004149973392486
2451577.484505804 1.04606556892395 0.0004325175832491
2451577.5608968125 1.0215665102005005 0.000429066538345
2451577.6372878114 0.9402471780776976 0.0004177381924819
2451577.712984337 1.0670090913772583 0.00043499411549410003
2451577.7886808524 0.957640826702118 0.0004200272960588
2451577.865071822 0.9859057068824768 0.0004244463634677
2451577.9414627813 1.0616000890731812 0.0004344460030552
2451578.01785373 0.9367875456809996 0.0004170019819866
2451578.0942446683 1.045323133468628 0.0004323583561927
2451578.169941134 1.0266202092170713 0.0004299974389141
2451578.2456375887 0.920602798461914 0.0004150614258833
2451578.3220284963 1.0616562366485596 0.0004342056636232
2451578.398419393 0.9810181260108948 0.0004228148027323
2451578.474810279 0.9877955317497252 0.0004240070702508
2451578.5512011545 1.06656014919281 0.0004349082300905
2451578.6275920193 0.9213510155677797 0.0004149801388848
2451578.7032884103 1.027075707912445 0.0004294917598599
2451578.7789847907 1.038902163505554 0.0004313882964197
2451578.8512088493 0.9309952855110168 0.0004164525889791
2451578.931766442 1.0681536197662351 0.0004352894902694
2451579.00815725 0.9840193390846252 0.0004239224363118
2451579.0845480473 0.9626761078834531 0.0004208435420878
2451579.160244371 1.0614864826202393 0.00043440882291175
2451579.2359406822 0.9364760518074036 0.0004171218024566
2451579.3123314437 1.0292288064956665 0.0004300221626181
2451579.388722193 1.0487523078918457 0.0004333878168836
2451579.465112929 0.9239713549613952 0.0004156201612204
2451579.540809192 1.0572216510772705 0.00043356457899785
2451579.6178943645 0.9995790719985962 0.0004257492837496
2451579.6928961407 0.9600122570991516 0.0004203699063509
2451579.770675747 1.067416787147522 0.0004348081129137
2451579.845677498 0.9349112510681152 0.000416840048274
2451579.9220681554 1.0069549083709717 0.0004267303156666
2451579.998458799 1.0488739013671875 0.0004321789310779
2451580.0748494286 0.9343923926353456 0.0004166034050285
2451580.1505455826 1.0615295767784119 0.00043472237302915
2451580.2262417227 1.0107731819152832 0.0004274504899512
2451580.302632307 0.9356194734573364 0.0004168911254964
2451580.3790228753 1.059212565422058 0.0004338962316978
2451580.455413427 0.9545099139213562 0.0004198964161332
2451580.531803963 1.0107413530349731 0.0004277356783859
2451580.60819448 1.063833713531494 0.0004344571207184
2451580.6838905206 0.9238377809524535 0.00041553966002529997
2451580.7595865433 1.0426859855651855 0.0004317852144595
2451580.835977005 1.0168840885162351 0.0004289677890483
2451580.912367447 0.9392489790916442 0.0004180164542049
2451580.9887578674 1.0705289840698242 0.0004356527060735
2451581.0651482656 0.9623977541923524 0.0004207779420539
2451581.140844183 0.9858010709285734 0.00042389542795715
2451581.216540077 1.0561015605926511 0.0004337801947258
2451581.292930402 0.9345057010650634 0.0004176130460109
2451581.3693207004 1.048374056816101 0.000432685308624
2451581.44571097 1.0340615510940552 0.000430963904364
2451581.522101208 0.9243196845054624 0.0004163266858085
2451581.5984914135 1.055380940437317 0.0004340473969932
2451581.6741871284 0.9763731360435486 0.00042324635433029997
2451581.749882805 0.9879996180534362 0.0004244492738507
2451581.7894667685 1.0646418929100037 0.00043474760605015
2451584.5131081874 1.0285415053367617 0.000450626888778
2451584.569358888 0.9331089854240416 0.0004350594244897
2451584.6450542775 1.0469613671302795 0.00044782503391609997
2451584.720055215 1.039073646068573 0.00044484870159060004
2451584.7971395133 0.9311043620109558 0.0004282906011212
2451584.8735293588 1.0578203201293943 0.0004439331823959
2451584.949919204 0.974048376083374 0.0004320440639276
2451585.026309049 0.9897894263267516 0.0004332345270086
2451585.1026988933 1.0719591379165647 0.0004431898414622
2451585.178394283 0.9289871156215668 0.0004225151496939
2451585.2540896703 1.026788353919983 0.0004349960945546
2451585.330479509 1.0323127508163452 0.0004349700757302
2451585.4068693453 0.9318608045578004 0.0004206409794278
2451585.483259178 1.0721415281295776 0.0004392206319607
2451585.559649009 0.9935937523841858 0.0004279294225852
2451585.6353443824 0.9662925004959106 0.00042452210618645
2451585.7110397527 1.056848645210266 0.0004364799824543
2451585.787429572 0.9311735033988952 0.0004187535960227
2451585.8638193873 1.0283461809158323 0.0004320465086493
2451585.9450703682 1.0468036532402039 0.00043458970321805
2451586.0165990046 0.9312927722930908 0.0004180406976956
2451586.0929888063 1.0574761629104614 0.0004353753174655
2451586.1686841506 0.9946998059749601 0.00042608391959215
2451586.2443794897 0.9592412114143372 0.0004216653760522
2451586.321463729 1.0721324682235718 0.00043667413410725
2451586.396464605 0.9456291794776917 0.0004188646707916
2451586.473548833 1.0128018856048584 0.0004283452872186
2451586.5499386024 1.0458320379257202 0.0004328788782004
2451586.6256339136 0.9297195076942444 0.00041743749170559995
2451586.701329219 1.061848759651184 0.0004353287804406
2451586.777718971 1.0191586017608645 0.0004291390068829
2451586.8541087164 0.9438040256500244 0.0004187781596556
2451586.9304984557 1.0584003925323486 0.0004343209147918
2451587.0068881884 0.948313534259796 0.0004196422814857
2451587.0832779147 1.009611964225769 0.0004274284583516
2451587.1589731816 1.0712998509407041 0.00043580916826609995
2451587.2346684425 0.9343328475952148 0.0004172170301899
2451587.3110581487 1.0463414192199707 0.0004332256212364
2451587.387447848 1.0129687786102295 0.0004278543055988
2451587.46383754 0.9347187280654908 0.0004179450043011
2451587.540227224 1.0744667053222656 0.0004363939224276
2451587.61592245 0.9730770885944366 0.0004224484291626
2451587.6916176686 0.9913548827171323 0.0004252966900821
2451587.7680073315 1.0593234300613403 0.0004341658204793
2451587.8443969865 0.92975914478302 0.0004159788077231
2451587.9207866346 1.0475637912750244 0.0004329170624259
2451587.9971762747 1.0406874418258667 0.0004313150711823
2451588.0735659073 0.9338593482971193 0.0004171906330157
2451588.1492610807 1.0592496395111084 0.0004344459448475
2451588.2249562466 0.9731239080429076 0.0004228052566759
2451588.3013458555 0.9859773516654968 0.0004245396412443
2451588.377735457 1.0736583471298216 0.0004361507017165
2451588.45412505 0.9348466992378234 0.0004170217434875
2451588.530514635 1.032787203788757 0.0004303573805373
2451588.6062097615 1.0312726497650146 0.0004305625188862
2451588.68190488 0.9298464059829714 0.0004164751444477
2451588.758294441 1.074084997177124 0.0004361784085631
2451588.834683993 0.9988337755203248 0.0004257355467416
2451588.911073537 0.9715967774391174 0.00042273348663
2451588.9874630724 1.0589386224746704 0.0004339404986239
2451589.0687137516 0.9238281249999999 0.0004154533380642
2451589.1395476684 1.028793215751648 0.0004301363078411
2451589.215242728 1.0588637590408323 0.0004339138977229
2451589.2916322295 0.9347484111785888 0.0004169802123215
2451589.367327273 1.0597610473632812 0.0004338939907029
2451589.444411207 0.9937862157821656 0.0004254444211255
2451589.5208006823 0.9610286355018616 0.0004204589640721
2451589.596495699 1.072329342365265 0.0004357493889983
2451589.671496258 0.9501765072345734 0.00041928901919155003
2451589.748580157 1.0124177932739256 0.0004274965031072
2451589.8249695967 1.0446107387542725 0.0004321827145759
2451589.9013590277 0.9285719394683836 0.0004165323625784
2451589.97774845 1.0629825592041016 0.0004348675720393
2451590.0541378628 1.0193586349487305 0.0004288473865017
2451590.1298328172 0.9459425806999207 0.00041844359657260003
2451590.205527763 1.0582318305969238 0.0004341955645941
2451590.2819171483 0.9468746781349182 0.000418994721258
2451590.3583065243 1.00784170627594 0.0004275242099538
2451590.434695891 1.0705262422561643 0.0004358476435299
2451590.5110852486 0.9351078271865844 0.0004168738378211
2451590.586780148 1.0476643443107605 0.000432494081906
2451590.662475038 1.010798096656799 0.0004276373365428
2451590.738864367 0.9315081238746644 0.0004165669088251
2451590.8152536866 1.0724995136260986 0.0004358488076832
2451590.891642996 0.9721493124961852 0.0004224107251502
2451590.9680322963 0.9928655624389648 0.0004254100495018
2451591.0444215867 1.056100368499756 0.0004339181468822
2451591.1201164196 0.9247798919677734 0.0004160204698564
2451591.1958112423 1.0443092584609983 0.0004323281173128
2451591.272200503 1.039880633354187 0.0004315422847867
2451591.3485897537 0.9348970651626588 0.0004168606246821
2451591.4249789948 1.0570164918899536 0.0004340755695011
2451591.501368225 0.9660370349884032 0.0004216720408294
2451591.577062998 0.9829311668872834 0.00042370679148
2451591.652757761 1.0722209215164185 0.0004359169397503
2451591.729146961 0.93372243642807 0.0004167027655057
2451591.8055361505 1.0306998491287231 0.0004304488538764
2451591.8819253296 1.026593804359436 0.0004299689899198
2451591.958314498 0.92387717962265 0.0004153937043156
2451592.0347036556 1.071802854537964 0.0004359988379292
2451592.110398356 0.9969447553157806 0.00042540370486675
2451592.190954172 0.9812467992305758 0.0004232576320646
2451592.2624821714 1.0587714910507202 0.0004339753941167
2451592.338871286 0.923326075077057 0.0004155790084041
2451592.4145659427 1.0243297219276428 0.00042937090620395
2451592.491649481 1.0549705028533936 0.000433328008512
2451592.5673441156 0.9336971640586852 0.00041671462531665
2451592.643733185 1.0594400763511658 0.00043388472113289997
2451592.7194277965 0.9906370639801024 0.0004246764001436
2451592.7951223967 0.952112078666687 0.0004192107880953
2451592.871511431 1.07078617811203 0.00043542195635375
2451592.948594899 0.9443284869194032 0.0004186738224234
2451593.024983909 1.0164456367492676 0.0004283692978788
2451593.100678461 1.0453872680664062 0.0004324907640693
2451593.1763730007 0.9234623312950134 0.0004155239439569
2451593.2527619735 1.0579105615615845 0.0004344159387983
2451593.329150933 1.0185256004333496 0.0004290420620236
2451593.4055398796 0.948440670967102 0.0004193126806057
2451593.481928813 1.0599805116653442 0.000434412213508
2451593.5576232877 0.9435735940933228 0.0004181009571766
2451593.633317749 1.0024445056915283 0.0004269806668162
2451593.709706641 1.0693434476852417 0.0004353776748757
2451593.7860955177 0.9363742470741272 0.0004172404878772
2451593.86248438 1.0508872270584106 0.000432855420513
2451593.938873227 1.0093590021133425 0.0004273553204257
2451594.015262059 0.9300594329833984 0.0004164097190368
2451594.090956431 1.0708993077278137 0.00043550078407855004
2451594.1666507865 0.9716758131980896 0.0004220532136969
2451594.243039569 0.997735857963562 0.0004257287655491
2451594.3194283335 1.0590276718139648 0.000433887267718
2451594.39581708 0.9237772822380066 0.000415760121541
2451594.472205808 1.043799877166748 0.0004318127175793
2451594.547900073 1.0379213690757751 0.0004312858509365
2451594.623594319 0.9351333379745485 0.0004170974716544
2451594.699982986 1.0618050098419187 0.0004343896580394
2451594.7763716304 0.968238055706024 0.0004215881344862
2451594.852760251 0.9807873964309692 0.0004230959748383
2451594.929148848 1.0689520835876465 0.0004355526762083
2451595.0055374186 0.9370818734169006 0.0004173579218331
2451595.08123152 1.0375609993934631 0.00043107489182139997
2451595.156925593 1.031367540359497 0.0004301531007513
2451595.233314076 0.9234683513641356 0.000415258371504
2451595.3097025254 1.069181442260742 0.0004354286647867
2451595.386090939 0.994072377681732 0.0004249301564414
2451595.4624793148 0.977241575717926 0.0004224763251841
2451595.5388676496 1.0633188486099243 0.0004341081657912
2451595.614561502 0.9217439293861389 0.00041511689778414996
2451595.669422155 0.9750536084175108 0.000422294542659
2452308.3230871377 1.02339506149292 0.0007243285072036
2452308.3980888803 1.1163870096206665 0.0007331837550736
2452308.474479546 0.864627480506897 0.0006929776864126
2452308.5508702127 1.0957134962081907 0.0007259678095579
2452308.6272608805 1.015348196029663 0.0007128146244212
2452308.7029570886 0.8734953999519348 0.0006896695995237
2452308.778653296 1.1304987668991089 0.0007264729938469
2452308.8550439635 0.9267410039901732 0.0006939197191968
2452308.93143463 0.9961063265800476 0.0007034207228571
2452309.007825295 1.1141750812530515 0.0007202874403446
2452309.0842159577 0.8557142615318297 0.0006797598907724
2452309.1606066185 1.09663987159729 0.0007158034131862
2452309.2363028163 1.0492258667945862 0.00070815780782135
2452309.311999011 0.8680009245872498 0.0006795217632316
2452309.3883896633 1.1174955368041992 0.0007171601755544
2452309.4647803125 0.930756151676178 0.0006882365560159
2452309.5411709575 0.9747949838638305 0.0006950974348001
2452309.617561599 1.130793213844299 0.0007187786977738
2452309.693257775 0.8659783005714417 0.0006778334791306
2452309.768953948 1.0636581182479858 0.0007081384537741
2452309.8453445765 1.054047465324402 0.0007063935627229
2452309.9217351996 0.8528082370758056 0.0006749381427653
2452309.9981258186 1.12942898273468 0.0007173101184889
2452310.0745164324 0.9710509181022644 0.0006932861870154
2452310.1509070406 0.9548673033714294 0.0006902405875734
2452310.226603184 1.1150130033493042 0.00071477086748925
2452310.3022993216 0.8526312708854675 0.0006740168319083
2452310.3786899135 1.0564579963684082 0.0007058051414787
2452310.4550805 1.0856205224990845 0.0007100460934452
2452310.53147108 0.8667126297950744 0.0006761641707271
2452310.607861655 1.1139017343521118 0.0007142653339542
2452310.6835577637 0.9737695455551147 0.0006929992814547999
2452310.7592538656 0.9181157946586608 0.0006841525319032
2452310.8356444216 1.1289596557617188 0.0007166354916989
2452310.912034971 0.8795038461685181 0.0006782755372114
2452310.9884255137 1.0311168432235716 0.0007016382878646
2452311.06481605 1.0846067667007446 0.0007098555797711
2452311.1412065797 0.8542680144309996 0.0006742012337781
2452311.2169026434 1.1214181184768677 0.00071539886994285
2452311.2925987006 1.0162049531936643 0.0006995954900048
2452311.368989209 0.9022567868232728 0.0006819574045948
2452311.4453797117 1.113853335380554 0.0007143272086977
2452311.5217702067 0.8779991865158081 0.0006780694820918
2452311.5981606944 1.0220264196395874 0.0007004422950558
2452311.6738567166 1.116746425628662 0.00071479572216045
2452311.749552731 0.8701665997505189 0.0006769343744963
2452311.825943197 1.0938436985015867 0.0007113736355677
2452311.902333656 1.0143505334854124 0.0006992034032009
2452311.978724107 0.872060477733612 0.0006771050393581
2452312.055114551 1.1319683790206907 0.000717204355169
2452312.1315049874 0.925161600112915 0.0006854818202555
2452312.207200957 0.9958888888359069 0.0006964323983993
2452312.2828969196 1.1131123304367063 0.0007142215617932
2452312.359287333 0.8531863093376159 0.0006742335972376
2452312.4356777384 1.094985008239746 0.0007116310880519
2452312.512068136 1.0535989999771118 0.00070547912037
2452312.588458526 0.8693668842315674 0.0006767667364329
2452312.6641544495 1.1154385805130005 0.00071474979631595
2452312.7398503656 0.9289172887802124 0.0006861156434752
2452312.8162407307 0.97166907787323 0.0006926964852027
2452312.8933255468 1.1313497424125671 0.00071710010524835
2452312.9690214386 0.8690956234931946 0.0006766729056835
2452313.0502729835 1.0825916528701782 0.0007097604684531
2452313.121802113 1.048579216003418 0.0007045920356176
2452313.1974979807 0.8507982492446898 0.0006738152878824
2452313.27319384 1.1311856508255005 0.000717275426723
2452313.3495841483 0.9775121212005616 0.0006937767611816
2452313.4259744487 0.951162815093994 0.0006896293489262
2452313.5023647402 1.1136432886123655 0.0007144793635234
2452313.5787550234 0.8510427474975587 0.0006739321979694
2452313.654450841 1.0589904189109802 0.0007063210359774001
2452313.73014665 1.0933332443237305 0.0007116205524653
2452313.8065369083 0.8694525957107544 0.0006769773899577
2452313.882927157 1.1144767999649048 0.0007148070726543
2452313.9593173973 0.97187077999115 0.0006931077805347
2452314.0357076293 0.9248846769332884 0.0006857811240479
2452314.112097852 1.1339306831359863 0.0007177213556133
2452314.1877936097 0.8811498880386353 0.0006789384351577
2452314.2634893586 1.0311518907546997 0.0007023949292488
2452314.3398795547 1.086649775505066 0.0007107423152774
2452314.4162697424 0.8543419837951661 0.0006747428560629
2452314.492659921 1.1258308887481687 0.0007166577852331
2452314.5690500904 1.0185282230377195 0.0007003745995461
2452314.644745795 0.9041942059993744 0.0006826385797466499
2452314.7204414904 1.1144062280654907 0.0007149595767259
2452314.7968316334 0.8818841576576234 0.0006791601190343
2452314.8732217667 1.0187456607818604 0.0007004249491728
2452314.94961189 1.1214326620101929 0.00071604445111
2452315.026002005 0.8703703880310057 0.0006772896158508
2452315.10239211 1.0971293449401855 0.0007122816168703
2452315.178087751 1.013553261756897 0.00069964301655995
2452315.2537833825 0.8680597543716431 0.0006769981700927
2452315.3301734594 1.1345165967941284 0.0007180607062764
2452315.406563527 0.9316045641899108 0.0006871618097648
2452315.482953585 0.9982048869132996 0.0006974799907766
2452315.559343633 1.1093696355819702 0.000714163063094
2452315.635039217 0.8499502539634705 0.0006742782425135
2452315.710734791 1.0927108526229858 0.0007116977940313
2452315.7871248093 1.0591275691986084 0.0007067795377224
2452315.8635148187 0.8729090690612794 0.0006778934039175
2452315.9399048174 1.1143126487731931 0.0007150740129873
2452316.0162948063 0.9262354373931884 0.0006860910216346
2452316.0926847854 0.9729857444763184 0.0006935993442311
2452316.168380299 1.1330320835113525 0.00071785729960535
2452316.244075803 0.8717347383499146 0.0006777988164685
2452316.320465751 1.0651681423187256 0.0007075774483382
2452316.3968556877 1.0515179634094238 0.0007058473420329
2452316.473245614 0.8538135886192322 0.0006748207379132
2452316.5496355295 1.1338430643081665 0.0007180474349297
2452316.625330981 0.9794602990150452 0.0006946572102605501
2452316.701026421 0.9510374069213868 0.000690245127771
2452316.7774163033 1.116094708442688 0.0007154997438192
2452316.8538061744 0.8531922698020934 0.0006749409949406
2452316.9301960343 1.0566664934158323 0.0007065450772643
2452317.006585882 1.0912511348724363 0.0007116748602129
2452317.082975718 0.8700411915779114 0.0006776339723728
2452317.158671089 1.1171305775642395 0.0007156437495723
2452317.234366448 0.9751362800598145 0.0006941220490261
2452317.3107562475 0.9194806218147276 0.0006854131352156
2452317.387146034 1.13172447681427 0.0007179269450716
2452317.4635358076 0.8814551830291747 0.0006794650107622
2452317.539925568 1.0366652011871336 0.0007036074530333
2452317.6156208618 1.0874112844467163 0.0007112631865311
2452317.6913161417 0.8522534370422363 0.0006747161969542
2452317.76770586 1.119367599487305 0.000716168899089
2452317.844095563 1.0193686485290527 0.0007010480039753
2452317.9204852507 0.9059317111968994 0.0006834120722487
2452317.9968749224 1.1177858114242551 0.0007159119122661
2452318.0732645774 0.8768426179885864 0.0006788103491999
2452318.1489597643 1.0135028958320618 0.0007001902849879
2452318.2246549334 1.1175260543823242 0.0007158792577683
2452318.301044535 0.8701993227005005 0.0006777895614504
2452318.377434117 1.096668004989624 0.0007128085708245
2452318.4538236773 1.0163427591323853 0.0007005430525168
2452318.5302132163 0.870601713657379 0.0006780753028579
2452318.605908281 1.1298688650131226 0.00071772813680575
2452318.6816033223 0.9345517754554749 0.0006880640285089
2452318.7579927864 0.996873140335083 0.0006974977441132
2452318.833687772 1.1198588609695435 0.00071606575511395
2452318.910771626 0.8515018820762633 0.0006748412852175
2452318.987160997 1.0906102657318115 0.0007117413915693
2452319.0309112566 1.1415064930915833 0.0007195591751951
2452321.6600789353 1.116874635219574 0.0007402146584354001
2452321.7288289946 1.0205875635147097 0.0007231386844068
2452321.8052179515 0.8656949400901793 0.0006974085699766
2452321.881606909 1.122243046760559 0.0007347210193984
2452321.957995867 0.9236329793930051 0.0007029899861663
2452322.0343848253 0.996940016746521 0.0007121593807823
2452322.110079337 1.1179179549217224 0.00072816130705175
2452322.185773848 0.8492736220359801 0.0006860629073344
2452322.2621628023 1.084056377410889 0.000719973933883
2452322.338551755 1.0498594045639038 0.0007130326121114
2452322.414940706 0.8654974102973939 0.0006836568354628
2452322.4913296537 1.1191091537475584 0.000720941403415
2452322.5670241537 0.9304435849189758 0.0006923500332049501
2452322.6427186513 0.9625738859176636 0.000697031035088
2452322.7191075897 1.1239768266677856 0.0007211229531094
2452322.7954965252 0.8657641410827636 0.0006809987826272
2452322.871885456 1.0677136182785034 0.0007117979694157
2452322.9482743833 1.0563489198684692 0.0007101214141584
2452323.0246633063 0.8483576774597168 0.000677611620631
2452323.1003577802 1.1216227412223816 0.0007190739270299
2452323.176052249 0.9730653762817384 0.000696352799423
2452323.2524411585 0.951888620853424 0.0006929064984433
2452323.328830062 1.1201212406158447 0.0007181602413766
2452323.405218961 0.8494547605514526 0.000676120747812
2452323.4816078544 1.046411633491516 0.00070647028042
2452323.557302298 1.0814975500106812 0.0007116785563994
2452323.6329967366 0.8686816096305846 0.0006786524900235
2452323.709385613 1.1193056106567385 0.0007170051685534
2452323.7857744843 0.9777897000312804 0.0006953355041332
2452323.86216335 0.9138191938400269 0.0006852498627267
2452323.9385522087 1.123037338256836 0.0007169200689531
2452324.014941062 0.874863862991333 0.0006789938197471
2452324.0906354645 1.0333690643310547 0.00070359965320675
2452324.1663298607 1.092313528060913 0.0007124411640688
2452324.2427186947 0.8523692488670349 0.0006752027547918
2452324.319107522 1.1114856004714964 0.0007152067264541
2452324.395496343 1.012259006500244 0.0007002887432463
2452324.4725796008 0.9109247028827667 0.0006844073941465001
2452324.5482739643 1.1207895278930664 0.0007164171547628
2452324.6239683214 0.882451742887497 0.0006799138791393
2452324.699662671 1.005154371261597 0.0006990296533331
2452324.776051458 1.1118295192718504 0.0007151371682994
2452324.852440238 0.8680190443992615 0.0006776034715585
2452324.92882901 1.096063256263733 0.0007129507139325
2452325.0052177757 1.0186085700988767 0.0007010071421973
2452325.0809120904 0.8658267557621002 0.0006771543703507
2452325.1566063976 1.1257416009902954 0.0007169087766669
2452325.2329951413 0.9282309412956236 0.0006867166375741
2452325.309383877 0.9957860708236694 0.0006972958799451
2452325.385772606 1.119872808456421 0.000716041540727
2452325.4621613272 0.8527432084083557 0.0006748610176146
2452325.53855004 1.0870133638381958 0.0007110504084266
2452325.6142443037 1.0515922904014587 0.00070578532177015
2452325.689938559 0.8693689107894897 0.0006776516675017
2452325.767021692 1.1208534240722656 0.0007162234687711499
2452325.842715932 0.9323982000350952 0.0006874465034343
2452325.919104607 0.9661930203437804 0.0006926878704689
2452325.995493274 1.1263548135757446 0.0007171161123551
2452326.0711874906 0.8668153584003448 0.0006773562054149
2452326.1468816996 1.0683536529541016 0.0007084647659212
2452326.223270343 1.0641069412231443 0.0007078466587699
2452326.2947978834 0.8650743365287781 0.00067718213540495
2452326.376047605 1.125751495361328 0.0007171485922299
2452326.4524362246 0.973271667957306 0.000694072805345
2452326.528824835 0.9573424458503724 0.0006915580015629
2452326.6045189966 1.1256863474845886 0.0007172489131335
2452326.680213149 0.855474352836609 0.0006755596841685
2452326.756601735 1.0472450256347656 0.0007052705041132
2452326.8329903134 1.0851383209228516 0.0007111614686436
2452326.9093788825 0.8675890564918518 0.0006776701193302
2452326.985767444 1.1241166591644287 0.0007169249583967
2452327.061461556 0.9827875792980194 0.00069548690225925
2452327.1371556586 0.9137648940086364 0.0006848121993243
2452327.2135441946 1.1268455982208252 0.0007172817131504
2452327.289932722 0.8802728056907655 0.0006793416687287
2452327.366321241 1.0378627777099607 0.000703829457052
2452327.4427097514 1.0977163314819336 0.0007128427969291
2452327.5190982525 0.8541013598442077 0.0006751994951628
2452327.5947923046 1.1165962219238281 0.0007159608940128001
2452327.6704863487 1.0164594650268557 0.0007006803061813
2452327.7468748237 0.9056944847106932 0.0006835454259999
2452327.823263291 1.1270146369934082 0.0007173460908234
2452327.8996517486 0.8877857327461242 0.0006805888842791
2452327.9760401975 1.0139731168746948 0.0007002000347711
2452328.051734198 1.1138164401054382 0.0007153818733058
2452328.1274281885 0.8683895468711853 0.0006776900263503
2452328.203816611 1.1049602031707764 0.0007140261586755
2452328.280205024 1.0292009115219116 0.0007024384103715
2452328.356593428 0.8721110820770263 0.0006779960822314
2452328.432981823 1.126123309135437 0.000717049173545
2452328.5093702087 0.9229279160499572 0.0006861248984932
2452328.5850641457 1.000722497701645 0.0006981407059356
2452328.6607580734 1.1281075477600095 0.0007174433558247
2452328.7371464316 0.8604881763458253 0.0006761522963643
2452328.8135347804 1.08858323097229 0.0007113491883501
2452328.88992312 1.049230456352234 0.0007054097950458
2452328.966311449 0.8687528371810913 0.0006773332133889
2452329.0426997696 1.1281852722167969 0.0007173084304668
2452329.118393641 0.9389514327049255 0.0006884242466185
2452329.1940875025 0.9680693149566648 0.0006929106311872
2452329.270475794 1.1252490282058716 0.0007168765296228
2452329.3468640754 0.8714502453804016 0.00067782466067
2452329.423252347 1.0770334005355835 0.0007093615713529
2452329.499640608 1.0675923824310305 0.000707983970642
2452329.5753344214 0.8583609461784363 0.0006755942013114
2452329.6510282243 1.1239715814590454 0.0007167215808294
2452329.727416455 0.97065931558609 0.0006932219839654
2452329.803804676 0.9588431119918824 0.0006912363460287
2452329.8801928866 1.1294441223144531 0.0007172456244006
2452329.956581086 0.8604276776313781 0.0006757579976692
2452330.032969275 1.0545803308486938 0.000705718237441
2452330.108663015 1.0799756050109863 0.00070985098136585
2452330.184356745 0.8680739998817443 0.0006769325700588
2452330.260744901 1.1326222419738767 0.0007174322381615
2452330.337133046 0.9898756742477418 0.0006958620506338
2452330.4135211795 0.9230088591575624 0.0006854649400338
2452330.4899093015 1.1233201026916504 0.0007159999222494
2452330.565602974 0.8753287196159363 0.0006779525720048501
2452330.641296635 1.0397043228149414 0.0007035079761408
2452330.71768472 1.1065001487731931 0.0007135073537938
2452330.794072794 0.8612175583839417 0.0006757611408829
2452330.8704608544 1.1157280206680296 0.000714861205779
2452330.9468489015 1.008496880531311 0.0006985007203184
2452331.023236935 0.9129557609558104 0.0006837658584117
2452331.098930518 1.1339062452316284 0.00071769143687555
2452331.1746240873 0.8942129015922545 0.0006809079786762
2452331.2510120785 1.0112687349319458 0.0006992230773903
2452331.327400054 1.1096009016036987 0.0007139686495065
2452331.403788014 0.8718189001083374 0.0006772568449378
2452331.480175957 1.1114590167999268 0.0007142753456719
2452331.555869447 1.033129632472992 0.0007024813967291
2452331.6315629203 0.8707739114761353 0.0006769813480786
2452331.7079508095 1.1234664916992188 0.0007160946261137
2452331.784338679 0.9259203672409057 0.0006858443375676
2452331.8607265274 1.0048002004623413 0.000698113522958
2452331.9371143533 1.1309295892715454 0.0007171287434175
2452332.0135021554 0.8590884804725648 0.0006753602647222
2452332.0891954973 1.0894029140472412 0.0007109795988071001
2452332.1648888127 1.0505597591400146 0.0007052728324197
2452332.241276532 0.8703559041023254 0.0006771674379706
2452332.317664219 1.1336220502853391 0.0007178310770541
2452332.392663005 0.9461731910705566 0.0006894139223732
2452332.4704394843 0.9754285216331482 0.0006936388672329
2452332.5468270555 1.1279720067977903 0.0007170342723838
