2451438.148537796 1.0427439212799072 4.3753916543209925e-05
2451438.2249280973 1.033390998840332 4.369058297015727e-05
2451438.301318376 1.0132268667221067 4.356253703008406e-05
2451438.3777086292 1.004993915557861 4.337610153015703e-05
2451438.4534044 1.0198689103126526 4.3171608922421e-05
2451438.53187797 1.0196884870529177 4.293236997909844e-05
2451438.6068792306 1.0059257745742796 4.266290488885716e-05
2451438.6825749213 0.9879247546195984 4.240013367962092e-05
2451438.75757613 0.9889000058174136 4.2141260564676486e-05
2451438.8353551347 0.9876839816570281 4.189367245999165e-05
2451438.911050746 0.9838828444480896 4.169343083049171e-05
2451438.988135243 0.9428398311138153 4.1424442315474146e-05
2451439.063830805 0.8779670596122741 3.997415115009061e-05
2451439.1402207967 0.7916683554649354 3.773387288674712e-05
2451439.217305219 0.6774490773677826 3.559840297384653e-05
2451439.2916118004 0.6490558385848999 3.481752719380893e-05
2451439.368001722 0.701253354549408 3.576508606784046e-05
2451439.44439162 0.7811734676361085 3.7964273360557854e-05
2451439.520781496 0.8759438991546631 4.020426422357559e-05
2451439.59717135 0.9334496259689332 4.154624548391439e-05
2451439.673561183 0.9521796107292176 4.1813069401541725e-05
2451439.7499509947 0.961650848388672 4.207198799122125e-05
2451439.8263407853 0.9681379199028016 4.234705556882545e-05
2451439.9020361034 0.9904496371746063 4.2627425500540994e-05
2451439.9777314016 1.0016632080078125 4.2896903323708095e-05
2451440.0541211325 1.0193670988082884 4.314093894208781e-05
2451440.130510844 1.0331004858016968 4.3325631850166246e-05
2451440.206900536 1.0251158475875854 4.3471387471072376e-05
2451440.2832902097 1.0304377079010008 4.3557349272305146e-05
2451440.3596798643 1.0406024456024168 4.3590589484665536e-05
2451440.436069501 1.0377761125564575 4.3576299503911287e-05
2451440.511764668 1.0381194353103638 4.352907126303762e-05
2451440.5874598175 1.032304763793945 4.347560025053098e-05
2451440.6638494 1.0278422832489011 4.341071689850651e-05
2451440.7402389655 1.0246795415878296 4.332842945586889e-05
2451440.8166285134 1.0175387859344482 4.32546621595975e-05
2451440.893018044 1.01642107963562 4.320890002418309e-05
2451440.969407558 1.0192561149597168 4.315423939260654e-05
2451441.0513526537 1.0443567037582395 4.258609260432422e-05
2451441.115936487 1.0312592387199402 4.193965105514507e-05
2451441.2034371453 0.9626574814319611 4.1169163523591124e-05
2451441.270798749 0.9688369035720824 4.099113721167669e-05
2451441.3499659775 0.9878582954406736 4.131638706894592e-05
2451441.4249664946 1.0263395309448242 4.2002178815891966e-05
2451441.503439241 1.0622289180755615 4.273452941561118e-05
2451441.5770508284 1.0684198141098022 4.3169902710360475e-05
2451441.654134645 1.071889877319336 4.320852895034477e-05
2451441.730523997 1.0671992301940916 4.326782072894275e-05
2451441.8069133335 1.0647112131118774 4.334445839049295e-05
2451441.882608206 1.0641504526138306 4.3434194594738074e-05
2451441.960386408 1.0724278092384338 4.350229210103862e-05
2451442.0353868017 1.0713358521461487 4.354362317826599e-05
2451442.112470525 1.0589675903320312 4.354638076620176e-05
2451442.188859785 1.0666568279266355 4.35048459621612e-05
2451442.264554582 1.0681808590888977 4.343140244600363e-05
2451442.340249365 1.053998947143555 4.331229501985945e-05
2451442.41663858 1.0495530366897583 4.314738180255517e-05
2451442.493027781 1.0463770627975464 4.2949701310135424e-05
2451442.5694169663 1.0326801538467407 4.2728603148134425e-05
2451442.645806138 1.0164062976837158 4.2500669223954894e-05
2451442.7221952947 1.002197504043579 4.226326927891933e-05
2451442.7985844365 0.9843490719795228 4.204717697575688e-05
2451442.8742791177 0.9749810099601746 4.1844699808279984e-05
2451442.9499737844 0.966804265975952 4.155874557909556e-05
2451443.0263628834 0.8900296688079835 3.999698310508393e-05
2451443.102751968 0.7884431481361389 3.7729842006228864e-05
2451443.1791410386 0.7007216215133666 3.565785300452262e-05
2451443.2555300947 0.6726199388504028 3.497248326311819e-05
2451443.331919137 0.7156901359558105 3.607608960010111e-05
2451443.4083081656 0.8087787032127379 3.8304955523926765e-05
2451443.4840027336 0.9054767489433289 4.044821980642155e-05
2451443.5596972886 0.9602184295654298 4.166327562415972e-05
2451443.6360862744 0.9711030721664428 4.1810781112872064e-05
2451443.712475247 0.9896789789199828 4.202754280413501e-05
2451443.7888642056 1.0015604496002195 4.227133831591345e-05
2451443.86525315 1.011774659156799 4.252617145539261e-05
2451443.9416420814 1.0253897905349731 4.277340121916495e-05
2451444.008308773 1.0656533241271973 4.2983101593563326e-05
2451444.0965032354 1.08694988489151 4.3225998524576426e-05
2451444.1680310136 1.062055230140686 4.340273517300376e-05
2451444.245808779 1.066352128982544 4.354978955234401e-05
2451444.322197641 1.0648040771484375 4.364536653156392e-05
2451444.39858649 1.0653246641159055 4.368381632957608e-05
2451444.474975325 1.0662821531295776 4.366395660326816e-05
2451444.5513641476 1.0592401027679443 4.359691956778988e-05
2451444.627752956 1.05788254737854 4.349964001448825e-05
2451444.7034473075 1.0533488392829895 4.339985207479913e-05
2451444.779141646 1.0463241338729858 4.331204036134295e-05
2451444.855530414 1.0440365076065063 4.322224413044752e-05
2451444.931919169 1.0455665588378906 4.3087649828521535e-05
2451445.00830791 1.014511227607727 4.25628932134714e-05
2451445.084696639 0.9691374897956848 4.182746488368139e-05
2451445.1610853537 0.9442325234413148 4.120424637221731e-05
2451445.2367796125 0.9376664459705352 4.1051049265661284e-05
2451445.3124738587 0.95595645904541 4.145110870013013e-05
2451445.388862534 1.0006791353225708 4.217652167426422e-05
2451445.465251196 1.0341546535491943 4.2880576074821874e-05
2451445.5416398454 1.0431008338928225 4.3261548853479326e-05
2451445.618028481 1.0426850318908691 4.328973955125548e-05
2451445.694417104 1.0383816957473757 4.332820390118287e-05
2451445.7708057137 1.0383887290954588 4.340368104749359e-05
2451445.8464998687 1.0465834736824033 4.3478554289322346e-05
2451445.9221940106 1.048935294151306 4.353644180810079e-05
2451445.9985825815 1.0451998710632324 4.356617864686996e-05
2451446.074971139 1.0445951223373413 4.355735291028395e-05
2451446.151359684 1.0385371446609497 4.349967639427632e-05
2451446.227748215 1.03691303730011 4.3402174924267456e-05
2451446.304136734 1.0310503244400024 4.326724956627004e-05
2451446.38052524 1.020352840423584 4.3093928979942575e-05
2451446.4562192922 1.019013226032257 4.289457319828216e-05
2451446.531913332 1.0093953609466553 4.266427640686743e-05
2451446.6083017993 1.0086190700531004 4.24030986323487e-05
2451446.6846902543 0.9985430836677552 4.215995431877673e-05
2451446.761078696 0.9743297100067138 4.192517008050345e-05
2451446.8374671256 0.9687577486038208 4.172621629550122e-05
2451446.9138555424 0.9681040644645692 4.132182948524132e-05
2451446.990243946 0.9122506380081176 3.961797847296111e-05
2451447.073576736 0.7742753624916077 3.7115176382940256e-05
2451447.1416318365 0.6708335876464844 3.540008037816733e-05
2451447.218020203 0.6558747887611389 3.4886794310295954e-05
2451447.2944085565 0.7113659977912903 3.619928975240328e-05
2451447.370796898 0.8090754151344299 3.846648178296164e-05
2451447.447185227 0.8974237442016602 4.056478428537957e-05
2451447.5235735434 0.9387632608413696 4.158586307312362e-05
2451447.599961848 0.9504994750022888 4.172191620455124e-05
2451447.6756557003 0.9650470614433289 4.189450919511728e-05
2451447.751349542 0.9764714241027832 4.212673957226798e-05
2451447.8277378096 0.985893964767456 4.239739791955799e-05
2451447.9041260653 1.0012781620025637 4.266955511411652e-05
2451447.9805143094 1.0109440088272097 4.292698940844275e-05
2451448.0569025413 1.0107510089874268 4.315201658755541e-05
2451448.1332907616 1.0334161520004272 4.3339543481124565e-05
2451448.2096789703 1.048660397529602 4.347768845036626e-05
2451448.2853727294 1.0563969016075134 4.3568203182076104e-05
2451448.361066477 1.0510125160217283 4.36211412306875e-05
2451448.4374546516 1.044307827949524 4.362726758699864e-05
2451448.5138428146 1.0457115173339844 4.358630394563079e-05
2451448.5902309674 1.0459867715835571 4.349524169811048e-05
2451448.66661911 1.034361720085144 4.337986320024356e-05
2451448.743007241 1.026606798171997 4.3248179281363264e-05
2451448.8193953624 1.0227015018463137 4.311018710723146e-05
2451448.8950890363 1.0161691904067993 4.2902573113678955e-05
2451448.9707827014 1.0056569576263428 4.2325584217906e-05
2451449.0471707936 0.9730789661407472 4.159679519943893e-05
2451449.1235588784 0.928544580936432 4.102981256437488e-05
2451449.1999469544 0.9254755973815918 4.096073826076463e-05
2451449.2763350224 0.9464508891105652 4.143606565776281e-05
2451449.352723084 0.9870495200157164 4.2154828406637534e-05
2451449.429111139 1.0361160039901731 4.2822710383916274e-05
2451449.5048047523 1.0627886652946472 4.3159325286978856e-05
2451449.580498361 1.0882056951522827 4.326659473008476e-05
2451449.656886404 1.1210190057754517 4.335358607931994e-05
2451449.7332744454 1.14640212059021 4.344878470874392e-05
2451449.809662486 1.1680951118469238 4.354074553702958e-05
2451449.8860505293 1.1892859935760498 4.361784885986708e-05
2451449.962438577 1.2045776844024658 4.365351560409181e-05
2451450.042993253 1.1073249578475952 4.366424764157273e-05
2451450.1138258227 1.054043889045715 4.36691043432802e-05
2451450.1714640995 1.060598373413086 4.367355904832948e-05
2451451.5804830305 0.8779985904693604 4.198344686301425e-05
2451451.638816092 0.8903161883354187 4.2077859689015895e-05
2451451.7152046016 0.92066752910614 4.222674760967493e-05
2451451.792287524 0.9456638097763059 4.244453884894028e-05
2451451.867287096 0.9739010334014893 4.2679735997808166e-05
2451451.943675521 0.9913693368434905 4.2902254790533334e-05
2451452.0179805984 1.0116149187088013 4.308488132664934e-05
2451452.094368968 1.0250027179718015 4.3246775021543726e-05
2451452.172840629 1.0137221217155457 4.337440259405411e-05
2451452.248534504 1.0136665105819702 4.345292472862639e-05
2451452.3249227926 1.0347163677215576 4.349192386143841e-05
2451452.400616617 1.0375159978866577 4.349318260210566e-05
2451452.477004854 1.0336780548095703 4.346802052168641e-05
2451452.552698629 1.0311075448989868 4.340190207585693e-05
2451452.629086818 1.021656155586243 4.332378739491105e-05
2451452.705474984 1.0235137939453125 4.3247804569546127e-05
2451452.7818631264 1.0129700899124143 4.314937905292027e-05
2451452.8582512466 0.998135507106781 4.289312346372753e-05
2451452.9346393445 0.974619448184967 4.22648445237428e-05
2451453.0110274213 0.9397290349006652 4.152560359216295e-05
2451453.08672104 0.9174802899360657 4.101138438272756e-05
2451453.162414638 0.9151412248611448 4.101456579519436e-05
2451453.2388026523 0.9310031533241272 4.151295070187189e-05
2451453.3151906463 0.9659207463264464 4.221794006298296e-05
2451453.391578621 1.0007787942886353 4.284904571250081e-05
2451453.467966576 1.023742914199829 4.3136322346981615e-05
2451453.544354513 1.0286747217178345 4.3277788790874176e-05
2451453.6207424295 1.0459241867065427 4.341700332588516e-05
2451453.696435893 1.0555593371391296 4.3516494770301506e-05
2451453.7721293382 1.0509235858917236 4.359408194432035e-05
2451453.848517201 1.0634976625442505 4.364255801192485e-05
2451453.924905046 1.078233003616333 4.3648880819091567e-05
2451454.0012928727 1.088786244392395 4.3616320908768096e-05
2451454.0776806823 1.0552918910980225 4.354548946139403e-05
2451454.1540684747 1.0503040552139282 4.343813634477556e-05
2451454.23045625 1.0924171209335327 4.327762871980667e-05
2451454.306149574 1.1559624075889587 4.307980270823464e-05
2451454.3818428824 1.1879172325134275 4.28478597314097e-05
2451454.458230607 1.181509494781494 4.259580964571796e-05
2451454.5346183167 1.153946876525879 4.2354895413154736e-05
2451454.61517261 1.0104320049285889 4.209045437164605e-05
2451454.687393686 0.9473148584365844 4.188538150629029e-05
2451454.763781347 0.9447012543678284 4.168277155258693e-05
2451454.840168991 0.9042648673057556 4.091202572453767e-05
2451454.9158621877 0.8208337724208832 3.894397559633944e-05
2451454.991555368 0.7046384811401367 3.663366805994883e-05
2451455.0679429662 0.6403906941413879 3.500254751998e-05
2451455.144330549 0.6455230116844177 3.510943133733235e-05
2451455.2207181165 0.7114706039428711 3.687515709316357e-05
2451455.297105669 0.8236873745918275 3.9193560951389366e-05
2451455.3734932058 0.9086260199546814 4.107661879970692e-05
2451455.449186296 0.9263295233249664 4.1646613681223243e-05
2451455.5248793713 0.9367066025733948 4.181661279289983e-05
2451455.601266864 0.949699819087982 4.201557021588087e-05
2451455.677654342 0.9659160375595092 4.223006180836819e-05
2451455.754041805 0.9766147136688232 4.244938463671133e-05
2451455.830429253 0.9816253185272216 4.266352334525436e-05
2451455.9068166874 0.9873937964439392 4.285473187337629e-05
2451455.9832041073 0.9957792162895202 4.3026419007219374e-05
2451456.058897081 1.0005035400390625 4.317494676797651e-05
2451456.1345900414 1.0033302307128906 4.329969306127168e-05
2451456.2109774174 1.008936643600464 4.339127553976141e-05
2451456.2873647804 1.0091735124588013 4.344927219790407e-05
2451456.3637521286 1.0060733556747437 4.3458454456413165e-05
2451456.4401394627 1.0091315507888792 4.3418527639005326e-05
2451456.5165267824 1.0150442123413084 4.33478198829107e-05
2451456.592914089 1.0045759677886963 4.326710404711776e-05
2451456.6686069514 1.000533103942871 4.31903372373199e-05
2451456.7442998 1.022481083869934 4.31211301474832e-05
2451456.820687065 1.0689126253128052 4.284815440769307e-05
2451456.897074315 1.0702126026153564 4.216384331812152e-05
2451456.973461553 1.0319960117340088 4.140626333537512e-05
2451457.049848776 1.0124553442001345 4.0906295907916494e-05
2451457.1262359857 1.0184234380722044 4.0966820961330086e-05
2451457.2026231815 1.0668985843658447 4.151163375354372e-05
2451457.2783159353 1.0988664031028748 4.2212037442368455e-05
2451457.354008676 1.1236087083816528 4.281243673176505e-05
2451457.4303958314 1.155662178993225 4.303145396988839e-05
2451457.5067829737 1.1657620668411257 4.314164107199758e-05
2451457.578309104 1.084585726261139 4.3260675738565624e-05
2451457.6595572177 0.9564701318740844 4.341367457527667e-05
2451457.7359443195 0.9761680364608764 4.353528493084013e-05
2451457.8123314083 0.991576910018921 4.3648244172800326e-05
2451457.8880240554 0.988015055656433 4.372540752228815e-05
2451457.96371669 0.9846975803375244 4.374146737973206e-05
2451458.0401037387 0.9827285408973692 4.3680916860466816e-05
2451458.116490775 0.9741145968437194 4.3554635340115055e-05
2451458.1928777974 0.9722270369529724 4.337327118264511e-05
2451458.2692648065 0.9661303758621216 4.314078250899911e-05
2451458.345651803 0.9555848836898804 4.288108902983368e-05
2451458.4220387856 0.944502294063568 4.2618939914973446e-05
2451458.497731329 0.9317413866519928 4.235962842358276e-05
2451458.573423859 0.9165756702423096 4.213524516671896e-05
2451458.6498108036 0.9034928083419802 4.192785854684189e-05
2451458.7261977345 0.90030837059021 4.1761832108022645e-05
2451458.802584653 0.8739045858383178 4.089592766831629e-05
2451458.878971558 0.7682761549949646 3.886065678671002e-05
2451458.95535845 0.6537753939628601 3.655693944892847e-05
2451459.0317453295 0.5978531241416931 3.5068762372247875e-05
2451459.10743777 0.6040992438793182 3.5350378311704844e-05
2451459.1831301977 0.6754310727119446 3.7187288398854434e-05
2451459.2595170382 0.7871297597885133 3.948778976337053e-05
2451459.3359038667 0.8653560280799866 4.128168438910507e-05
2451459.4122906816 0.8946980237960814 4.173603520030156e-05
2451459.488677484 0.911536991596222 4.1888815758284175e-05
2451459.565064274 0.9288469552993774 4.2083087464561686e-05
2451459.6414510505 0.9631078243255616 4.231244747643359e-05
2451459.7171433903 1.0039244294166565 4.254386658431031e-05
2451459.792835716 1.0375316143035889 4.2762418161146336e-05
2451459.8692224557 1.069487690925598 4.297581108403392e-05
2451459.9456091817 1.0840672254562376 4.3159838241990656e-05
2451460.0219958955 1.0992060899734497 4.329805597080849e-05
2451460.0983825964 1.1157143115997314 4.339913357398473e-05
2451460.174769285 1.1322771310806274 4.344148692325689e-05
2451460.2511559613 1.1373670101165771 4.3442767491796985e-05
2451460.3268481996 1.1588647365570068 4.3414696847321466e-05
2451460.402540427 1.1624954938888548 4.336311758379452e-05
2451460.4789270656 1.182204246520996 4.3310963519616046e-05
2451460.553924844 1.159713864326477 4.3253166950307786e-05
2451460.635172424 1.011735439300537 4.322380118537694e-05
2451460.7080869065 0.981327712535858 4.31853040936403e-05
2451460.784473495 0.9882027506828308 4.284087117412128e-05
2451460.860860072 0.9462511539459229 4.213169086142443e-05
2451460.9365522135 0.9184488952159882 4.1386349039385095e-05
2451461.012244342 0.9002684354782104 4.094026007805951e-05
2451461.088630882 0.9069623947143554 4.104785330127925e-05
2451461.1650174097 0.9492594599723818 4.165040809311904e-05
2451461.2414039257 0.9835285544395448 4.238772817188874e-05
2451461.317790429 1.0173348188400269 4.29850842920132e-05
2451461.394176921 1.031434178352356 4.311266093282029e-05
2451461.4705634005 1.033167600631714 4.315789556130767e-05
2451461.546255446 1.0456449389457703 4.324212750361767e-05
2451461.6219474804 1.0640404224395752 4.3347998143872246e-05
2451461.6983339246 1.07496976852417 4.346112109487876e-05
2451461.7747203577 1.0936095714569092 4.356206409283914e-05
2451461.851106779 1.105864405632019 4.363173138699494e-05
2451461.9274931895 1.1051175594329832 4.3657524656737216e-05
2451462.003879588 1.1139373779296875 4.363558764453047e-05
2451462.0802659765 1.1195387840270996 4.355507553555072e-05
2451462.155957931 1.1166938543319702 4.341901694715489e-05
2451462.2316498766 1.1138439178466797 4.322453241911717e-05
2451462.3080362324 1.1179010868072508 4.296291081118397e-05
2451462.384422578 1.1196244955062866 4.2637326259864494e-05
2451462.4608089137 1.1232291460037231 4.228569378028624e-05
2451462.5371952397 1.1362550258636477 4.193008862785064e-05
2451462.6135815564 1.1513586044311523 4.161250035394914e-05
2451462.6899678637 1.1551783084869385 4.130363231524825e-05
2451462.765659743 1.132603108882904 4.020078631583601e-05
2451462.8413516134 1.0636909008026123 3.818602635874413e-05
2451462.9177378984 0.9881531000137328 3.603835284593515e-05
2451462.994124177 0.9492467045783995 3.485028719296679e-05
2451463.0705104494 0.9718883633613584 3.541624391800724e-05
2451463.146896718 1.071584105491638 3.742743137991056e-05
2451463.223282983 1.2103475332260132 3.970371471950784e-05
2451463.299669247 1.305700182914734 4.133132460992783e-05
2451463.3753610905 1.325479805469513 4.163571065873839e-05
2451463.4510529367 1.353701949119568 4.178217932349071e-05
2451463.5274392087 1.369873046875 4.1982995753642165e-05
2451463.608686434 1.275854468345642 4.224238364258781e-05
2451463.6802117815 1.1659579277038574 4.252312282915227e-05
2451463.7260435647 1.039333701133728 4.272693695384078e-05
2452174.238521746 0.9474021196365356 4.146789797232486e-05
2452174.28227201 0.7949711382389069 4.079203063156456e-05
2452174.3565779985 0.6848759055137633 3.887617640430108e-05
2452174.432967311 0.6070817112922668 3.658206333057024e-05
2452174.509356601 0.5439040064811707 3.498396836221218e-05
2452174.585745871 0.5596734881401062 3.508883673930541e-05
2452174.66213512 0.6447059512138367 3.6838853702647605e-05
2452174.738524349 0.7547467947006226 3.914541230187752e-05
2452174.8149135583 0.8515900373458862 4.100369551451877e-05
2452174.8906083005 0.8898934125900269 4.157222429057583e-05
2452174.966303024 0.9069796800613404 4.172819899395108e-05
2452175.0426921756 0.922670781612396 4.192698543192818e-05
2452175.1190813086 0.9421250820159912 4.216942397761159e-05
2452175.1954704234 0.9622886180877684 4.2430630855960765e-05
2452175.27185952 0.9844628572463988 4.268830889486708e-05
2452175.3482485986 1.0070918798446655 4.2923944420181215e-05
2452175.423943213 1.0236575603485107 4.313433964853175e-05
2452175.4996378114 1.0387961864471436 4.330700176069513e-05
2452175.576026838 1.0475536584854124 4.34394933108706e-05
2452175.652415847 1.0532754659652708 4.352647374616936e-05
2452175.7288048393 1.0612651109695437 4.356351200840436e-05
2452175.805193815 1.0639724731445312 4.354912380222231e-05
2452175.8815827738 1.0613481998443604 4.348361835582182e-05
2452175.9579717163 1.0652788877487185 4.338655344326981e-05
2452176.033666198 1.062035858631134 4.326167618273757e-05
2452176.1093606637 1.053822875022888 4.313600220484659e-05
2452176.185749558 1.0546879768371582 4.302291563362815e-05
2452176.2621384365 1.0433391332626345 4.270178033038974e-05
2452176.338527299 1.0117632150650024 4.205400182399898e-05
2452176.414916146 0.97721666097641 4.133258335059509e-05
2452176.4913049773 0.9636120200157164 4.0902192267822095e-05
2452176.567693793 0.9759362936019896 4.101918602827936e-05
2452176.6433881503 1.0001549124717712 4.1585610233596526e-05
2452176.7190824924 1.035354733467102 4.229727710480802e-05
2452176.7954712627 1.0589699745178225 4.290066135581584e-05
2452176.871860018 1.0673764944076538 4.310094300308265e-05
2452176.9482487584 1.082200050354004 4.319132131058723e-05
2452177.024637484 1.0864710807800293 4.327802525949664e-05
2452177.1010261946 1.0869640111923216 4.335355697548948e-05
2452177.1774148904 1.0922296047210691 4.342848842497915e-05
2452177.253109129 1.0974339842796326 4.3483179979375564e-05
2452177.3288033535 1.097567796707153 4.3511216063052416e-05
2452177.404497563 1.1010262966156006 4.3501833715708926e-05
2452177.4815806434 1.1002562046051023 4.344261833466589e-05
2452177.5579692665 1.091533660888672 4.3321495468262576e-05
2452177.6343578757 1.0848211050033567 4.31611370004248e-05
2452177.71074647 1.0708160400390625 4.296571933082305e-05
2452177.7871350506 1.057350516319275 4.273178637959063e-05
2452177.862829175 1.0455684661865234 4.2487485188757994e-05
2452177.938523286 1.0396171808242796 4.2254898289684206e-05
2452178.014911824 1.0375585556030271 4.204117431072518e-05
2452178.091300348 1.0246214866638184 4.184598219580948e-05
2452178.167688858 1.0101341009140017 4.1647886973805726e-05
2452178.244077354 0.964525043964386 4.065084795001894e-05
2452178.320465836 0.8734862804412842 3.859629214275628e-05
2452178.3968543042 0.7766527533531189 3.6344579712022096e-05
2452178.472548318 0.714101642370224 3.498246405797545e-05
2452178.548242319 0.7331819534301757 3.537994052749127e-05
2452178.624630746 0.8142021894454957 3.730476601049304e-05
2452178.701019159 0.9064649939537048 3.9598577131982886e-05
2452178.7774075586 0.9904065132141112 4.130488014197908e-05
2452178.8537959447 1.0154372453689575 4.168461236986332e-05
2452178.930184317 1.020811915397644 4.182735210633837e-05
2452179.0065726754 1.027798414230347 4.1999781387858086e-05
2452179.0822665812 1.0337292551994324 4.21976965299109e-05
2452179.157960473 1.0428565740585327 4.241490751155652e-05
2452179.2343487917 1.0560622215270996 4.264277959009632e-05
2452179.3107370962 1.0660542249679563 4.2851308535318815e-05
2452179.3871253873 1.091450333595276 4.304497633711434e-05
2452179.458652593 1.087293028831482 4.318965147831477e-05
2452179.5399019294 1.047393798828125 4.3318526877556e-05
2452179.6162901805 1.0460413694381712 4.33839886682108e-05
2452179.691983979 1.0457288026809692 4.34083012805786e-05
2452179.7676777653 1.0427031517028809 4.3407020712038495e-05
2452179.844065977 1.0400301218032837 4.336461643106304e-05
2452179.9204541743 1.0321197509765625 4.329856892582029e-05
2452179.9968423587 1.030118942260742 4.322908353060484e-05
2452180.07323053 1.0272457599639893 4.3161438952665776e-05
2452180.149618688 1.0152703523635864 4.3065771023975685e-05
2452180.225312395 0.9948192536830901 4.267815893399529e-05
2452180.301006089 0.9644393920898436 4.200109833618625e-05
2452180.3773942073 0.9291427731513976 4.129684748477303e-05
2452180.4537823126 0.9152469038963316 4.092006565770134e-05
2452180.530170405 0.9227070808410645 4.108737266506069e-05
2452180.6065584836 0.946362853050232 4.16896764363628e-05
2452180.6829465493 0.9751383066177368 4.237895700498484e-05
2452180.759334602 1.001745581626892 4.2926047171931714e-05
2452180.835028205 1.007102131843567 4.310836811782792e-05
2452180.9107217947 1.0185874700546265 4.3247728171991184e-05
2452180.9871098083 1.02682363986969 4.338840881246142e-05
2452181.0634978083 1.0287046432495115 4.3514508433872834e-05
2452181.139885796 1.0367467403411863 4.361523315310478e-05
2452181.21627377 1.0368671417236328 4.367722067399882e-05
2452181.292661731 1.031422972679138 4.369285306893289e-05
2452181.369049679 1.0318777561187744 4.364126652944833e-05
2452181.444743179 1.0299468040466309 4.3533884308999404e-05
2452181.520436665 1.0192447900772097 4.337780410423874e-05
2452181.5968245743 1.0069202184677124 4.3183707020943984e-05
2452181.6732124705 1.0005813837051392 4.29689753218554e-05
2452181.7496003537 0.9843849539756776 4.2722665966721245e-05
2452181.825988224 0.97149658203125 4.247507604304701e-05
2452181.902376081 0.9635198712348938 4.2210846004309126e-05
2452181.9787639254 0.9522359371185304 4.195959991193376e-05
2452182.0544573218 0.9381346106529235 4.1747047362150624e-05
2452182.130150705 0.9307748079299928 4.1573362977942445e-05
2452182.206538511 0.8824240565299987 4.035896563436836e-05
2452182.2829263033 0.7783752679824829 3.819070479949005e-05
2452182.359314083 0.6810861825942993 3.595836824388243e-05
2452182.43570185 0.6351187229156494 3.4866428904933855e-05
2452182.5120896036 0.6623299717903137 3.552925045369193e-05
2452182.5884773443 0.7496763467788696 3.758813909371384e-05
2452182.6641706387 0.8537435829639435 3.982200905738864e-05
2452182.73986392 0.924970805644989 4.137962241657078e-05
2452182.816251622 0.94177770614624 4.1655934182927006e-05
2452182.892639312 0.9489526152610778 4.183371493127197e-05
2452182.9690269884 0.9602085947990416 4.204345532343722e-05
2452183.045414652 0.9667978286743164 4.227989848004655e-05
2452183.1218023035 0.9817028045654298 4.251605059835128e-05
2452183.1981899412 1.0022069215774536 4.274135790183209e-05
2452183.273883134 1.0149226188659668 4.294439531804528e-05
2452183.349576314 1.0341273546218872 4.3113130232086405e-05
2452183.425963914 1.0431967973709106 4.323905523051508e-05
2452183.502351501 1.0735062360763548 4.332120079197921e-05
2452183.578739076 1.093173861503601 4.3379946873756126e-05
2452183.655126638 1.0724821090698242 4.3410993384895846e-05
2452183.731514187 1.0720192193984983 4.340145824244246e-05
2452183.807901724 1.0817627906799316 4.335670018917881e-05
2452183.883594816 1.0809574127197263 4.3284346247673966e-05
2452183.959287896 1.1011102199554443 4.3208678107475855e-05
2452184.0356753953 1.1131951808929443 4.313342287787236e-05
2452184.1120628826 1.106374144554138 4.3057429138571024e-05
2452184.1884503574 1.0910385847091677 4.2604900954756886e-05
2452184.26483782 1.0447062253952026 4.187185913906433e-05
2452184.3412252706 1.012062668800354 4.115797491976991e-05
2452184.417612709 1.0057252645492551 4.084710599272512e-05
2452184.4933057046 1.0225406885147095 4.107269523956347e-05
2452184.5689986884 1.076939821243286 4.171473483438604e-05
2452184.645386092 1.1234620809555051 4.242108116159216e-05
2452184.721773484 1.1255475282669067 4.294627797207795e-05
2452184.7981608645 1.1345465183258057 4.30436157330405e-05
2452184.8745482345 1.1501327753067017 4.313554018153809e-05
2452184.9509355943 1.1455740928649902 4.325978079577908e-05
2452185.0273229433 1.1693252325057983 4.3381940486142405e-05
2452185.103015852 1.1950374245643616 4.3487782022566535e-05
2452185.178708752 1.22292959690094 4.366395296528936e-05
2452185.2266244367 1.2344683408737185 4.376873403089121e-05
2452187.241171297 0.8646366000175475 4.309930955059826e-05
2452187.3133925498 0.886046826839447 4.317588172852993e-05
2452187.3897803924 0.9000480771064758 4.329232251620852e-05
2452187.4654737758 0.9075661897659302 4.337187056080438e-05
2452187.5411671344 0.9155198335647584 4.34181529271882e-05
2452187.6175549002 0.9224802255630492 4.342453394201584e-05
2452187.6939426395 0.9263172149658204 4.339547376730479e-05
2452187.7703303513 0.9329496026039124 4.3344640289433294e-05
2452187.8467180366 0.9341610074043274 4.3287069274811074e-05
2452187.9231056958 0.9333550333976744 4.325392364989966e-05
2452187.998798896 0.936374843120575 4.3230102164670825e-05
2452188.075186504 0.9397014081478118 4.319132858654484e-05
2452188.150879655 0.9258620142936704 4.26990918640513e-05
2452188.2272672146 0.8947290182113646 4.194326902506873e-05
2452188.3036547503 0.8657500743865967 4.124626866541802e-05
2452188.380042264 0.8528892993927003 4.0981249185279005e-05
2452188.456429754 0.8717763423919677 4.125797204324044e-05
2452188.5328172226 0.9070922136306762 4.1932191379601136e-05
2452188.6092046695 0.9462001323699952 4.263251685188152e-05
2452188.6848976645 0.9717943668365479 4.309484938858077e-05
2452188.7605906394 0.9744473099708556 4.312418968765996e-05
2452188.836978025 0.97577828168869 4.318296851124615e-05
2452188.91336539 0.9834734201431272 4.328162322053686e-05
2452188.989752736 0.9978609681129456 4.338884536991827e-05
2452189.0661400626 1.0054904222488403 4.3485502828843885e-05
2452189.14252737 1.0065221786499023 4.355202690931037e-05
2452189.2189146588 1.0113701820373535 4.358030491857789e-05
2452189.2946075 1.0171363949775696 4.356806857686024e-05
2452189.3703003237 1.021009922027588 4.351011375547387e-05
2452189.4466875587 1.0194337368011477 4.3394207750679925e-05
2452189.5230747764 1.0149967670440672 4.323045868659392e-05
2452189.5994619764 1.0100914239883425 4.30144282290712e-05
2452189.6758491592 1.0047262907028198 4.274813181837089e-05
2452189.7522363253 0.9846441745758056 4.2430976463947445e-05
2452189.8286234746 0.9650766849517822 4.20904325437732e-05
2452189.904316179 0.9469115436077118 4.1761944885365665e-05
2452189.980008867 0.9353720545768736 4.144630293012597e-05
2452190.056395967 0.9143980741500854 4.105760672246105e-05
2452190.1327830516 0.8546027541160582 3.957369335694239e-05
2452190.2091701194 0.7647493481636046 3.7432117096614086e-05
2452190.285557172 0.6753222346305847 3.5502038372214884e-05
2452190.3619442084 0.6522133350372313 3.490790550131351e-05
2452190.4383312296 0.7030743956565857 3.6046145396539935e-05
2452190.514023808 0.795117050409317 3.822917278739624e-05
2452190.589716371 0.8963150382041931 4.0349681512452655e-05
2452190.6661033463 0.9619179368019104 4.156590148340912e-05
2452190.7424903065 0.971088409423828 4.171258115093224e-05
2452190.818877252 0.9835878610610962 4.188407547189854e-05
2452190.8952641822 1.0015453100204468 4.208309837849811e-05
2452190.9716510973 1.0248876810073853 4.230286867823452e-05
2452191.0480379984 1.0589826107025146 4.254499071976169e-05
2452191.1237304583 1.0836384892463684 4.278617234376725e-05
2452191.199422904 1.0935367345809937 4.30038599006366e-05
2452191.275809761 1.1040529012680051 4.319878644309937e-05
2452191.352196604 1.1195433139801023 4.333234392106533e-05
2452191.4285834325 1.1314204931259155 4.342075044405647e-05
2452191.504970247 1.1397911310195925 4.346420246292837e-05
2452191.581357047 1.1312078237533567 4.345425986684858e-05
2452191.657743833 1.1342413425445557 4.341032035881653e-05
2452191.7334361793 1.153773546218872 4.333122524258215e-05
2452191.8091285126 1.1516366004943848 4.324826659285464e-05
2452191.885515257 1.1412224769592283 4.316585545893759e-05
2452191.9619019874 1.1423354148864746 4.309341966290958e-05
2452192.0382887037 1.1478312015533447 4.2973093513865024e-05
2452192.114675407 1.1039927005767822 4.244146111886948e-05
2452192.1910620956 1.0440536737442017 4.169237217865884e-05
2452192.2674487713 1.0340535640716553 4.106073538423516e-05
2452192.3431410086 1.0639090538024902 4.089546564500779e-05
2452192.418833233 1.111624240875244 4.129020453547128e-05
2452192.4952198677 1.1354422569274902 4.2030362237710506e-05
2452192.571606489 1.161290168762207 4.27743507316336e-05
2452192.647993097 1.1739439964294431 4.320343214203604e-05
2452192.7243796913 1.1615434885025024 4.3238098442088806e-05
2452192.8007662725 1.172291874885559 4.328234717831946e-05
2452192.8771528406 1.184954285621643 4.334840923547745e-05
2452192.952844972 1.1860826015472412 4.341918611316941e-05
2452193.02853709 1.2074579000473022 4.3472969991853454e-05
2452193.1049236185 1.2095729112625122 4.3498861487023526e-05
2452193.1813101335 1.2033292055130005 4.348992661107332e-05
2452193.257696635 1.2075055837631223 4.343434557085857e-05
2452193.334083124 1.1852707862854004 4.3357693357393146e-05
2452193.4104695995 1.1673576831817627 4.325407644500956e-05
2452193.4819951057 1.097456157207489 4.311795964895282e-05
2452193.56254809 0.9841995537281036 4.293314123060554e-05
2452193.638240104 0.9798244833946228 4.2712781578302383e-05
2452193.714626528 0.9639838337898254 4.2456507799215615e-05
2452193.7910129386 0.9466692209243774 4.215302760712802e-05
2452193.867399337 0.9283357858657838 4.183105920674279e-05
2452193.9437857214 0.909816801548004 4.149888263782486e-05
2452194.0201720935 0.8854718804359437 4.097493365406991e-05
2452194.0965584526 0.8033804893493651 3.932613617507741e-05
2452194.172250378 0.7023782134056091 3.716477476700675e-05
2452194.2479422903 0.631609320640564 3.537701195455156e-05
2452194.324328611 0.6195567846298218 3.498806108837016e-05
2452194.400714919 0.6759748458862305 3.6379933590069406e-05
2452194.4771012147 0.7697498202323914 3.865133476210758e-05
2452194.553487497 0.8678226470947266 4.071548391948454e-05
2452194.629873767 0.9112442135810852 4.166651342529804e-05
2452194.706260024 0.9140396118164062 4.188033926766366e-05
2452194.7819518484 0.9284419119358063 4.206917765259277e-05
2452194.8576436597 0.9384880065917968 4.225898010190576e-05
2452194.934029879 0.9459152817726136 4.244297815603204e-05
2452195.010416086 0.9565426111221312 4.263500886736438e-05
2452195.0868022796 0.9737174510955808 4.283039743313566e-05
2452195.163188461 0.9813555479049682 4.3011194065911695e-05
2452195.23888021 0.9852596819400787 4.315973637858406e-05
2452195.315960786 0.9948745369911194 4.3286825530231e-05
2452195.3916525096 1.005775272846222 4.3374549932195805e-05
2452195.4673442217 1.0048927068710327 4.3419553549028926e-05
2452195.54373034 1.000954031944275 4.342477768659592e-05
2452195.620116446 1.0029480457305908 4.339700535638258e-05
2452195.69650254 0.999743103981018 4.333728065830656e-05
2452195.772888621 0.9957349896430968 4.3267467844998464e-05
2452195.849274689 0.994262456893921 4.319871004554443e-05
2452195.925660745 0.9893743991851808 4.313598401495256e-05
2452196.00135237 0.9839008748531342 4.297244049666915e-05
2452196.0770439827 0.9621661305427552 4.239939153194428e-05
2452196.153430001 0.9303317666053774 4.1659244743641466e-05
2452196.229816007 0.8970221877098083 4.1065366531256586e-05
2452196.3062020005 0.8921361565589904 4.097374767297879e-05
2452196.382587982 0.908201277256012 4.1423954826314e-05
2452196.4589739502 0.943987727165222 4.214491491438821e-05
2452196.5353599065 0.9860704541206362 4.282063673599623e-05
2452196.611051433 1.0022827982902527 4.3162504880456254e-05
2452196.686742947 1.0104484558105469 4.32593806181103e-05
2452196.763128866 1.0194499492645264 4.334616096457466e-05
2452196.839514773 1.0279806852340698 4.342647662269882e-05
2452196.9159006667 1.034850001335144 4.349028313299641e-05
2452196.9922865485 1.0508041381835935 4.353697295300663e-05
2452197.068672418 1.0409517288208008 4.355684359325096e-05
2452197.145058275 1.040634274482727 4.3541374907363206e-05
2452197.2207497032 1.0413849353790283 4.348782931629103e-05
2452197.2964411187 1.0482672452926636 4.3379277485655614e-05
2452197.3728269385 1.0648590326309204 4.322055247030221e-05
2452197.449212746 1.074194312095642 4.30181717092637e-05
2452197.525598542 1.0742485523223877 4.2789462895598256e-05
2452197.601984325 1.071729302406311 4.253861334291288e-05
2452197.6783700953 1.0671114921569824 4.229116893839091e-05
2452197.754061438 1.0483332872390747 4.2054623918375e-05
2452197.8297527684 1.032744526863098 4.18507115682587e-05
2452197.9061385025 1.0279998779296875 4.165731297689489e-05
2452197.982524224 1.0079866647720337 4.1051018342841417e-05
2452198.058909934 0.9226735830307008 3.917677167919464e-05
2452198.1352956314 0.8332191109657286 3.684313560370356e-05
2452198.2116813166 0.7699406147003175 3.506044595269486e-05
2452198.28806699 0.7514167428016663 3.490865492494777e-05
2452198.363758236 0.8323158621788026 3.6506433389149606e-05
2452198.4394494705 0.952169954776764 3.882860983139835e-05
2452198.5158351082 1.0457509756088257 4.082610394107178e-05
2452198.592220734 1.0936212539672852 4.1602092096582055e-05
2452198.668606348 1.1088011264801023 4.181616168352775e-05
2452198.74499195 1.1205854415893557 4.204322249279357e-05
2452198.821377541 1.14113187789917 4.229313708492555e-05
2452198.89776312 1.1517214775085447 4.255480962456204e-05
2452198.9734542742 1.1645337343215942 4.2789033614099026e-05
2452199.0491454173 1.1705713272094729 4.299700594856404e-05
2452199.1255309638 1.1900514364242551 4.316841659601778e-05
2452199.2019164995 1.2183605432510376 4.3315700168022886e-05
2452199.278302025 1.2349530458450315 4.341557723819278e-05
2452199.354687541 1.2326011657714844 4.34726280218456e-05
2452199.431073047 1.2256906032562256 4.348200673121028e-05
2452199.507458545 1.2593278884887695 4.3452877434901886e-05
2452199.5831496203 1.2485469579696655 4.3399029891588725e-05
2452199.6588406884 1.248454213142395 4.33302266173996e-05
2452199.7352261636 1.245140552520752 4.3263389670755714e-05
2452199.8116116333 1.2236740589141843 4.320648076827638e-05
2452199.8879970987 1.2230252027511597 4.3174241000087925e-05
2452199.9643825623 1.2104047536849976 4.300295404391363e-05
2452200.0407680254 1.1759991645812988 4.239972258801572e-05
2452200.117153491 1.0711934566497805 4.167002407484688e-05
2452200.1935389624 0.975970447063446 4.114315015613101e-05
