2451544.1354784304 1.0031814575195312 0.00804144423454995
2451544.2153413906 0.9973595738410947 0.0079386997967958
2451544.2945098956 1.0004916191101074 0.0078875878825783
2451544.3736784053 0.9908891320228576 0.0077748470939695
2451544.452152457 0.9910210967063904 0.0076750228181481
2451544.530626512 1.0010329484939575 0.0076443552970886
2451544.6091005686 0.9892860054969786 0.00760983349755405
2451544.688963548 0.9875116944313048 0.0075968261808156
2451544.7674376066 0.9932073950767518 0.00758375436998895
2451544.845911666 0.981051027774811 0.0075559108518064
2451544.9250801858 0.9925535917282104 0.0075441463850438
2451545.004248705 0.993973970413208 0.0075120101682841
2451545.0834172238 0.9924596548080444 0.0074913329444825
2451545.1618912807 0.9983402788639069 0.00747217587195335
2451545.2403653366 0.9911237955093384 0.0074526127427816
2451545.3195338515 0.9992870092391968 0.0074478476308286
2451545.3987023644 1.0077929496765137 0.0074426643550395
2451545.477176415 1.003875494003296 0.0074310072232037505
2451545.5556504633 1.0100427865982056 0.0074320426210761
2451545.63481897 1.0103163719177246 0.0074353073723614
2451545.713987475 1.0185140371322632 0.0074493745341897
2451545.7924615163 1.0515129566192627 0.00747498078271745
2451545.8709355546 1.032387375831604 0.0074536576867103
2451545.950104051 1.0243079662322998 0.0074510676786303
2451546.029272544 1.0210607051849363 0.0074447100050747
2451546.108441035 1.0105643272399902 0.0074307275936007
2451546.1869150614 1.0135477781295776 0.00743701821193095
2451546.2653890853 1.013313055038452 0.0074357758276164
2451546.3417797247 1.00459623336792 0.0074313539080321
2451546.4258094244 1.0065396428108215 0.00742839602753515
2451546.502200057 1.0001700520515442 0.0074258560780435506
2451546.580674067 0.9882223010063172 0.0074119404889643
2451546.659842534 0.9984185695648192 0.0074216537177562
2451546.739010997 0.991231381893158 0.0074137952178716
2451546.8174849963 0.9886001646518706 0.0074115970637649
2451546.895958992 0.9910144805908204 0.007415949832648
2451546.975127444 0.9792410731315612 0.0074058272875845
2451547.0542958924 0.9896379113197328 0.0074147153645753
2451547.1334643364 0.9883037209510804 0.0074138911440968
2451547.211938316 0.9845459759235382 0.0074078999459743
2451547.290412293 0.9915733933448792 0.0074140285141766
2451547.3695807247 0.9866588115692138 0.0074106762185692
2451547.4487491525 0.9888746738433836 0.0074094901792705
2451547.5272231167 1.0001947283744812 0.007419832749292201
2451547.6056970763 0.9961826801300048 0.0074183885008096
2451547.684865492 0.9998764991760254 0.0074234418570995
2451547.7640339034 1.0065369606018066 0.0074280723929405
2451547.8425078504 0.9952308535575867 0.0074160145595669
2451547.920981793 1.0095360279083252 0.0074307923205196
2451548.0001501916 1.0085513591766355 0.007427423261106
2451548.0793185853 1.0047996044158936 0.0074242707341909
2451548.1584869744 1.0133590698242188 0.0074343858286738
2451548.2369609 1.0053199529647827 0.0074254123028367
2451548.3154348205 1.003491997718811 0.0074246828444302
2451548.3946031965 1.0105892419815063 0.0074306200258433
2451548.4737715675 1.0032525062561035 0.0074197892099618
2451548.552245475 1.0055034160614014 0.0074233147315680495
2451548.630719377 1.006431460380554 0.0074248323217034
2451548.7098877346 0.9936999082565308 0.0074112890288233
2451548.789056087 1.0038257837295532 0.0074255638755857
2451548.8675299753 1.0062182545661926 0.007425446296110701
2451548.9460038594 1.0004816055297852 0.0074184364639222
2451549.0251721973 1.0003358125686643 0.0074176774360239
2451549.1043405305 0.988011956214905 0.0074063162319362
2451549.1835088586 0.9877138137817384 0.0074077183380723
2451549.261982723 0.9941670894622803 0.0074106620159
2451549.3404565826 0.986052632331848 0.0074027837254107
2451549.419624896 0.9889484047889708 0.007407340221107
2451549.4939319924 0.9895681142807007 0.0074070694390684
2451549.5772670484 0.9789007902145386 0.0073962365277111
2451549.655740888 0.9944327473640442 0.0074062626808881
2451549.734909181 0.9922649264335632 0.0074048279784619
2451549.8140774686 0.9937828183174132 0.0074095427989959
2451549.8925512927 1.002629578113556 0.0074176220223307
2451549.971025111 0.9962170124053956 0.0074087781831622
2451550.050193383 1.004900336265564 0.0074194339103996
2451550.1293616495 1.008150935173035 0.0074208322912454
2451550.2085299105 1.0047938823699951 0.0074154641479253
2451550.2870037076 1.0092175006866455 0.00742127513512965
2451550.3654774996 1.0060758590698242 0.0074182730168104
2451550.444645744 0.9986661076545716 0.00740886060521
2451550.523813983 1.0111966133117676 0.0074248188175261
2451550.602287758 1.0044867396354673 0.0074142019730061
2451550.6807615273 1.0063554048538208 0.0074169225990772
2451550.759929749 1.0094531774520874 0.0074197086505591
2451550.839097965 0.9965413212776184 0.0074063763022422
2451550.917571717 1.0089923739433289 0.00741361617110665
2451550.9960454637 1.004488825798035 0.007412611041218
2451551.075213662 0.9989444613456726 0.007404422853142
2451551.154381854 1.0005831718444824 0.007410901132971
2451551.2335500396 0.9929922223091124 0.0074019776657223
2451551.3120237617 0.9911841750144958 0.0074026430957019
2451551.3904974777 0.9966686964035032 0.0074103232473134
2451551.4696656447 0.9877753853797911 0.0073966197669506
2451551.5488338056 0.991082429885864 0.0073993178084492
2451551.627307502 0.9918903410434724 0.00740008708089585
2451551.7057811925 0.9796583652496336 0.0073867170140147
2451551.7849493334 0.9904541969299316 0.007398372516036
2451551.864117468 0.9910065531730652 0.0073977042920887
2451551.942591138 0.9903475642204285 0.00739747285842895
2451552.021064801 0.996998369693756 0.007403980474919
2451552.1002329146 0.9927977323532104 0.0074016815051436
2451552.1794010205 1.000443458557129 0.007404223550111
2451552.2585691195 1.006463885307312 0.0074104252271354
2451552.3370427545 1.005010724067688 0.00740857096388935
2451552.4155163816 1.0089600086212158 0.0074165728874504
2451552.494684458 1.0102646350860596 0.0074153253808617
2451552.5738525265 0.9997386932373048 0.007403333671391
2451552.657187327 1.0132898092269895 0.00741694169119
2451552.730799726 1.0094236135482788 0.0074093369767069
2451552.8099677707 1.0074186325073242 0.0074083264917135
2451552.889135807 1.01155424118042 0.0074118794873356
2451552.9676093776 1.000233769416809 0.0074002288747578495
2451553.04608294 1.0054020881652832 0.007408027537167
2451553.1252509495 1.0091068744659424 0.0074122156947851
2451553.20441895 1.002033233642578 0.0074050361290574
2451553.2835869403 1.0069388151168823 0.0074076605960726
2451553.3620604654 1.0040979385375977 0.0074069681577384
2451553.4405339807 0.9935638308525084 0.0073958383873105
2451553.5197019414 1.0021097660064695 0.0074054826982319
2451553.598869892 0.9929133653640748 0.0073942951858043
2451553.6773433755 0.9922336339950559 0.0073937727138399505
2451553.755816848 0.995771825313568 0.0073964199982583
2451553.8349847645 0.9834647178649902 0.0073857116512954
2451553.914152669 0.9914903044700624 0.0073912502266466
2451553.9926261054 0.9912450909614564 0.00739293638616795
2451554.0710995295 0.9865919947624208 0.007385266944766
2451554.1502673947 0.9924066662788392 0.0073919855058193
2451554.229435246 0.9902851581573486 0.0073927915655076
2451554.3086030823 0.9866726994514464 0.0073875142261385
2451554.3870764486 0.9992207884788513 0.0073988130316138
2451554.4655497996 0.9958984851837158 0.0073973480612039
2451554.5447175875 1.003440260887146 0.0074049555696547
2451554.623885358 1.005776286125183 0.0074058505706489
2451554.7023586556 0.9959813952445984 0.0073957133572548
2451554.780831934 1.0114816427230835 0.007408510427922
2451554.8599996455 1.0088001489639282 0.0074050966650247
2451554.9391673347 1.0061010122299194 0.0074053113348782
2451555.017640548 1.0120294094085693 0.00740748038515445
2451555.096113737 1.0024888515472412 0.0073981145396828
2451555.1752813547 1.0034334659576416 0.0073989275842905
2451555.2544489456 1.008167386054993 0.0074057993479073
2451555.3336165105 1.0036802291870115 0.0073996214196085
2451555.4120895965 1.0053442120552063 0.00739990849979215
2451555.490562658 1.003984808921814 0.007398088928312
2451555.5370909227 0.9930490255355835 0.0073896271642297
2451557.3905877573 1.0085195302963257 0.0080886734649539
2451557.4621166876 1.0060991644859314 0.007967320736497599
2451557.540590178 1.0070061683654783 0.0079109137877821
2451557.619758127 1.0097142457962036 0.0078678503632545
2451557.698926078 0.9970099925994872 0.0078354747965931
2451557.7773995753 1.007798969745636 0.00780342216603455
2451557.855873073 1.0069422721862793 0.0077537638135254
2451557.9350410276 1.0039600133895874 0.0077133388258516
2451558.014208982 1.009844183921814 0.0077046924270689
2451558.093376936 0.9953816533088684 0.0076556401327252
2451558.1718504336 0.9945158958435059 0.0076113154646008496
2451558.2503239303 1.0011945962905884 0.0076002608984708
2451558.3294918817 0.9942100644111632 0.0075698453001678
2451558.408659831 0.9944663643836976 0.0075402278453111
2451558.487133323 0.9906578361988068 0.007514953380450599
2451558.565606814 0.9799805879592896 0.0074867191724479
2451558.644774758 0.9931522011756898 0.0074878730811178
2451558.723942699 0.9915096759796144 0.0074675749056041
2451558.802416182 0.9912659525871277 0.0074583541136234496
2451558.880889663 0.9967703819274902 0.0074571222066879
2451558.9600575967 0.988841474056244 0.0074452860280871
2451559.039225527 0.9953957200050354 0.0074482639320194
2451559.1183934547 1.0038443803787231 0.0074539524503052
2451559.196866923 1.0014392137527466 0.0074462408665566995
2451559.2753403885 1.0081058740615845 0.0074529470875859
2451559.3545083064 1.0077574253082275 0.0074473959393799
2451559.4336762205 0.9967116117477418 0.0074313371442258
2451559.5121496757 1.0093376636505127 0.007443571230396601
2451559.5906231273 1.007426142692566 0.007438248489052
2451559.66979103 1.0074937343597412 0.0074397549033164
2451559.7489589294 1.0089688301086424 0.0074395481497049
2451559.82743237 0.9964583814144135 0.007423084229230799
2451559.910072537 1.0041133165359497 0.0074309394694864
2451559.9857681487 1.0084109902381897 0.0074314959347247505
2451560.064241577 1.002601146697998 0.0074222064577043
2451560.143409456 1.0079818964004517 0.0074276602827012
2451560.2218828765 1.0016455054283142 0.0074210322927683
2451560.300356292 0.9927191734313964 0.0074087413959205
2451560.379524159 1.0055720806121826 0.0074221580289304
2451560.458692021 0.9966465830802916 0.0074125453829765
2451560.537165424 0.9979774057865142 0.0074120103381573495
2451560.615638823 0.9974985122680664 0.0074094012379646
2451560.694806672 0.981007754802704 0.0073943608440458
2451560.7739745164 0.9911460876464844 0.0074042496271431
2451560.852447902 0.9910991489887236 0.0074035285506397
2451560.930921282 0.9888252019882202 0.0073987040668725
2451561.010089113 0.9924775958061216 0.0074064014479517
2451561.0892569395 0.9884628057479856 0.0073976856656372
2451561.1684247605 0.987672448158264 0.0073970300145447
2451561.246898123 0.9994317293167114 0.0074101565405726
2451561.32537148 0.996574342250824 0.0074066990055143
2451561.404539287 1.0005953311920166 0.0074102208018302
2451561.4837070894 1.004141330718994 0.0074118399061262
2451561.5621804325 0.9942695498466492 0.0074035238940268
2451561.6406537704 1.0065048933029177 0.0074142208322882
2451561.719821558 1.0084365606307983 0.0074136634357273
2451561.79898934 1.005993604660034 0.0074109761044383
2451561.877462663 1.0129694938659668 0.007419309811666551
2451561.9559359816 0.9993414282798768 0.0074069122783839
2451562.0351037486 1.0026066303253172 0.0074079721234738
2451562.114271511 1.0096023082733154 0.0074138571508228
2451562.193439268 1.006259202957153 0.0074123060330748
2451562.2719125655 1.0103771686553955 0.007415072526782701
2451562.350385858 1.0081002712249756 0.0074134953320026
2451562.429553599 0.9967811107635498 0.0073983035981655
2451562.508721335 1.0088340044021606 0.0074117081239819
2451562.587194612 1.0029838681221008 0.007415729574859101
2451562.665667883 0.9992514848709104 0.0074040181934833
2451562.744835603 1.0007600784301756 0.0074067809619009
2451562.824003317 0.9877442717552184 0.0073929773643612
2451562.9024765724 0.9908542633056641 0.0073933121748268
2451562.980949822 0.9943878054618835 0.0074002547189593
2451563.0649786936 0.9888081848621368 0.007394886575639199
2451563.139285211 0.9929068088531494 0.007396041881293
2451563.2184528974 0.9892985224723818 0.0073912339285016
2451563.296926125 0.9809170365333556 0.00738379987888035
2451563.375399346 0.9961258172988892 0.0073966905474662
2451563.4552614684 0.9913731217384341 0.007393225794658
2451563.5337346783 0.9937021136283872 0.0073951291851699
2451563.6122078826 0.9974651932716372 0.0074032780248671
2451563.6906810803 0.989758253097534 0.0073887784965336
2451563.7698487258 1.00125253200531 0.0074030542746186
2451563.849016365 1.0058859586715698 0.0074092587456107
2451563.927489545 1.0028575658798218 0.00740467919968065
2451564.0059627197 1.011936902999878 0.0074136252515017
2451564.08513034 1.0060182809829712 0.0074035529978573
2451564.1642979546 1.001031517982483 0.0074010281823575
2451564.243465563 1.012986183166504 0.0074158087372779
2451564.321938712 1.0075207352638245 0.00740887620486315
2451564.4004118545 1.0077980756759644 0.0074095809832215
2451564.479579443 1.0112237930297852 0.0074093514122068
2451564.558747025 0.9991509318351744 0.0074018570594489
2451564.637220148 1.0098701119422913 0.00741004175506525
2451564.7156932643 1.0093581676483154 0.0074085495434701
2451564.7948608263 1.0041301250457764 0.0074033844284713
2451564.874028381 1.0082160234451292 0.0074043455533683
2451564.9531959286 0.9958738684654236 0.0073962965980172
2451565.031669018 0.9954622685909271 0.00739215826615685
2451565.110142099 1.0004302263259888 0.0073993364349007
2451565.189309625 0.9942529797554016 0.0073921061120927
2451565.268477144 0.9965630769729614 0.0073923515155911
2451565.346950203 0.9951887130737305 0.007391912164166551
2451565.425423255 0.9808432459831236 0.0073838308453559
2451565.504590751 0.9912225604057312 0.007387869991362
2451565.5837582396 0.9908803701400756 0.007388761267066
2451565.662231268 0.9926681816577911 0.0073894958477467
2451565.7407042882 0.9999304413795472 0.007395951077342
2451565.819871752 0.9901586771011353 0.0073852054774761
2451565.899039207 0.9977222084999084 0.0073899556882679
2451565.9782066536 1.001803636550903 0.0073993690311908
2451566.05667964 1.000192403793335 0.0073962283786386
2451566.13029146 1.006194293498993 0.0073983448091894
2451566.2143200375 1.0057880878448486 0.0074002142064273
2451566.293487448 1.0001461505889893 0.0073924320749938
2451566.371960398 1.0138801336288452 0.007404851960018249
2451566.4504333376 1.0091199874877927 0.0073992828838527
2451566.5296007185 1.0106338262557983 0.0074002146720886
2451566.6087680887 1.0112456083297727 0.0074021858163177
2451566.687240998 0.9987025260925293 0.0073882658034562995
2451566.765713896 1.007816195487976 0.0073981108143925
2451566.8448812338 1.01219379901886 0.0074017941951751
2451566.9240485597 1.0088173151016235 0.0073956451378762
2451567.003215873 1.0119258165359497 0.0074024097993969
2451567.0816887245 1.0061858296394348 0.007396318018436401
2451567.1601615627 0.9993610382080078 0.0073902318254113
2451567.239328838 1.0093594789505005 0.0073969331569969
2451567.3184960987 1.0024967193603516 0.0073909657076001
2451567.396968896 0.9993413686752318 0.00739012029953295
2451567.4754416784 0.9991341829299928 0.0073896856047213
2451567.554608894 0.986914336681366 0.007377057801932
2451567.6337760934 0.995427429676056 0.00738509837538
2451567.7122488264 0.9944024980068207 0.0073847491294145
2451567.7907215417 0.991389274597168 0.0073811141774058
2451567.8698886866 0.997052013874054 0.007387273479253
2451567.9490558114 0.9896892309188842 0.0073834592476487
2451568.0282229153 0.9907430410385132 0.0073805968277156
2451568.1060011014 0.9999918341636655 0.0073893768712878
2451568.1851681606 0.997008740901947 0.0073832292109727
2451568.2643351955 1.0020511150360107 0.0073872487992048
2451568.343502206 1.0034210681915283 0.007388116326183
2451568.4219747433 0.9949600398540496 0.00738055515103035
2451568.469197143 1.0003483295440674 0.00739148398861285
2451597.539321156 0.9785913825035096 0.0109443720430135
2451597.5962650916 0.982473373413086 0.010977828875184
2451597.6747366195 1.0028379559516907 0.010951343458145801
2451597.7532081543 0.9978494048118592 0.0108699891716241
2451597.8302908186 1.0057793259620667 0.010845152195542999
2451597.911540119 1.0050734281539917 0.0107305068522691
2451597.9900116697 0.9801669418811797 0.0105024259537458
2451598.069177663 1.0052109956741333 0.01030788710340855
2451598.148343659 1.0058108568191528 0.010129710659384651
2451598.2268152186 1.002468466758728 0.0100143188610672
2451598.305981219 1.0121601819992063 0.0098842745646834
2451598.3844527816 0.9879794120788574 0.00970423407852645
2451598.462924345 0.9988257884979248 0.0096031706780195
2451598.5420903475 1.0138431787490845 0.0095644425600767
2451598.62125635 1.0070185661315916 0.0095539828762412
2451598.6997279134 1.0161076784133911 0.00954038603231305
2451598.7781994767 1.0090357065200803 0.0094987517222762
2451598.8573654774 0.9856473803520202 0.0094597684219479
2451598.9365314767 1.0122599601745603 0.0094198333099484
2451599.0150030367 1.0057365894317627 0.00932178692892185
2451599.0934745944 1.0036202669143677 0.0092326551675796
2451599.1726405895 1.0111138820648191 0.0091602699831128
2451599.2518065823 0.9791232347488404 0.0090909646824002
2451599.330972573 0.9961591362953186 0.0090249627828598
2451599.409444123 1.0052146911621094 0.008943683467805351
2451599.4879156705 0.9957573413848878 0.008896424435079
2451599.567081654 1.0063716173171997 0.0089023327454924
2451599.6462476347 0.992667555809021 0.0089246882125735
2451599.724719174 0.9681791663169861 0.00891670677810905
2451599.803190711 0.9969109296798706 0.0089044645428657
2451599.882356683 0.9928647875785828 0.0088748522102832
2451599.96221709 0.9963821172714233 0.008840064983814951
2451600.0420774943 1.0043830871582031 0.00880828499794
2451600.11985458 0.9705170392990112 0.008743891492486
2451600.1976316627 0.9995635747909545 0.008729994297027501
2451600.2774920566 1.0033262372016907 0.008705384097993301
2451600.356658009 0.9984953999519348 0.008656709920614899
2451600.4358239574 1.013684630393982 0.0086251073516905
2451600.510823274 0.9989923536777496 0.00859433365985745
2451600.591378092 0.9922777414321899 0.00859451619908205
2451600.6712384676 1.0187981128692627 0.0086326254531741
2451600.7462377734 1.0109648704528809 0.008629466407001
2451600.8288758937 1.0171576142311096 0.00861399900168175
2451600.9087362573 1.020761489868164 0.0085974698886275
2451600.987207742 0.989151567220688 0.008554362226277552
2451601.0649847845 1.0165615081787107 0.00855139736086125
2451601.1448451364 1.014136791229248 0.008534244261682
2451601.2226221706 1.0068577527999876 0.0085183959454298
2451601.3017880768 1.017450928688049 0.0085111577063798
2451601.3809539787 0.9928222298622132 0.0084669617936015
2451601.459425438 0.9950925409793854 0.0084393317811191
2451601.5378968944 1.0129801034927368 0.0084444675594568
2451601.617062784 1.0022552013397217 0.0084421252831816
2451601.6962286686 1.0078858137130735 0.0084543656557798
2451601.7747001117 1.0031278729438782 0.00844487315043805
2451601.85317155 0.9731948375701904 0.0084107816219329
2451601.9323374224 1.0036283731460571 0.0084178242832422
2451602.01150329 0.9987389445304872 0.0084078721702098
2451602.0906691523 0.9969927072525024 0.0083926524966955
2451602.1691405736 1.004696011543274 0.0083879516460001
2451602.24761199 0.9752143025398254 0.0083590717986226
2451602.32677784 0.9894724488258362 0.0083636082708835
2451602.4059436847 1.000332593917847 0.0083627672865986
2451602.484415088 0.9909741878509521 0.008348103147000002
2451602.5628864863 1.0021485090255735 0.0083505101501941
2451602.642052317 0.9951698184013368 0.0083434646949172
2451602.721218143 0.9724241495132446 0.0083271982148289
2451602.800383965 1.0039255619049072 0.0083452118560671
2451602.878855345 1.0047191977500913 0.0083322841674089
2451602.95732672 1.0092080831527708 0.0083243288099765
2451603.031631469 1.0149057507514951 0.008319179527461501
2451603.1170472032 0.9855220913887026 0.0082976818084716
2451603.19412969 1.0091843008995056 0.0083025549538433
2451603.273989919 1.0156936645507812 0.00830864533782
2451603.3517668336 1.0089867115020752 0.0083024138584733
2451603.4309326163 1.01969313621521 0.0083098579198122
2451603.5094039575 1.003884732723236 0.008297469001263349
2451603.5899586035 0.9906367361545563 0.0082902978174388
2451603.667735498 1.014654815196991 0.008303987793624349
2451603.746206824 1.005616784095764 0.0082966601476073
2451603.825372582 1.0086554288864136 0.0083021987229585
2451603.903843898 1.0107168555259705 0.008303067646920601
2451603.9823152088 0.977076768875122 0.0082812067121267
2451604.061480951 1.003738522529602 0.0082989912480115
2451604.1406466877 1.0026285648345947 0.0082967337220907
2451604.2191179832 0.996006041765213 0.008294493425637449
2451604.297589273 1.0034520626068115 0.008296962827444
2451604.3767549945 0.9833297729492188 0.0082847718149423
2451604.45592071 0.9811926484107972 0.0082897981628775
2451604.5343919843 1.0015872716903687 0.0082981307059526
2451604.612863253 0.9914844632148744 0.0082908067852258
2451604.6920289523 1.00187885761261 0.0082962475717067
2451604.771194646 0.9958118796348572 0.0082958443090319
2451604.8503603344 0.9696797132492064 0.0082767568528652
2451604.928831581 0.9988063275814056 0.0082952762022614
2451605.0073028225 0.9991294741630552 0.0082954876124858
2451605.086468494 0.9991419315338136 0.0082988208159804
2451605.1656341595 1.0112407207489011 0.0083040548488497
2451605.2441053838 0.9860196709632874 0.00829194253310555
2451605.322576602 0.9990091919898986 0.0082948943600058
2451605.40174225 1.015797972679138 0.0083079282194376
2451605.4809078923 1.0062674283981323 0.0083050243556499
2451605.5600735284 1.0144804716110227 0.0083079002797603
2451605.6385447234 1.0078151226043701 0.00830385228618975
2451605.7170159123 0.9840041995048524 0.0082890791818499
2451605.79618153 1.0140916109085083 0.0083040026947855
2451605.8753471416 1.0074951648712158 0.0083025582134723
2451605.953818312 1.0062283873558044 0.00829942105337975
2451606.0322894757 1.011439085006714 0.008303671143949
2451606.1114550685 0.9822380542755128 0.0082843052223324
2451606.185065175 1.00125515460968 0.0082945879548788
2451606.269091799 1.0076518654823303 0.0083008790388703
2451606.3475629366 1.002238154411316 0.0082965716719627
2451606.426728503 1.007337212562561 0.0083012040704488
2451606.5058940616 0.9950928688049316 0.008292100392282
2451606.585059614 0.9774834513664244 0.0082796243950724
2451606.6635307246 1.0028523802757263 0.00829498376697295
2451606.742001828 0.9974027872085572 0.0082921935245394
2451606.820472924 0.9967428147792816 0.00829676305875175
2451606.901027316 1.0008907914161682 0.008291174657642751
2451606.9788039634 0.9684317409992218 0.0082768187858164
2451607.0572750377 0.9954214096069336 0.0082930698990821
2451607.1364405383 1.004255294799805 0.0082964934408664
2451607.215606031 0.9961566925048828 0.0082942536100745
2451607.2940770816 1.005179226398468 0.0082996487617492
2451607.3725481243 0.9912030696868896 0.0082925762981176
2451607.4517135923 0.9868990778923034 0.0082893334329128
2451607.530879052 1.010454535484314 0.008303565904498
2451607.610044503 1.0056194067001345 0.008299165405333
2451607.6885155113 1.0136541724205017 0.00830837944522495
2451607.7669865107 1.011874079704285 0.0083022965118289
2451607.846151934 0.98518431186676 0.0082851340994238
2451607.925317348 1.0132349729537964 0.0083055170252919
2451608.003788319 1.0142441987991333 0.008304509334266151
2451608.0822592797 1.0100350379943848 0.0083054658025503
2451608.1614246634 1.0164183378219604 0.0083085317164659
2451608.2405900364 0.993967354297638 0.0082887299358844
2451608.319755398 0.9971051216125488 0.0082942023873329
2451608.3982263156 1.0122207999229431 0.00830187741667025
2451608.476697222 1.0027278661727903 0.0082975709810852
2451608.5558625483 1.0078574419021606 0.0083007784560322
2451608.635027862 1.0003708600997925 0.0082969833165407
2451608.71349873 0.9722733795642853 0.0082744341343641
2451608.7919695857 1.0025441646575928 0.0082938196137547
2451608.8711348586 1.0012154579162595 0.0082919178530573
2451608.950300117 1.0009760856628416 0.0082923350855708
2451609.028770928 1.0064393281936646 0.008297082502394849
2451609.107241723 0.97867214679718 0.0082761840894818
2451609.1864069332 0.9929166436195372 0.0082848090678453
2451609.2655721256 1.004278302192688 0.0082937339320778
2451609.3447372997 0.9976253509521484 0.0082904249429702
2451609.4232080234 1.0075615048408508 0.00829649530351155
2451609.501678728 0.9962584972381592 0.0082885576412081
2451609.580843842 0.9797624349594116 0.0082822600379586
2451609.658620074 1.0089809894561768 0.0083021447062492
2451611.5606648778 1.0054847598075867 0.01099755475297565
2451611.630802547 0.9986945390701294 0.0108714792877435
2451611.709967849 0.9747233986854552 0.0107356989756226
2451611.788438729 1.002694010734558 0.01077347574755545
2451611.866909618 0.9999919533729552 0.0107804620638489
2451611.9460749486 0.9994645714759826 0.0106951734051108
2451612.025240286 1.0073028802871704 0.0105186458677053
2451612.104405629 0.98386013507843 0.0103734442964196
2451612.1828765445 0.9976530373096466 0.01029854873195285
2451612.2613474643 1.0112866163253784 0.0101649155840277
2451612.3405128205 1.0089929103851318 0.0099820848554372
2451612.41967818 1.0143409967422483 0.0098748197779059
2451612.498149109 1.011309027671814 0.0098508978262543
2451612.5766200395 0.9906086921691896 0.0098662339150905
2451612.6557854046 1.015426516532898 0.0098925894126296
2451612.7349507706 1.0109138488769531 0.0098675889894366
2451612.8141161376 1.0099226236343384 0.0098354639485478
2451612.8925870713 1.015789270401001 0.00979186594486235
2451612.971058006 0.9857693314552308 0.009682023897767
2451613.0502233724 1.0045194625854492 0.009576229378581
2451613.129388739 1.010893940925598 0.0094921663403511
2451613.2078596717 1.0021016597747803 0.00944070331752295
2451613.28563617 1.0083187222480774 0.009366023354232249
2451613.3654959663 0.9953698515892028 0.0092410771176218
2451613.4446613286 0.9784316420555114 0.0091336723417043
2451613.523132256 1.003627061843872 0.00910557294264435
2451613.6016031816 0.9973212480545044 0.0091003468260169
2451613.6807685387 0.9999592304229736 0.009083779528737
2451613.7599338936 1.0002106428146362 0.0090595101937651
2451613.839099246 0.9730515480041506 0.0090399263426661
2451613.9127091337 0.9949635267257688 0.0090446854010224
2451613.993957781 0.9998596012592316 0.00900765648111695
2451614.075206425 0.9939711689949036 0.0089515419676899
2451614.1543717682 1.0018731355667114 0.0089212283492088
2451614.233537109 0.9892918467521667 0.008891012519598
2451614.311313581 0.9886229634284972 0.0088526923209428
2451614.3904789165 1.0099638700485227 0.008804271928966
2451614.4696442485 1.0017738342285156 0.0087445005774497
2451614.547420712 1.0121712684631348 0.0087369997054338
2451614.625891606 1.013420283794403 0.008734688628464899
2451614.705751362 0.9873115420341492 0.0087014008313417
2451614.7849166817 1.0137382745742796 0.008705192245543
2451614.864081999 1.0117254257202148 0.008708007633686
2451614.9425528795 1.0069895386695862 0.0087019982747733
2451615.0210237573 1.0161466598510742 0.0086968215182423
2451615.1001890646 0.989040434360504 0.008669308386743
2451615.179354368 0.9956790208816528 0.0086536230519413
2451615.257825236 1.0096144676208496 0.008650065865367599
2451615.3362960997 1.0019283294677734 0.0086142513900995
2451615.4154613926 1.0090594291687012 0.0085804471746087
2451615.4946266823 1.0005735158920288 0.0085601508617401
2451615.573791968 0.9799212217330932 0.0085294460877776
2451615.652262818 1.0049844980239868 0.00854226527735585
2451615.7307336642 0.9990105628967284 0.0085250781849026
2451615.809898939 0.995600402355194 0.0085077816620469
2451615.88906421 1.0029404163360596 0.0085157509893178
2451615.967535045 0.9746995568275452 0.00848841667175285
2451616.0460058763 0.9901321530342102 0.0084870569407939
2451616.125171136 0.9995033740997312 0.0084794824942946
2451616.2043363918 0.9910306334495544 0.0084622576832771
2451616.2828072114 1.0001327991485593 0.00845444574952125
2451616.3612780273 0.9928458929061889 0.0084308320656418
2451616.440443271 0.9735233187675476 0.0084022292867302
2451616.5196085107 1.0078333616256712 0.0084177367389202
2451616.5987737463 0.9995834827423096 0.0084100859239697
2451616.6772445464 1.004039466381073 0.0084072244353592
2451616.7557153422 1.0112557411193848 0.0084051107987761
2451616.8348805658 0.9835583567619324 0.0083787580952048
2451616.914045785 1.009381890296936 0.0083948094397783
2451616.9925165684 1.011757493019104 0.0083922073245048
2451617.0709873475 1.0082094073295593 0.0083801201544702
2451617.1501525543 1.0189179182052612 0.0083749499171972
2451617.229317757 1.0040779113769531 0.0083616832271218
2451617.308482955 0.9974452257156372 0.00834003649652
2451617.386953717 1.0163816213607788 0.0083414851687848
2451617.4654244753 1.00425922870636 0.0083233723416924
2451617.5445896606 1.0127458572387695 0.0083235055208206
2451617.6237548413 1.0118012428283691 0.0083170812577009
2451617.7022255864 0.9847609102725983 0.0082952328957617
2451617.780696327 1.009866952896118 0.0083133159205317
2451617.8598614945 1.0039770603179932 0.0083110062405467
2451617.939026657 0.9992546439170836 0.0083077996969223
2451618.0174973845 1.0077070593833923 0.0083169927820563
2451618.095968107 0.9866678118705748 0.0082979388535022
2451618.1751332562 0.9879017472267152 0.0083006024360656
2451618.254298401 1.0024667978286743 0.0083107743412256
2451618.3334635408 0.9940976500511168 0.0083012208342552
2451618.4119342454 0.9997673630714417 0.008309356868267
2451618.490404945 0.9970241785049438 0.0083056958392262
2451618.5695700706 0.9712308049201964 0.0082877958193421
2451618.648735191 0.9983587265014648 0.0083064930513501
2451618.7272058767 0.9958878457546234 0.00830916082486505
2451618.8056765576 0.9967693686485288 0.008306760340929
2451618.8848416638 1.0066032409667969 0.008312439545989
2451618.9640067653 0.9816137552261353 0.008295732550323
2451619.042477431 0.9977291524410246 0.00831055222079155
2451619.120948092 1.0107829570770264 0.0083171809092164
2451619.2001131787 1.004283428192139 0.008310685865581
2451619.2792782597 1.014599561691284 0.0083208940923213
2451619.358443336 1.00912344455719 0.008316483348608
2451619.436913977 0.9890898764133453 0.00830035842955105
2451619.515384612 1.0158345699310305 0.0083216307684779
2451619.594549673 1.0067948102951048 0.0083154598250985
2451619.673714728 1.0077468156814575 0.0083114691078662
2451619.7521853475 1.0145862698554993 0.008316494990140151
2451619.830655962 0.9852672815322878 0.0082978680729866
2451619.9098210013 1.0047632455825803 0.0083157625049352
2451619.9889860344 1.0102143287658691 0.008311859332025
2451620.0681510624 1.0002025365829468 0.0083083277568221
2451620.1466216547 1.0098137855529785 0.0083145955577492
2451620.229953251 0.9942511916160583 0.0083000301383435
2451620.304257252 0.9832808971405028 0.008298342116177
2451620.383422257 1.0035029649734497 0.0083137936890125
2451620.4618928256 0.9947478771209717 0.008305704221129351
2451620.540363389 0.9974191188812256 0.0083087114617228
2451620.619528376 1.0038626194000244 0.0083078946918249
2451620.6986933565 0.9752745032310484 0.0082859946414828
2451620.7771639014 0.9960732161998748 0.008301116526126799
2451620.8556344397 1.00015389919281 0.0083059547469019
2451620.9347994016 0.9935692548751832 0.0083015523850917
2451621.0139643564 1.0042624473571775 0.0083128195255994
2451621.093129305 0.9869372844696046 0.0082958731800317
2451621.1715998175 0.9866297245025635 0.008298878092318749
2451621.250070323 1.006722927093506 0.0083104353398084
2451621.3292352506 0.9971073269844056 0.0083054434508085
2451621.408400171 1.0071280002593994 0.0083157671615481
2451621.4868706553 1.0115104913711548 0.008315033279359299
2451621.565341132 0.986118733882904 0.0083006713539361
2451621.6445060307 1.0130295753479004 0.0083157252520322
2451621.7236709213 1.0115381479263303 0.0083176102489233
2451621.802835804 1.006757378578186 0.008315484970808
2451621.8813062496 1.0159332156181335 0.008320964872837
2451621.9597766874 0.9946292638778688 0.0083083733916282
2451622.038941545 1.0005491971969604 0.008309019729495
2451622.118106394 1.011830687522888 0.0083172861486673
2451622.196576806 1.0032939314842224 0.00831177737563845
2451622.2750472077 1.0094200372695925 0.0083156730979681
2451622.3542120294 1.0034199953079224 0.0083132339641451
2451622.4333768403 0.9810155034065248 0.0082924757152795
2451622.511847214 1.0060119032859802 0.008312765974551401
2451622.590317576 0.9984589219093322 0.0083083361387252
2451622.669482356 0.998207688331604 0.0083046406507492
2451622.7486471245 1.0029733180999756 0.0083133019506931
2451622.8278118814 0.9725438952445984 0.0082904417067766
2451622.906282198 0.9936534464359283 0.0082998625002801
2451622.9847525028 0.9995012283325196 0.0083099175244569
2451623.0639172215 0.9952856302261353 0.0083035351708531
2451623.143081926 1.0007020235061643 0.0083093168213963
2451623.221552189 0.9911693632602692 0.008301649708300801
2451623.300022437 0.9755825996398924 0.0082924710586667
2451623.3798815226 1.0008161664009094 0.008310256991535349
2451623.458351738 0.9990302324295044 0.0083090011030435
2451623.536821936 1.0033287405967712 0.008312337100505749
2451623.615292115 1.0083436965942385 0.0083177536725997
2451623.694456701 0.9896268844604492 0.0083064045757055
2451623.7736212662 1.0140259265899658 0.0083173457533121
2451623.85278581 1.0148918628692627 0.0083238324150443
2451623.8930624984 1.0013622045516968 0.0083282841369509
2452281.936688817 0.9907263219356536 0.0070710578002035
2452281.9998845076 1.000751495361328 0.0069472915492951
2452282.078358275 1.011240303516388 0.00679457304067905
2452282.156832039 0.9998454451560974 0.0066366652026772
2452282.2360002575 1.0033804178237915 0.0065558822825551
2452282.315168472 1.0009077787399292 0.0064888456836342
2452282.393642225 0.981088787317276 0.0064016166143119
2452282.4721159735 1.0074199438095093 0.0063817133195698
2452282.5512841754 0.998042345046997 0.0063325436785817
2452282.630452373 0.9901459217071532 0.0062860096804797
2452282.708926108 0.996684283018112 0.00626495573669665
2452282.787399839 0.9779748916625975 0.0062301061116158
2452282.866568023 0.9923892617225648 0.0062422817572951
2452282.945736202 1.0029001235961914 0.0062542622908949
2452283.0249043764 0.9975106120109558 0.0062465313822031
2452283.103378088 1.009818434715271 0.00625874730758365
2452283.181851796 1.00152587890625 0.0062526976689696
2452283.261019956 0.9914494156837464 0.006239325273782
2452283.340188111 1.014470100402832 0.006265414878726
2452283.418661804 1.0071420669555664 0.0062579405494033995
2452283.497135492 1.0056303739547727 0.0062559484504163
2452283.576303633 1.012078046798706 0.0062640216201543
2452283.655471768 0.9898189306259156 0.006239260546863
2452283.7339454424 1.0115788578987122 0.006262089125812
2452283.812419111 1.0143014192581177 0.0062673408538103
2452283.8915872322 1.0037680864334106 0.0062543367967009
2452283.9707553484 1.009111762046814 0.0062606832943856
2452284.0499234595 1.0013993978500366 0.0062521868385374
2452284.128397109 0.9932817220687866 0.006241008639335599
2452284.206870754 1.0143442153930664 0.0062633901834487
2452284.2860388504 1.0025981664657593 0.0062527013942599
2452284.365206942 1.0034369230270384 0.0062520210631191
2452284.4436805723 1.006415069103241 0.0062557982746511
2452284.5221541976 0.98342764377594 0.0062319613061845
2452284.6013222747 1.005496382713318 0.0062558050267398
2452284.680490347 1.00161075592041 0.0062506045214831
2452284.7589639574 0.9916332364082336 0.0062397182919084505
2452284.8374375636 0.998709797859192 0.0062458096072077
2452284.916605621 0.9800845384597776 0.0062299417331814
2452284.995773674 0.9822493195533752 0.0062311310321092
2452285.074941722 0.9994258284568786 0.0062479525804519
2452285.1534153083 0.9886583685874939 0.006238613510504301
2452285.2318888903 0.9959098100662231 0.0062436051666736
2452285.3110569236 0.9982900023460388 0.0062447730451822
2452285.390224952 0.9813910722732544 0.006228738464415
2452285.4686985193 1.009125828742981 0.00626153405755755
2452285.547172081 1.0037761926651 0.0062567549757659
2452285.626340095 0.9979045391082764 0.0062490343116223
2452285.705508104 1.0073456764221191 0.0062591079622507
2452285.783981652 0.9938910901546478 0.0062414407730102
2452285.862455195 1.0016783475875854 0.0062530129216611
2452285.941623189 1.013310790061951 0.006263246294111
2452286.020791178 1.0026816129684448 0.0062521435320377
2452286.0999591625 1.0057610273361206 0.0062567284330725
2452286.1784326863 1.0034611821174622 0.0062543337699025
2452286.256906205 0.987901508808136 0.0062373029068112
2452286.3360741744 1.0113846063613892 0.0062647643499076
2452286.4152421393 1.005489706993103 0.0062577505595982
2452286.493715643 0.9989252686500549 0.0062511649448424005
2452286.5721891425 1.0052542686462402 0.0062592676840722
2452286.6513570924 0.988442838191986 0.0062390705570578
2452286.7305250373 1.0029182434082031 0.0062524578534066
2452286.8041373324 1.0094141960144043 0.0062598031945526
2452286.887472001 0.9962295889854432 0.0062442761845886
2452286.9666399313 1.000879168510437 0.0062484671361744
2452287.0458078566 0.9937376379966736 0.006240950897336
2452287.1249757768 0.9839566349983216 0.0062301103025674
2452287.203449236 1.0017988085746765 0.0062488459516316
2452287.2819226915 0.9915369153022766 0.0062386593781411
2452287.3610905963 0.990779399871826 0.0062372013926506
2452287.440258497 0.9980700612068176 0.0062432503327727
2452287.518731937 0.9785630404949187 0.0062223831191658505
2452287.5972053716 1.0018150806427 0.0062494101002812
2452287.676373257 1.0030721426010132 0.0062516066245734
2452287.7555411365 0.9980854392051696 0.0062448470853269
2452287.8347090115 1.0085089206695557 0.0062561435624957
2452287.9131824262 0.9989534020423888 0.00624350085854525
2452287.9916558363 1.0020359754562376 0.0062476238235831
2452288.070823696 1.0166347026824951 0.0062629356980323
2452288.1499915505 1.0066900253295898 0.0062530147843062
2452288.228464945 1.0089475512504578 0.00625705020502205
2452288.3069383344 1.0114922523498535 0.0062575442716479
2452288.3861061735 0.991553783416748 0.0062365652993321
2452288.4652740075 1.0156338214874268 0.0062624965794384
2452288.5437473813 1.0112692713737488 0.006257314002141299
2452288.62222075 1.00203800201416 0.0062499004416167
2452288.701388568 1.0097203254699707 0.0062568946741521
2452288.780556381 0.9946598410606384 0.0062415725551545
2452288.8597241887 1.0052648782730105 0.0062504652887582
2452288.9381975364 1.0126535892486572 0.0062591363675892
2452289.0166708794 1.0016652345657349 0.0062466943636536
2452289.095838671 1.007246971130371 0.0062516066245734
2452289.175006457 1.000926494598389 0.0062469304539263
2452289.2534797834 0.9809959828853608 0.0062243165448307505
2452289.3319531046 1.003201961517334 0.0062504215165972
2452289.411120875 0.997414231300354 0.0062421872280538
2452289.490288639 0.989598214626312 0.0062335534021258
2452289.568761944 0.9963255524635314 0.006242115516215551
2452289.6472352436 0.9744536876678466 0.0062194592319428
2452289.726402991 0.9922822117805482 0.0062385168857872
2452289.8055707333 1.0013493299484253 0.0062464787624776
2452289.8847384695 0.990549862384796 0.0062354593537747
2452289.963211747 1.002707064151764 0.0062477998435497
2452290.0416850178 1.0004929304122925 0.006245725788176
2452290.120852737 0.9900383949279784 0.0062356507405638
2452290.2000204506 1.0148631334304807 0.0062613384798169
2452290.2784937043 1.0048099160194397 0.006251896498724751
2452290.356966953 1.0026227235794067 0.0062498017214238
2452290.436134648 1.0112500190734863 0.0062579130753874
2452290.5153023377 0.9927628636360168 0.0062400652095675
2452290.593775568 1.0098955035209656 0.00625757034868
2452290.672248792 1.0147984027862549 0.0062631792388856
2452290.7514164634 1.004313826560974 0.0062522157095372
2452290.8305841284 1.0120762586593628 0.0062600774690508
2452290.909751787 1.0017132759094238 0.0062474044971168
2452290.988224986 0.9949532151222229 0.0062407797668128494
2452291.0666981786 1.015356421470642 0.0062636490911245
2452291.145865818 1.0032451152801511 0.0062525635585188
2452291.2250334504 1.002306580543518 0.006251863669604
2452291.3035066235 1.005626618862152 0.00625376892276105
2452291.3819797896 0.9869036078453064 0.0062334151007235
2452291.461147402 1.0062806606292725 0.0062554683536291
2452291.540315007 1.0019065141677856 0.0062533202581107
2452291.618788152 0.9920950531959534 0.0062411793041974
2452291.6972612906 0.9980077147483823 0.0062465434893965
2452291.776428874 0.981541097164154 0.0062291696667671
2452291.85559645 0.9856505393981932 0.0062350784428417
2452291.9347640183 0.9988415241241456 0.006249601021409
2452292.013237127 0.9855278730392455 0.00623537367209785
2452292.091710227 0.9924010634422302 0.0062405834905803
2452292.1708777724 0.9934417009353635 0.0062418403103947
2452292.250045309 0.9780508279800416 0.0062249107286334
2452292.3285183855 1.0094263553619385 0.00625904719345265
2452292.406991454 1.0069248676300049 0.0062545333057641
2452292.4861589656 1.002047777175903 0.006249448750168
2452292.5653264686 1.0080761909484863 0.0062572681345045
2452292.6437995113 0.9930891692638397 0.0062404999043792
2452292.7222725456 1.0046586990356443 0.00625432562083
2452292.801440023 1.0228618383407593 0.0062726447358727
2452292.8486627247 1.00653338432312 0.0062596257776021
2452295.023686992 0.9879674315452576 0.0070784450508654
2452295.0882711126 0.9953985214233398 0.00692571932449935
2452295.166744288 1.000565528869629 0.0067553305998444
2452295.245911913 0.9865882992744444 0.0066164922900497
2452295.325079534 1.0137857198715208 0.0065704211592674
2452295.4035526984 1.0106357336044312 0.006495347945019551
2452295.4820258585 1.0042767524719238 0.0064481268636882
2452295.5611934667 1.0107406377792358 0.0064257769845426
2452295.6403610706 0.9943582415580748 0.0063789221458137
2452295.71952867 1.003007173538208 0.0063521941192448
2452295.798001812 1.0148662328720093 0.0063222094904630995
2452295.8764749495 1.0010355710983276 0.0062722382135689
2452295.955642535 1.0096575021743774 0.006269893143326
2452296.034810115 1.00241482257843 0.0062611615285277
2452296.1132832384 0.9834148287773132 0.00623886915855105
2452296.191756356 1.0061042308807373 0.0062623741105198
2452296.270923922 0.9956623315811156 0.0062534874305129
2452296.3500914825 0.990002989768982 0.0062469230033457
2452296.4285645857 0.9955962896347046 0.0062519474886357
2452296.507037685 0.9780625700950624 0.0062316856347024
2452296.58620523 0.9887737035751344 0.0062479940243065
2452296.6653727707 0.9980450868606568 0.0062556266784667
2452296.7445403063 0.990113377571106 0.0062469020485877
2452296.823013385 0.9982495009899139 0.0062529821880161
2452296.9014864583 0.9930231571197508 0.0062498361803591
2452296.980653979 0.9888371229171754 0.0062462179921567
2452297.059821494 1.0117915868759155 0.0062698717229068
2452297.1382945525 1.0035959482192993 0.00626270170323545
2452297.216767606 1.0038176774978635 0.0062619009986519
2452297.295935106 1.0108523368835447 0.0062688598409295
2452297.374408149 0.9925010502338409 0.00624924548901615
2452297.453575639 1.015296757221222 0.006271512247621951
2452297.532048672 1.015341877937317 0.0062735439278185
2452297.611216152 1.006587266921997 0.0062624416314065
2452297.6903836266 1.0113792419433592 0.006267961114645
2452297.769551096 0.999598741531372 0.0062550674192607
2452297.848024109 0.9953000247478484 0.006253474159166149
2452297.9264971167 1.012749433517456 0.0062700654380023
2452298.005664571 1.0009673833847044 0.0062564052641391
2452298.08483202 1.0044293403625488 0.0062594753690063
2452298.1633050125 1.0055530071258545 0.0062606569845229
2452298.2417780007 0.9837989807128904 0.0062394933775067
2452298.3209454343 1.008336901664734 0.0062635606154799
2452298.400112863 1.0018553733825684 0.0062560895457863
2452298.4785858355 0.9928361773490906 0.0062484790105372
2452298.557058803 0.998675525188446 0.0062528126873075
2452298.6362262163 0.9824371933937072 0.0062344749458134
2452298.7153936243 0.9869846701622008 0.0062390672974288
2452298.7945610275 1.0001968145370483 0.0062540834769606
2452298.8730339743 0.9883220791816711 0.0062412493862211
2452298.951506917 0.991322100162506 0.0062447730451822
2452299.0306743043 0.9925071001052856 0.0062451981939375
2452299.109841687 0.9779886603355408 0.0062277731485664
2452299.188314614 1.00592839717865 0.0062573479954153004
2452299.2667875355 1.0038412809371948 0.0062551829032599
2452299.3459549025 0.9975458979606628 0.0062496643513441
2452299.425122265 1.0080839395523071 0.0062594250775873
2452299.503595171 0.9904824793338776 0.00624033482745285
2452299.5827625226 1.007549226284027 0.0062559978105127
2452299.6612354186 1.0166682004928589 0.0062656826339662
2452299.73970831 1.006784737110138 0.006255205487832351
2452299.8147089444 1.0136924386024475 0.0062625654973089
2452299.898042977 1.0093973278999329 0.00625983113422985
2452299.9765158524 0.9924237728118896 0.0062423883937299
2452300.0556831732 1.0188944339752195 0.0062688183970749
2452300.1348504885 1.0101209878921509 0.0062602250836789
2452300.213323348 1.0029906034469604 0.0062540532089769
2452300.2917962032 1.0101282596588137 0.0062627061270177
2452300.370963503 0.9894837737083436 0.0062401327304542
2452300.4501307975 1.0078805685043335 0.006259012967348
2452300.5292980867 1.0112334489822388 0.006261701695621
2452300.6077709207 0.998853474855423 0.0062492948491126
2452300.6862437497 1.0044885873794556 0.0062552327290177
2452300.765411023 0.9935013055801392 0.0062444992363452
2452300.844578291 0.9883190393447876 0.0062404572963714
2452300.923051104 1.0025274157524109 0.0062534834723919006
2452301.001523912 0.9924209713935852 0.0062427474185824
2452301.080691164 0.9897817373275756 0.0062395450659096
2452301.1598584107 0.990850865840912 0.0062415525317192
2452301.2383312024 0.9708043336868287 0.0062230133917182
2452301.316803989 0.9963997602462769 0.006247938144952
2452301.3959712195 0.9986397624015808 0.006249486003071
2452301.475138445 0.9935171604156494 0.0062438850291073
2452301.5543056643 1.0020949840545654 0.0062534287571907
2452301.6327784294 0.9941648840904236 0.0062431781552731505
2452301.711251189 1.000180959701538 0.0062511628493666
2452301.790418392 1.0151125192642212 0.0062648206949234
2452301.86958559 1.0044530630111694 0.0062554031610488
2452301.9480583332 1.0095476508140564 0.0062583745457231495
2452302.026531071 1.0077532529830933 0.0062579796649515
2452302.105698252 0.9905818104743956 0.0062397103756666
2452302.1848654277 1.0173202753067017 0.0062664318829774
2452302.2633381486 1.0118249654769897 0.0062625687569379
2452302.341810864 1.0046362876892088 0.0062539903447031
2452302.4209780223 1.0119037628173828 0.0062602804973721
2452302.500145175 0.989331007003784 0.0062420177273452
2452302.579312322 1.0043365955352783 0.006254767999053
2452302.6577850147 1.0141821503639221 0.0062635114882141
2452302.7362577016 1.0028132200241089 0.0062530399300158
2452302.815424831 1.006304383277893 0.0062570814043283
2452302.8945919545 1.000449776649475 0.0062503372319042
2452302.973064624 0.9833559393882751 0.0062329487409442
2452303.0515372874 1.0055822134017944 0.0062562581151723
2452303.130704393 0.9994378685951234 0.0062488676048815
2452303.2098714923 0.991200566291809 0.0062412223778665
2452303.288344138 0.9950883090496061 0.0062458179891109
2452303.3668167773 0.969885528087616 0.0062221968546509
2452303.4459838583 0.9880817532539368 0.0062405979260802
2452303.5251509333 0.9964476823806762 0.0062474920414388
2452303.604318002 0.9874690771102904 0.0062371124513447
2452303.6827906156 0.9966579675674438 0.0062475395388900505
2452303.7612632234 0.99058997631073 0.0062429993413388
2452303.8404302727 0.9846285581588744 0.0062369974330067
2452303.919597315 1.0107592344284055 0.0062625273130834
2452303.9980699033 1.0031973719596863 0.0062554359901696
2452304.076542485 1.0059727430343628 0.0062566134147346
2452304.1557095074 1.0091091394424438 0.0062620276585221
2452304.23557097 0.9895940721035004 0.00624192808754735
2452304.313349083 1.0155193209648132 0.006267835618928
2452304.3918216373 1.0164037942886353 0.006268841214478
2452304.4709886312 1.007728099822998 0.0062583065591752
2452304.550155618 1.0124517679214475 0.0062641715630888
2452304.6293225973 1.0003818273544312 0.0062513505108654
2452304.7077951217 1.0015968084335327 0.00625155493617055
2452304.7862676387 1.0171442031860352 0.0062704300507903
2452304.865434595 1.006525993347168 0.0062568029388785
2452304.944601543 1.0076990127563477 0.0062580457888543
2452305.023074036 1.0088828802108765 0.0062591277528554
2452305.1022409676 0.9873088598251343 0.006237224210053601
2452305.182796784 1.0123904943466187 0.00626310822553925
2452305.2584914663 1.0077818632125854 0.00625732075423
2452305.3390472652 0.9977932572364808 0.0062492075376212
2452305.4182141623 1.003585696220398 0.0062534129247069
2452305.495297712 0.986246883869171 0.006235497770830951
2452305.57654793 0.9935433864593504 0.0062430091202259
2452305.655020354 1.0042698979377747 0.00625442294403905
2452305.731409431 0.989725023508072 0.0062418901361525
2452305.8084929455 0.99485844373703 0.0062454342842102
2452305.8904375746 0.9945870637893676 0.0062495884485542
2452305.9598821686 0.9807596802711488 0.0062298295088112
2452308.128639548 0.9894707202911376 0.0064288477879017
2452308.176556418 0.9998401999473572 0.0063870870508253
2452308.2557234163 0.9973123669624328 0.0063260733149945
2452308.334890411 0.9928292632102966 0.0062546711415052
2452308.414057401 0.9954513907432556 0.0061776763759553
2452308.492529939 0.9886257350444791 0.00614417344331735
2452308.5710024727 0.9957560896873474 0.0061325607821345
2452308.6501694494 1.0061111450195312 0.0061314776539802
2452308.729336421 0.9982641935348512 0.0060980250127613
2452308.8078089408 1.0039132237434387 0.0060546768363564495
2452308.886281456 1.0074127912521362 0.0060332897119224
2452308.9654484135 0.9956706166267396 0.00599948130548
2452309.0446153656 1.0093649625778198 0.0059911794960498
2452309.123087866 1.0071755647659302 0.005959337810054401
2452309.201560362 1.0039528608322144 0.0059314519166946
2452309.280727299 1.0087039470672607 0.005919077899307
2452309.3598942314 0.9982726573944092 0.0058826291933655
2452309.439061159 1.005810022354126 0.0058646542020142
2452309.5175336343 1.0087276697158811 0.00585738453082735
2452309.596006105 1.00341534614563 0.0058432510122656
2452309.675173017 1.0069775581359863 0.0058374707587063
2452309.754339924 1.002056121826172 0.0058198072947561
2452309.83281238 0.9908648431301116 0.0057975533418357
2452309.9112848304 1.0043491125106812 0.0058031403459608
2452309.990451722 0.9963699579238892 0.0057862782850861
2452310.069618609 0.9953957200050354 0.005775008816272
2452310.1487854905 0.9936650395393372 0.0057663726620376
2452310.2272579204 0.9805721640586852 0.00574195501394565
2452310.3057303457 0.9882341027259826 0.0057506100274622
2452310.3848972116 0.9928694367408752 0.0057499161921441
2452310.464064073 0.9884124994277954 0.0057439529336988
2452310.542536482 0.994230180978775 0.0057500039692967506
2452310.6210088874 0.9892459511756898 0.0057440008968114
2452310.7001757333 0.9905717968940736 0.0057452260516583
2452310.7793425736 1.0064680576324463 0.005762331187725
2452310.857814963 1.0049979090690613 0.0057598520070314
2452310.9362873477 1.0037076473236084 0.0057601165026426
2452311.0154541726 1.007119059562683 0.0057621398009359
2452311.094620993 0.996614158153534 0.0057506365701556
2452311.173787808 1.0104193687438965 0.0057658008299767
2452311.252260172 1.0127289295196533 0.00576786650344725
2452311.330732531 1.0095371007919312 0.0057633514516055
2452311.40989933 1.013112187385559 0.0057667554356157
2452311.4890661244 1.0035727024078367 0.0057590645737946
2452311.567538468 1.0054588317871094 0.00576056283898645
2452311.6460108072 1.0150662660598757 0.0057701873593032
2452311.725177586 1.0067442655563354 0.0057619460858404
2452311.80434436 1.0070964097976685 0.0057626664638519
2452311.882816683 1.0064187049865723 0.00576258846558625
2452311.9612890016 0.9952796101570128 0.0057504922151565
2452312.04045576 1.0072172880172727 0.0057609686627984
2452312.119622513 1.0058125257492063 0.0057602608576416
2452312.1987892613 0.9973768591880798 0.0057528624311089
2452312.277261559 1.000475525856018 0.00575267919339235
2452312.355733852 0.9874342083930968 0.0057380232028663
2452312.434900584 0.9900314807891843 0.0057417438365519
2452312.514067312 0.9948115348815918 0.0057458719238638
2452312.592539589 0.9873079061508179 0.0057394327595829495
2452312.6710118614 0.989141285419464 0.0057409037835896
2452312.750178573 0.98725825548172 0.0057382583618164
2452312.828650835 0.979865312576294 0.0057315325830131
2452312.907817537 0.998330295085907 0.0057511811610311
2452312.9855953436 0.9990995824337006 0.00575118302367625
2452313.069623147 0.9996454119682312 0.0057520237751305
2452313.1446231655 1.0039842128753662 0.0057555064558982
2452313.223789846 0.9964569211006165 0.0057470076717436
2452313.302262077 1.0067965984344482 0.0057582317385822
2452313.380734303 1.0116329193115234 0.0057644778862595
2452313.459900968 1.0084798336029053 0.0057584941387176
2452313.539067628 1.0117487907409668 0.0057628210633993
2452313.617539838 1.00762140750885 0.005758221959695199
2452313.696012043 1.005651831626892 0.0057568335905671
2452313.7751786867 1.0156455039978027 0.0057672741822898
2452313.8543453254 1.0093125104904177 0.0057608452625572
2452313.933511959 1.0083688497543335 0.0057595074176788
2452314.0119841425 1.0087715983390808 0.0057608892675489
2452314.0904563214 0.9956644773483276 0.0057454584166407
2452314.169622939 1.0072394609451292 0.005757737904787
2452314.248789551 1.0078026056289673 0.0057580140419304
2452314.327261714 1.0035268068313599 0.00575266801752145
2452314.4057338717 1.003162503242493 0.0057533085346221
2452314.4849004676 0.9952611327171323 0.0057434416376054
2452314.5640670583 0.9910151958465576 0.0057395882904529
2452314.6425391994 1.0012677311897278 0.00575066520832475
2452314.7210113355 0.9932925105094907 0.0057395063340663
2452314.80017791 0.9903759360313416 0.0057387887500226
2452314.8793444787 0.9901497960090636 0.0057394374161958
2452314.958511042 0.9802425503730772 0.005726174917072
2452315.0369831566 0.9909205436706543 0.0057383615057915
2452315.1154552656 0.9915962815284728 0.0057388232089579
2452315.194621812 0.9911105632781982 0.0057392083108425
2452315.2737883534 0.9983282089233398 0.0057462705299258
2452315.352260446 0.990315169095993 0.00573612865991885
2452315.4307325324 0.9975367784500122 0.0057456800714135
2452315.509899057 1.0078012943267822 0.0057581621222198
2452315.589065576 1.001664638519287 0.0057509494945406
2452315.667537646 1.0068684220314026 0.005756973521783899
2452315.7460097102 1.007771611213684 0.005756692495197
2452315.825176212 0.9982061982154846 0.0057462272234261
2452315.9043427072 1.0160894393920898 0.0057671754620969
2452315.9835091974 1.0099066495895384 0.005760233849287
2452316.061981239 1.0077036023139954 0.005757903214544001
2452316.1404532744 1.010628342628479 0.0057620708830654
2452316.219619747 0.9982898235321044 0.0057470994070172
2452316.298786213 1.0063008069992063 0.0057571572251617
2452316.3772582305 1.0110656023025513 0.0057617626152932
2452316.455730242 1.0020724534988403 0.0057514552026987
2452316.534896691 1.006553530693054 0.0057568028569221
2452316.6140631326 1.0011640787124632 0.0057504582218825
2452316.692535126 0.9962423741817474 0.005741767818108151
2452316.7710071136 1.0056160688400269 0.0057552927173674
2452316.850173537 0.998219072818756 0.005744672846049
2452316.9293399537 0.9953209757804872 0.0057436926290392
2452317.0085063647 0.994047999382019 0.005743364803493
2452317.0869783266 0.9806100726127623 0.00572445243597025
2452317.1654502815 0.9891193509101868 0.0057364157401025
2452317.244616673 0.9899324774742126 0.0057366555556654
2452317.323783057 0.9863253235816956 0.0057331770658493
2452317.402254992 0.9914014339447021 0.0057383028324693
2452317.480726921 0.9888960123062132 0.0057331244461238
2452317.5598932845 0.988033890724182 0.0057326718233525
2452317.639059641 0.9997757077217102 0.00574696296826
2452317.7182259904 0.9973068237304688 0.0057450346648693
2452317.796697891 1.0017822980880737 0.00574711430817835
2452317.875169784 1.0028812885284424 0.0057491697371006
2452317.9543361114 0.9922538995742796 0.0057377968914806
2452318.0335024307 1.0075836181640625 0.0057541197165846
2452318.1119743017 1.0084635615348816 0.0057551984209567
2452318.1904461645 1.0042675733566284 0.0057500191032886
2452318.2696124604 1.0084947347640991 0.0057558184489607
2452318.3487787484 0.9993892312049864 0.0057454239577054
2452318.4272505874 1.0004732608795166 0.0057470526080578
2452318.505722418 1.009669542312622 0.0057565197348594
2452318.584888681 1.001139760017395 0.0057465839199721
2452318.6640549353 1.0039933919906616 0.0057509378530085
2452318.743221181 0.9999533295631408 0.0057440227828919
2452318.820998537 0.990932524204254 0.0057345717214047
2452318.900164766 1.002309799194336 0.0057478873059153
2452318.979330986 0.9999776482582092 0.0057440842501819
2452319.0258584972 1.0004208981990814 0.0057436593342572
2452321.3043198017 1.0044407844543457 0.0064452914521098
2452321.3445974216 0.9997166395187378 0.0063758706673979
2452321.423763775 0.9999145865440368 0.0062951315194368
2452321.5029301248 1.0082210302352903 0.0062943743541836
2452321.581402029 0.9991088211536407 0.00629435316659505
2452321.6598739293 0.9961928725242616 0.0062691764906048
2452321.7390402677 0.9935066699981688 0.0062158978544175
2452321.8182066013 0.9820854663848878 0.0061731277965009
2452321.896678489 0.996067613363266 0.0061733161564915505
2452321.975150373 0.9951519966125488 0.0061431289650499
2452322.054316693 0.9938849210739136 0.0061082951724529
2452322.133483009 0.999847650527954 0.0060787410475313
2452322.2119548786 0.9909421801567078 0.006039674393832651
2452322.2904267437 1.000349521636963 0.0060109575279057
2452322.3695930457 1.0137163400650024 0.005983077455312
2452322.4487593425 1.0063587427139282 0.0059383180923759
2452322.5279256348 1.0104238986968994 0.0059414496645331
2452322.6063974807 1.0079251527786255 0.0059409709647297
2452322.6848693225 0.99824321269989 0.0059236674569547
2452322.7640356 1.0166070461273191 0.0059217121452093
2452322.8432018724 1.0134875774383545 0.0059023229405283
2452322.9216736993 1.010129451751709 0.005891827866435
2452323.0001455215 1.0119129419326782 0.0058812666684389
2452323.0793117792 0.999849498271942 0.0058496068231761
2452323.158478033 1.0111966133117676 0.0058466205373406
2452323.23694984 1.0124455094337463 0.00583790312521155
2452323.3154216423 1.0043863058090208 0.0058164964430034
2452323.3945878805 1.0078589916229248 0.0058038779534399
2452323.4737541135 1.0016400814056396 0.0057850750163197
2452323.552920342 0.9929076433181762 0.0057722553610801
2452323.631392125 1.005058467388153 0.005781679181381999
2452323.7098639025 0.999955713748932 0.00576590327546
2452323.789030116 0.996626079082489 0.0057570724748075
2452323.8681963244 0.998090863227844 0.0057536205276846
2452323.9466680875 0.9817142486572266 0.00573215610347685
2452324.025139846 0.9918339848518372 0.0057445368729531
2452324.1043060394 0.9909448027610778 0.0057417280040681
2452324.183472228 0.987972855567932 0.0057382592931389
2452324.2626384115 0.9894664883613584 0.0057401219382882
2452324.3411101494 0.9837871193885802 0.0057329083792865
2452324.418887443 0.9865913689136506 0.0057367216795682005
2452324.498748052 0.9990583658218384 0.0057502617128193
2452324.5779142156 0.9966788291931152 0.0057478272356092
2452324.656385934 0.9992203116416932 0.0057513867504894005
2452324.734857648 1.0018603801727295 0.0057554878294467
2452324.814023797 0.9941545724868774 0.0057418239302933
2452324.8931899406 1.0090041160583496 0.0057611786760389
2452324.9716616394 1.0097635388374329 0.0057617998681962004
2452325.0501333335 1.0055253505706787 0.0057573188096284
2452325.1292994623 1.00944185256958 0.0057630194351077
2452325.2084655864 1.0003057718276975 0.0057492600753903
2452325.287631705 1.0062028169631958 0.0057566217146813
2452325.366103379 1.0127072930335999 0.00576403643935915
2452325.4445750485 1.0060404539108276 0.0057579739950597
2452325.5237411526 1.0079609155654907 0.0057607335038483
2452325.6029072516 1.0041590929031372 0.0057561700232326
2452325.6813789057 0.9953470528125762 0.00574511522427195
2452325.760544995 1.0075194239616394 0.00575946411117905
2452325.8390166396 1.005845069885254 0.0057569798082113
2452325.9181827186 1.0012139081954956 0.0057525821030139
2452325.996654353 1.0023375749588013 0.0057532368227839
2452326.075125983 0.988804578781128 0.0057379156351089
2452326.154292047 0.9913073182106018 0.005744629073888
2452326.233458106 0.9973077774047852 0.0057511939667165
2452326.317485233 0.9888393878936768 0.00574177945964035
2452326.3910957696 0.9916982054710388 0.0057418402284383
2452326.4695673743 0.9854631423950196 0.0057378751225769
2452326.548733413 0.982559323310852 0.0057326657697558
2452326.6278994475 0.9949639439582824 0.0057506584562361
2452326.7063710373 0.9930987656116486 0.005748039111495
2452326.784842622 0.9952033758163452 0.0057497713714838
2452326.864008641 0.9969295859336852 0.0057547544129192
2452326.943174654 0.9917002320289612 0.0057444260455667
2452327.022340663 1.006505250930786 0.0057619824074208
2452327.1008122275 1.0065448880195615 0.00576294679194685
2452327.1792837875 1.0057955980300903 0.0057626380585134
2452327.2584497808 1.0115972757339475 0.0057680597528815
2452327.337615769 1.0042704343795776 0.0057613435201346
2452327.4160873136 1.0051593780517578 0.005760793806985
2452327.494558853 1.013438701629639 0.0057711056433618
2452327.573724826 1.007679462432861 0.0057651000097393
2452327.6528907935 1.008070468902588 0.0057644383050501
2452327.7313623177 1.0097677111625671 0.00576504995115095
2452327.809833837 0.9989385008811952 0.0057535357773303
2452327.888999789 1.007498264312744 0.005762165877968
2452327.968165736 1.009118676185608 0.005763400811702
2452328.0473316777 1.0034842491149902 0.0057579553686082
2452328.1258031763 1.0056634545326233 0.00575976842083035
2452328.2042746698 0.996759295463562 0.0057495981454849
2452328.2834405955 0.9977530837059022 0.0057508279569447
2452328.3626065166 1.0043847560882568 0.005757637321949
2452328.441077994 0.9962530434131622 0.005748442607000449
2452328.519549466 0.9951606392860411 0.0057482328265905
2452328.5987153715 0.9932689666748048 0.0057449652813375
2452328.677881271 0.9805110096931456 0.0057327887043356
2452328.7563527273 0.9927012920379639 0.00574415083974595
2452328.8348241784 0.9927080869674682 0.0057453503832221
2452328.9139900617 0.9920378923416135 0.0057422355748713
2452328.9931559395 0.99509060382843 0.0057458388619124
2452329.072321812 0.9851014614105223 0.0057355565950274
2452329.1507932413 0.996191143989563 0.00574751198291775
2452329.2292646654 1.0055679082870483 0.0057588010095059
2452329.3084305217 1.0023512840270996 0.0057526929304003
2452329.3875963716 1.007292866706848 0.0057590673677623
2452329.466067779 1.0093921422958374 0.0057622655294834995
2452329.544539181 0.9985843896865844 0.0057496852241456
2452329.623705014 1.0126428604125977 0.0057651945389807
2452329.702870842 1.0098901987075803 0.0057628275826573
2452329.781342227 1.0107076168060303 0.00576311303302645
2452329.8598136054 1.0100573301315308 0.0057658115401864
2452329.9389794157 0.9997464418411256 0.0057534212246537
2452330.0181452204 1.0074819326400757 0.0057610343210399
2452330.0973110185 1.0073444843292236 0.0057609369978308
2452330.175782374 1.004469096660614 0.0057569143828004
2452330.2542537237 1.0086301565170288 0.0057604662142694
2452330.3334195036 0.998785614967346 0.005749815609306
2452330.4125852776 0.994808793067932 0.0057449019514024
2452330.4910566085 1.0063637495040894 0.00575786340050395
2452330.5695279334 1.000419855117798 0.0057518812827765
2452330.6486936887 0.9993118047714232 0.0057501560077071
2452330.727859437 0.995962917804718 0.0057452567853033
2452330.8070251793 0.9826671481132508 0.0057332031428813
2452330.8854964785 0.9921982884407043 0.00574425421655175
2452330.963967771 0.9930503368377684 0.0057426397688686
2452331.043133493 0.987237513065338 0.0057379337958991
2452331.122299208 0.9892414212226868 0.0057399054057896
2452331.2007704796 0.9819528162479401 0.0057314918376505
2452331.279241745 0.9853793382644652 0.0057369209825992
2452331.3584074387 0.9958072900772096 0.0057484563440084
2452331.437573125 0.9959779977798462 0.0057494868524372
2452331.516044368 1.0006983280181885 0.00575461960397655
2452331.594515604 1.0017489194869995 0.0057557704858481
2452331.6736812675 0.994082510471344 0.0057485233992338
2452331.7528469237 1.007114052772522 0.005760749336332
2452331.8320125714 1.0086872577667236 0.0057644061744213
2452331.9104837757 1.007744014263153 0.0057642806787042995
2452331.9889549725 1.007045030593872 0.0057658026926219
2452332.0681205955 1.000301718711853 0.0057592713274061
2452332.147286211 1.0055171251296997 0.0057647982612252
2452332.225757383 1.0099809169769287 0.005771996686235
2452332.3042285466 1.0053486824035645 0.0057699056342244
2452332.382005268 1.004375457763672 0.005770550109446
2452332.4625597214 0.9983775019645692 0.0057667628861963
2452332.5424197325 0.9906938672065735 0.0057605593465268005
