2451569.7486636345 0.999606132507324 0.0001375041174469
2451569.8250545086 0.9999074339866638 0.000137344803079
2451569.9007509444 0.9997576177120209 0.0001371047910652
2451569.976447401 0.9998639225959776 0.000136782953632
2451570.0563106555 1.0000069141387937 0.00013633619528254998
2451570.1320071486 1.0001505613327026 0.0001360572059638
2451570.205620266 0.9999127388000488 0.0001358575536869
2451570.282705713 1.000016987323761 0.00013558244972949998
2451570.3590967087 0.9999124109745026 0.00013535729522115
2451570.4368766416 0.9997701346874237 0.0001352799517917
2451570.510489801 0.9999601542949677 0.0001352251056232
2451570.58826975 1.0001044869422913 0.00013522122753775002
2451570.666049706 0.9999149441719055 0.0001351592800347
2451570.7410518117 0.9995780885219572 0.00013512264558804998
2451570.8167483862 0.9994913935661316 0.0001350521197309
2451570.8938338924 0.9993669688701627 0.0001350332677247
2451570.969530474 0.999848425388336 0.0001350042002741
2451571.045921522 1.0001211166381836 0.0001349807716906
2451571.1223125723 0.999805212020874 0.0001349376252619
2451571.198703624 0.9992486238479614 0.0001348746882285
2451571.2750946768 0.9992992281913756 0.00013485692034
2451571.3514857297 0.9997246265411378 0.0001348604855593
2451571.4278767835 1.000168800354004 0.0001348581427009
2451571.504267837 1.0002118349075315 0.0001348492223769
2451571.58065889 0.9999238252639768 0.0001348341465927
2451571.657049942 0.9995933771133424 0.000134794609039
2451571.7327465285 0.9994195103645325 0.0001347684592474
2451571.8084431146 0.9993487000465392 0.0001347613870166
2451571.884834163 0.9996683597564696 0.0001347669895039
2451571.961225209 0.999915599822998 0.0001347855431959
2451572.0376162534 1.0000900030136108 0.000134784480906
2451572.1140072956 0.999728202819824 0.0001347621146123
2451572.1903983355 0.9995288848876952 0.0001347455545328
2451572.2667893725 0.9996533989906312 0.0001347591314697
2451572.343180407 0.999829351902008 0.000134761648951
2451572.4195714383 1.0000784397125244 0.0001347735524177
2451572.495962467 1.0004501342773435 0.0001347936340607
2451572.5716590285 1.0001261830329895 0.00013476680032905
2451572.652911297 0.9996986985206604 0.0001347276120213
2451572.7251355327 0.999845325946808 0.0001347205252386
2451572.8008320844 1.000376582145691 0.000134748785058
2451572.876528632 1.0004248619079588 0.0001347466022707
2451572.9529196396 1.0002422332763672 0.0001347269280813
2451573.029310643 0.9998766183853148 0.0001347046345472
2451573.105701643 0.9996644854545592 0.0001346947246929
2451573.182092639 0.9999712109565736 0.0001347207580693
2451573.258483631 0.9999203085899352 0.0001347255456494
2451573.3348746183 0.999805748462677 0.0001347121869912
2451573.411265602 1.000087022781372 0.0001347322395304
2451573.4876565807 1.0001732110977173 0.0001347418728983
2451573.564047555 1.0004620552062988 0.0001347612269455
2451573.640438525 1.0000157356262207 0.0001347270299447
2451573.7168294904 0.9996855854988098 0.0001347076467936
2451573.792525988 0.9998831152915955 0.0001347171782981
2451573.8682224806 1.0000851154327393 0.0001347303623333
2451573.944613432 1.000096321105957 0.0001347342476947
2451574.0210043783 0.9997622370719907 0.0001347128127235
2451574.09739532 0.999726951122284 0.000134706031531
2451574.173786257 0.9994494915008546 0.0001346864155493
2451574.2501771883 0.9990860819816588 0.0001346549979643
2451574.326568115 0.9994180798530578 0.0001346715871477
2451574.4029590366 0.9997735619544984 0.0001347020588582
2451574.479349953 0.999602735042572 0.0001346962089883
2451574.555740864 0.999512791633606 0.0001346939243376
2451574.6321317703 0.9997132420539856 0.0001347029028693
2451574.7085226704 1.0000683069229124 0.0001347270736005
2451574.7842191034 1.0002644062042236 0.00013474556180875
2451574.859915531 1.000330090522766 0.0001347434881608
2451574.936306415 0.9998821020126344 0.0001347153738606
2451575.0126972944 0.999544620513916 0.0001346964709227
2451575.089088168 0.999459207057953 0.0001346907520201
2451575.1654790356 0.9996433854103088 0.0001347093639196
2451575.241869898 0.9999130964279176 0.0001347260840702
2451575.318260755 0.9997407793998718 0.000134711706778
2451575.3946516057 0.9994778633117676 0.0001346925564575
2451575.471042451 0.9992104768753052 0.0001346718927379
2451575.5474332906 0.9993769526481628 0.0001346810458926
2451575.623824124 0.9997036457061768 0.0001347018551314
2451575.698131566 0.9996237754821776 0.00013469576515485
2451575.779383622 0.999533712863922 0.0001346730132354
2451575.8523021275 0.9996075630187986 0.00013467470125755
2451575.927998476 0.9996663331985473 0.0001346846838714
2451576.00438928 0.999777853488922 0.0001346760254818
2451576.080780078 0.9995226860046386 0.0001346617063973
2451576.15717087 0.999834418296814 0.0001346787612419
2451576.2335616555 1.000200629234314 0.0001347014331258
2451576.3099524346 0.9999873042106628 0.0001346841454505
2451576.386343208 0.999222695827484 0.0001346451172139
2451576.4627339747 0.9990984201431272 0.0001346370991086
2451576.539124735 0.9989477396011353 0.0001346203353023
2451576.6155154896 0.9989581704139708 0.0001346266217296
2451576.6919062375 0.9993987083435056 0.0001346491480944
2451576.7682969784 1.0000609159469604 0.0001346818462479
2451576.843993252 0.9999096095561981 0.00013465906522465
2451576.9196895193 0.9997071027755736 0.0001346391800325
2451576.996080241 0.9998719096183776 0.000134661750053
2451577.072470956 0.9999313950538636 0.0001347160141449
2451577.1488616643 1.0003429651260376 0.0001347356301266
2451577.225252366 1.000653862953186 0.0001347559009445
2451577.3016430605 1.0004448890686035 0.0001347453799098
2451577.3780337484 1.000271916389465 0.0001347314246231
2451577.454424429 1.0003349781036377 0.0001347259239992
2451577.530815103 1.0006492137908936 0.0001347469515167
2451577.60720577 1.0007842779159544 0.0001347515644738
2451577.6835964294 1.0008214712142944 0.0001347510260529
2451577.7599870823 1.0005639791488647 0.000134728878038
2451577.8363777273 1.0005027055740356 0.0001347148063359
2451577.912073905 1.0001807808876038 0.00013467601092995
2451577.9877700754 0.9997708201408384 0.0001346394710708
2451578.064160699 0.9995379447937012 0.000134586909553
2451578.1405513147 0.9997623562812804 0.0001345920318271
2451578.216941923 0.9998470544815063 0.0001345763157587
2451578.293332523 1.0001277923583984 0.0001346043427474
2451578.3697231165 1.0000480413436887 0.0001346185308648
2451578.446113701 1.0002245903015137 0.0001346332282992
2451578.522504278 1.000372290611267 0.0001346434291917
2451578.598894847 1.0003331899642944 0.0001346358767477
2451578.675285408 1.0002838373184204 0.0001346168573945
2451578.7516759606 1.00050687789917 0.0001346354547422
2451578.823899748 1.00032639503479 0.0001347113720839
2451578.9051515 0.9999151229858398 0.0001346679127891
2451578.979458649 0.9994823932647704 0.0001346467615803
2451579.055849168 0.9996855854988098 0.0001346449134871
2451579.132239678 0.9999326467514038 0.0001346560165984
2451579.2086301786 0.9998095035552976 0.0001346498320344
2451579.2850206704 1.0000420808792114 0.0001346639328403
2451579.3614111533 0.9996953010559082 0.0001346322969766
2451579.437801626 0.9992502927780152 0.0001346122153336
2451579.513497631 0.9990808963775635 0.00013458704052020002
2451579.5905825435 0.9993776679039 0.0001345900673186
2451579.666278529 0.9995183646678925 0.0001345587224932
2451579.743363421 0.999529719352722 0.0001345060882158
2451579.8197538448 0.999468207359314 0.0001345123164355
2451579.8947553406 0.999615728855133 0.0001345330529147
2451579.971840201 0.9999226629734042 0.0001345327837043
2451580.047536134 1.000017166137695 0.0001345315686194
2451580.1239265134 0.9999658465385436 0.0001345731579931
2451580.2003168813 0.9996411204338072 0.0001345276978099
2451580.276707237 0.9993217587471008 0.0001345470518572
2451580.3530975804 0.999268651008606 0.000134539877763
2451580.429487911 0.9997153282165528 0.0001345607306575
2451580.5058782287 0.9998518824577332 0.0001345632626907
2451580.5822685324 0.9995954036712646 0.0001345355703961
2451580.658658822 0.9997585415840148 0.0001345793134532
2451580.7350490973 0.9998971819877625 0.0001345985947409
2451580.8114393568 1.0001606941223145 0.0001346562348771
2451580.887829601 1.0002896785736084 0.0001346685312455
2451580.963525372 1.0003498196601865 0.0001346645876765
2451581.039221126 1.0000883340835571 0.0001346647331956
2451581.1156113185 0.9998435974121092 0.0001346463250229
2451581.1920014927 0.9996705055236816 0.0001346464268863
2451581.2683916464 0.9997407793998718 0.0001346548961009
2451581.344781779 0.9998103976249696 0.0001346512581221
2451581.42117189 1.0001078844070437 0.000134665693622
2451581.4975619772 1.0002332925796509 0.000134672562126
2451581.5739520397 1.000129461288452 0.0001346668868791
2451581.6503420766 1.0000197887420654 0.0001346681674476
2451581.7267320855 0.999812602996826 0.0001346586504951
2451581.776732803 0.9998269677162168 0.0001346677745459
2451583.1954992237 0.9997232854366302 0.00013721638970305
2451583.251749923 0.9997407793998718 0.0001370920654153
2451583.3281397833 1.000053644180298 0.0001368108787573
2451583.404529667 1.0002342462539673 0.0001366658689221
2451583.4809195725 1.000231385231018 0.0001365475472994
2451583.5573094976 1.0001090764999387 0.0001364866038784
2451583.6336994404 0.9995162487030028 0.0001363408227916
2451583.7100893985 0.9991033673286436 0.0001361288595944
2451583.7864793707 0.9991552233695984 0.0001360139431199
2451583.862869355 0.999488651752472 0.0001359447924187
2451583.93925935 0.9995564818382264 0.0001357848523184
2451584.0149548994 0.9996287524700165 0.0001356333814328
2451584.090650457 0.9996857047080993 0.0001354990235995
2451584.1670404766 0.9995241165161132 0.0001353488332824
2451584.243430502 0.999382436275482 0.0001352471736026
2451584.3198205326 0.9993892908096312 0.0001351553801214
2451584.396210568 0.9998496770858764 0.0001350902020931
2451584.4726006067 1.0003200769424438 0.0001350634847767
2451584.5489906482 1.0008865594863892 0.0001350547245237
2451584.625380692 1.0010527372360227 0.0001350470556644
2451584.701076283 1.0007975697517395 0.0001349921585642
2451584.7781607853 1.0002806186676023 0.0001349347148789
2451584.8545508333 1.0002830028533936 0.0001349208323517
2451584.930940882 1.0000653266906738 0.0001349009253317
2451585.0073309303 0.9999570250511168 0.0001348719379166
2451585.0830265237 0.9998902082443235 0.00013484538794724998
2451585.158722116 0.9997307658195496 0.0001348091027466
2451585.235112163 0.999748647212982 0.0001347940415143
2451585.311502208 0.9999855756759644 0.0001347770885331
2451585.387892252 0.9998679757118224 0.0001347478100797
2451585.464282294 0.9998620748519896 0.0001347414508927
2451585.5406723334 1.0000064373016355 0.0001347452198388
2451585.617062371 1.0001108646392822 0.000134740548674
2451585.6934524067 1.000319004058838 0.0001347351208096
2451585.76984244 1.0003026723861694 0.0001347255019936
2451585.8462324697 1.0002171993255615 0.000134714107844
2451585.9177613133 1.0001503229141235 0.0001346760691376
2451585.9990125205 1.0001039505004885 0.0001345979108009
2451586.0747080864 1.000205397605896 0.0001346091958112
2451586.1504036495 1.00040066242218 0.0001345912751276
2451586.226793663 1.0005111694335935 0.0001345841883448
2451586.3024892192 1.000135898590088 0.0001345675991615
2451586.378879226 1.000077486038208 0.0001345912241959
2451586.455963683 1.0002275705337524 0.0001346039789495
2451586.5323536815 1.0005311965942385 0.00013465025404
2451586.6087436765 1.0009496212005615 0.0001346772478427
2451586.6851336667 1.0008307695388792 0.0001346679055131
2451586.761523653 1.00056254863739 0.0001346507779089
2451586.8379136347 1.0001651048660278 0.0001346258068224
2451586.914303612 1.0000967979431152 0.0001346215722151
2451586.990693585 1.0001851320266724 0.0001346262288279
2451587.0670835534 1.000261664390564 0.0001346319477306
2451587.142779063 0.999944806098938 0.00013461912749329998
2451587.2184745674 0.9999130368232728 0.00013462312927
2451587.294864522 0.9997227787971495 0.0001346096250927
2451587.371254471 0.9994215369224548 0.0001345895434496
2451587.4476444153 0.9996843934059144 0.0001346079370705
2451587.524034355 1.0001600980758667 0.0001346368226222
2451587.600424289 1.0006437301635742 0.0001346702047158
2451587.676814218 1.0006589889526367 0.0001346742938039
2451587.753204142 1.0004183053970337 0.0001346527569694
2451587.8295940612 1.0002278089523315 0.0001346424105577
2451587.9059839747 0.999873399734497 0.0001346209610346
2451587.9823738826 0.999669075012207 0.0001346007484244
2451588.0587637853 0.9995847344398496 0.0001345971541013
2451588.134459229 0.9999100267887115 0.00013460539776130002
2451588.2101546675 0.9999852776527404 0.0001346066710539
2451588.286544554 0.999829351902008 0.0001345944183412
2451588.362934435 0.9996756911277772 0.0001345835771644
2451588.43932431 0.9997037053108216 0.0001345929922536
2451588.5157141793 1.0003961324691772 0.000134640125907
2451588.5921040433 1.000444412231445 0.0001346403878415
2451588.6684939014 1.0001014471054075 0.0001346135541098
2451588.7448837534 1.0000474452972412 0.0001346162316622
2451588.8212735998 1.0003137588500977 0.0001346261560684
2451588.89766344 1.0002323389053345 0.000134620378958
2451588.974053275 1.0000648498535156 0.000134615067509
2451589.045581933 1.0000606179237366 0.00013459794718065
2451589.126832926 0.9998763203620912 0.0001345567288808
2451589.20252829 0.9999788999557495 0.00013455704902295
2451589.2782236477 1.0000587701797483 0.0001345170749118
2451589.353918999 1.0004844665527344 0.00013454181316770002
2451589.43100325 1.0005576610565183 0.0001345358759863
2451589.507393042 1.000007390975952 0.0001345090131508
2451589.583782828 0.9995136857032778 0.0001344790944131
2451589.659478155 0.9996090531349182 0.00013451547420115
2451589.7365623806 0.9998510479927064 0.0001345232740277
2451589.812952148 0.99958735704422 0.0001345333294011
2451589.889341908 0.999975085258484 0.0001345774071523
2451589.9657316618 1.000135898590088 0.0001345770724583
2451590.0421214094 1.0003670454025269 0.0001346000208286
2451590.11851115 1.0002040863037107 0.0001345905766356
2451590.1942064324 1.0000196695327759 0.00013458207104115002
2451590.269901708 1.0000815391540527 0.0001345975033473
2451590.346291429 1.0003979206085205 0.0001346195640508
2451590.4226811435 1.0005877017974851 0.0001346449425909
2451590.4990708516 1.0004760026931765 0.0001346264616586
2451590.5754605522 1.0002872943878172 0.0001346259959973
2451590.6518502464 1.000450849533081 0.0001346377830486
2451590.7282399335 1.0005100965499876 0.0001346240169368
2451590.8046296136 1.000561475753784 0.0001346229983028
2451590.881019287 1.000683546066284 0.0001346326171187
2451590.9574089525 1.0005549192428589 0.0001346283970633
2451591.0337986117 1.0000983476638792 0.0001345925265923
2451591.1101882635 1.0001153945922852 0.0001345974596915
2451591.186577908 1.0002480745315552 0.0001346110948361
2451591.2622730946 1.000353991985321 0.00013461803609965
2451591.3379682736 1.000243902206421 0.0001346119097433
2451591.4143578964 1.000308394432068 0.0001346163917332
2451591.490747512 1.0002667903900146 0.0001345974887954
2451591.56713712 1.0003808736801147 0.0001346113858744
2451591.6435267203 1.0002965927124023 0.000134604764753
2451591.719916313 1.0002496242523191 0.0001346066128462
2451591.7963058976 1.0002514123916624 0.0001346044591628
2451591.872695475 1.0003584623336792 0.0001346034114249
2451591.9490850447 1.000636339187622 0.0001346196513622
2451592.025474606 1.0006587505340576 0.0001346286589978
2451592.1018641596 1.000327467918396 0.000134607340442
2451592.1831148574 1.0004520416259766 0.00013460962509265
2451592.253948792 1.0003756880760193 0.00013459290494205
2451592.3296438702 1.0005136728286743 0.0001346023345831
2451592.4053389407 1.0005969405174255 0.00013458614557739998
2451592.4824229027 1.00071918964386 0.0001345475175185
2451592.558812407 1.00058913230896 0.0001345261553069
2451592.635896351 1.0003710389137268 0.0001345029158983
2451592.7115913876 1.0000460147857666 0.0001344885677099
2451592.7879808648 0.999780833721161 0.0001344647462246
2451592.865064782 0.9999788999557494 0.00013448721438175
2451592.941454241 1.0000539422035217 0.00013452903658615
2451593.0171492407 0.9999712109565736 0.0001345306809525
2451593.0935386806 0.9996570348739624 0.000134516696562
2451593.169928111 0.999654710292816 0.0001345179771305
2451593.2463175314 0.999891996383667 0.0001345360215054
2451593.322012493 0.9999658465385437 0.0001345508717349
2451593.397707444 0.9997418522834778 0.0001345495547866
2451593.474096834 0.9996990561485288 0.0001345448836218
2451593.550486213 1.0000849962234497 0.000134566304041
2451593.6268755817 1.0003638267517088 0.0001345909840893
2451593.7032649387 1.0002866983413696 0.0001345758500974
2451593.779654285 1.0001373291015625 0.0001345660130027
2451593.8560436186 0.9999130964279176 0.0001345521013718
2451593.932432941 1.0002316236495972 0.0001345714263152
2451594.0088222506 1.0005438327789309 0.000134592235554
2451594.085211548 1.00055992603302 0.0001345928176306
2451594.161600832 1.000279426574707 0.0001345753116765
2451594.2379901027 1.0000237226486206 0.0001345603086519
2451594.314379359 1.0000814199447632 0.0001345575292361
2451594.3900741534 1.0000929832458496 0.0001345626151305
2451594.4657689333 0.9999268651008606 0.0001345502678304
2451594.542158145 0.9998457431793212 0.0001345358468824
2451594.6185473404 0.999764621257782 0.0001345363561995
2451594.6949365186 1.0000758171081543 0.0001345477066934
2451594.7713256795 0.9999412298202514 0.0001345266355201
2451594.847714822 1.0001477003097534 0.0001345451455563
2451594.9241039446 1.0001842975616455 0.0001345424825558
2451595.000493047 1.0004539489746092 0.000134561836603
2451595.076882127 1.000568389892578 0.0001345649507129
2451595.1532711852 1.000556230545044 0.0001345696800854
2451595.229660219 1.0004284381866455 0.0001345648925052
2451595.3060492277 1.000257968902588 0.0001345408090855
2451595.3817437636 1.0002742409706116 0.00013453840801955
2451595.457438272 0.9998522400856018 0.0001345175987808
2451595.5338271954 0.9999830722808836 0.0001344918855465
2451595.6102160877 1.0004746913909912 0.0001345395430689
2451595.6664660685 1.0002812147140503 0.0001345488708466
2451598.2074472513 0.9997553825378418 0.0001372530241496
2451598.2810584526 0.9996943473815918 0.00013697281247
2451598.357447437 0.9996317625045776 0.000136586750159
2451598.4338364233 0.9999436140060426 0.0001363601186312
2451598.5095309652 0.9999122917652129 0.0001361904069199
2451598.5852255076 1.0001479387283323 0.0001361394970444
2451598.661614496 1.0006316900253296 0.0001361163594992
2451598.7380034835 1.0006245374679563 0.0001359932794002
2451598.814392471 1.000210881233215 0.0001358667941531
2451598.8907814575 1.0001635551452637 0.0001357712899334
2451598.9671704434 1.000241994857788 0.0001356471912004
2451599.0435594274 1.000091314315796 0.0001354683627141
2451599.11994841 1.0002362728118896 0.0001353305997326
2451599.1963373907 1.0004010200500488 0.0001352359977317
2451599.272726369 1.0005017518997192 0.000135162990773
2451599.349115345 1.0004371404647827 0.0001350480160908
2451599.4255043194 1.0003032684326172 0.0001349436934106
2451599.5018932903 0.99988853931427 0.0001348493387922
2451599.577587813 0.9989532828330994 0.00013478281471175
2451599.6532823336 0.9990728497505188 0.0001348054502159
2451599.7296712957 0.999413788318634 0.0001348197110928
2451599.8060602546 0.9995290040969848 0.0001347746001556
2451599.8824492097 0.9995792508125304 0.0001347381185041
2451599.9491159315 1.0000280737876892 0.00013472509454
2451600.03244933 1.0001509189605713 0.0001346882199868
2451600.112310499 0.999760240316391 0.00013463473442235
2451600.1886994396 0.9988928437232971 0.00013452694838629999
2451600.2671717107 0.999117434024811 0.0001345295313512
2451600.3421717533 1.0001739263534544 0.0001345611235592
2451600.4185606814 1.0002949237823486 0.0001345338532701
2451600.492866271 1.0002618432044983 0.00013451095583145
2451600.5699496353 1.000278115272522 0.0001344995835097
2451600.6442552162 1.0003784894943237 0.000134506233735
2451600.7220330164 1.000453233718872 0.00013450688129520001
2451600.8018941456 1.0000956058502195 0.0001344713091384
2451600.87272749 1.0002268552780151 0.0001344502088613
2451600.9498108313 1.0003666281700134 0.00013444013893600001
2451601.0261997236 0.9999100565910338 0.00013439428585109998
2451601.103977499 0.9998425543308258 0.00013438433961705
2451601.1796719367 1.0001304149627683 0.0001343986223218
2451601.256060814 1.0002756118774414 0.0001343948097201
2451601.332449686 1.000312566757202 0.0001343851763522
2451601.408838553 1.0003453493118286 0.0001343833719147
2451601.485227415 1.0000783205032349 0.0001343495678156
2451601.5616162713 0.9996838569641112 0.0001343219337286
2451601.637310678 1.0000107884407041 0.00013434277207120002
2451601.7130050804 1.0005711317062376 0.0001343811891274
2451601.7893939214 1.000872254371643 0.0001343971089227
2451601.865782757 1.0008696317672727 0.0001343809999525
2451601.9421715867 1.0003705024719238 0.0001343542680842
2451602.0185604114 1.0001075267791748 0.0001343209150945
2451602.09494923 1.0000814199447632 0.0001343203330179
2451602.1713380436 1.0006179809570312 0.0001343445037491
2451602.2477268516 1.0007910728454588 0.0001343529438599
2451602.3241156535 1.000285029411316 0.0001343179901596
2451602.40050445 0.9999512434005736 0.0001343138719676
2451602.4768932406 0.9993059635162352 0.000134266592795
2451602.5532820257 0.99870103597641 0.0001342298783129
2451602.629670805 0.9992910623550416 0.000134264191729
2451602.7053651353 1.0005661249160767 0.00013434101128945
2451602.7810594593 1.0003772974014282 0.0001343346084468
2451602.8574482207 1.0000265836715698 0.0001343047333648
2451602.9338369765 0.9996528029441832 0.0001342668256256
2451603.0102257263 0.9999475479125975 0.0001342987961834
2451603.0886977995 1.000288963317871 0.00013431288243735
2451603.1630032077 1.0001201629638672 0.000134303845698
2451603.2393919392 1.0001314878463743 0.0001343011244898
2451603.315780665 1.0001918077468872 0.0001343070471193
2451603.391474941 1.0001829266548157 0.00013428464444579998
2451603.4678636543 1.0000171661376953 0.00013427378871705
2451603.5435579186 0.9998522400856018 0.00013424875942285002
2451603.620641062 0.9999808073043821 0.0001342495597782
2451603.6970297564 0.9994996786117554 0.00013422870688365
2451603.7727240017 0.9992875456809996 0.000134215428261
2451603.8491126834 0.999506175518036 0.0001342292816843
2451603.9255013587 0.9996270537376404 0.0001342448522336
2451604.001890028 0.999835729598999 0.0001342664618277
2451604.07827869 0.9999229311943054 0.0001342651667073
2451604.1546673463 0.9998173713684082 0.0001342572068097
2451604.2310559954 0.9999227523803712 0.0001342704345006
2451604.307444638 1.0002263784408567 0.0001342818868579
2451604.3838332742 1.0002124309539795 0.0001342915347777
2451604.460221904 1.0002168416976929 0.000134305897518
2451604.5366105265 0.9999073147773744 0.0001342789764748
2451604.6129991426 0.9998274445533752 0.0001342724135611
2451604.6893877517 0.9998565316200256 0.0001342654868494
2451604.7650819123 0.999799370765686 0.000134265217639
2451604.8407760663 0.9994773864746092 0.000134238609462
2451604.917164655 0.9988458156585692 0.0001341997412964
2451604.993553237 0.9993135929107666 0.000134235000587
2451605.0699418117 1.0000401735305786 0.000134275163873
2451605.1463303794 1.0002317428588867 0.0001343016192549
2451605.22271894 1.0001602172851562 0.0001342938921879
2451605.2991074934 1.0002981424331665 0.000134312591399
2451605.3754960396 1.000073790550232 0.000134292509756
2451605.451884579 0.9998283982276917 0.0001342835312243
2451605.5282731107 0.9999823570251466 0.0001342915202258
2451605.604661635 1.0003818273544312 0.0001343160693068
2451605.681050152 1.0006638765335083 0.0001343351032119
2451605.7574386615 1.0005818605422971 0.0001343340118182
2451605.8331327224 1.0005255341529846 0.00013432691775954998
2451605.908826776 1.000483512878418 0.0001343161275144
2451605.985215263 1.00023353099823 0.0001342980540357
2451606.0616037417 1.000278353691101 0.0001342946052318
2451606.137992213 1.00031316280365 0.0001343017211183
2451606.219936201 0.999938189983368 0.0001342795294476
2451606.290769132 0.999984860420227 0.0001342836621915
2451606.367157579 1.0002851486206057 0.0001343023614026
2451606.443546018 1.0001624822616575 0.0001342834439128
2451606.5199344493 1.000312566757202 0.0001342936448054
2451606.5963228717 1.0006244182586668 0.0001343100884696
2451606.672711286 1.000413417816162 0.0001342934701824
2451606.749099692 1.0002119541168213 0.0001343020267086
2451606.8240992087 1.0001667737960815 0.0001343006588285
2451606.901182037 1.0002740621566772 0.0001343072581221
2451606.9768759767 1.0003043413162231 0.0001343147305306
2451607.0532643474 1.0002397298812866 0.0001343087787972
2451607.129652709 0.9998465180397031 0.0001342798495898
2451607.206041061 0.9987608194351196 0.0001342112518614
2451607.2824294036 0.9976521730422973 0.0001341495517408
2451607.358817737 0.9985287785530088 0.0001342204632237
2451607.4352060608 1.0000699758529663 0.0001343144685961
2451607.511594374 1.000032901763916 0.0001343157637165
2451607.587982678 0.9997370243072508 0.0001342985924566
2451607.664370971 0.9999655485153198 0.0001343119947705
2451607.7407592535 1.0000803470611572 0.0001343217736575
2451607.817147525 0.999948799610138 0.0001343168987659
2451607.8928413475 1.000041425228119 0.0001343189942417
2451607.9685351583 1.0001276731491089 0.0001343269250355
2451608.0449233963 1.0002936124801636 0.000134339890792
2451608.1213116227 1.0004256963729858 0.0001343438634648
2451608.197699837 1.0002384185791016 0.0001343320182058
2451608.2740880386 1.0002020597457884 0.0001343321200693
2451608.3504762277 1.0001112222671509 0.0001343244075542
2451608.426864403 1.0001388788223269 0.0001343314070254
2451608.5032525645 1.000080704689026 0.0001343272888334
2451608.579640712 1.0000213384628296 0.0001343270560028
2451608.6560288444 0.9999738931655884 0.0001343185431323
2451608.732416962 1.0001941919326782 0.0001343269832432
2451608.808805063 1.0001628398895264 0.000134321351652
2451608.8851931477 0.9997791051864624 0.0001342915202258
2451608.960886778 0.9996930360794067 0.00013428265810939998
2451609.03658039 0.9999580979347228 0.0001342959731118
2451609.11296842 0.9999874234199524 0.0001342968462267
2451609.1893564304 1.0000360012054443 0.0001342970062978
2451609.2657444193 1.0001187324523924 0.0001343038748018
2451609.3421323863 1.0001329183578491 0.0001343022449873
2451609.4185203295 1.000034213066101 0.0001342992618447
2451609.4949082476 1.0000507831573486 0.000134297995828
2451609.57129614 0.999267876148224 0.0001342720061074
2451609.6476840046 0.9986312985420228 0.0001342170580755
2451609.6921278397 0.9990496635437012 0.0001342078030575
2451612.331670651 1.0000693202018738 0.000137481787533
2451612.3934753914 1.0000554323196411 0.0001371634425595
2451612.469863275 0.999592900276184 0.000136955481139
2451612.546251161 0.9992437958717344 0.0001368701050523
2451612.6226390493 0.9992780685424804 0.0001368538942188
2451612.699026939 0.9998287558555604 0.0001368031953461
2451612.7754148296 1.0000813007354736 0.0001367002987535
2451612.8518027207 1.0002124309539795 0.0001365847419947
2451612.9281906127 1.0003730058670044 0.0001364511699648
2451613.0045785042 1.0004918575286863 0.0001362195907859
2451613.0809663953 1.0005915164947508 0.0001360303140245
2451613.1566598504 1.0006077885627747 0.00013587996363635001
2451613.2323533045 1.0004141330718994 0.0001357538130832
2451613.3094356284 1.0005879402160645 0.0001355935528408
2451613.3851290797 1.0005561113357544 0.0001354078849544
2451613.461516965 1.000257968902588 0.0001352456019958
2451613.5379048483 1.000233769416809 0.0001351772953057
2451613.6142927296 1.0001778602600095 0.0001351566170342
2451613.6906806086 0.9999513030052184 0.0001350907550659
2451613.7670684853 0.9998338818550108 0.0001350311795249
2451613.843456359 0.9999282956123352 0.00013501039939
2451613.9149831836 1.0001797676086426 0.00013499681517705001
2451613.9941487927 0.9999679327011108 0.00013494099403030003
2451614.0726199634 0.9999215006828308 0.0001348702498944
2451614.1490078256 1.0002270936965942 0.0001348548830719
2451614.225395684 1.0002714395523071 0.0001348193618468
2451614.3003946696 0.9992786049842832 0.0001347306970274
2451614.376782521 0.998649537563324 0.0001346295030089
2451614.45317037 0.999039590358734 0.0001345907221548
2451614.5288637793 1.0000106692314148 0.00013463577488429998
2451614.605946055 1.0002816915512085 0.0001346594945061
2451614.683028327 1.0002491474151611 0.00013464589574134999
2451614.758721725 1.000523805618286 0.0001346417266177
2451614.8351095538 1.0006093978881836 0.0001346346689388
2451614.9114973783 1.000340461730957 0.0001346126227872
2451614.987885199 1.0000767707824707 0.0001345832715742
2451615.064273015 1.0002360343933103 0.0001345837663393
2451615.140660827 1.0005924701690672 0.0001345875498373
2451615.2170486343 1.0009068250656128 0.0001345931959804
2451615.2927420028 1.0005670785903933 0.00013455208681985
2451615.368435367 1.0001797676086424 0.0001345033088
2451615.444823161 1.0001999139785769 0.0001344912452623
2451615.52121095 1.000410556793213 0.0001344910851912
2451615.597598735 1.0005470514297483 0.0001344906486338
2451615.6739865146 1.000599026679993 0.000134484595037
2451615.7503742897 1.0004314184188845 0.0001344619231531
2451615.8267620597 1.0004234313964844 0.0001344461052212
2451615.903149825 1.0002732276916504 0.0001344342745142
2451615.9795375853 1.0003637075424194 0.0001344385673291
2451616.055925341 1.0007113218307495 0.0001344463526038
2451616.132313091 1.0008517503738403 0.0001344520278507
2451616.208700836 1.0005885362625122 0.0001344261836493
2451616.284394142 1.0001634359359741 0.00013439435133470002
2451616.360087443 0.9998858571052552 0.0001343650073977
2451616.436475173 0.9997462630271912 0.0001343445037491
2451616.5128628975 0.9998244047164916 0.0001343362528132
2451616.5892506167 0.9997327327728271 0.0001343269977951
2451616.665638331 0.9983108043670654 0.000134238784085
2451616.7420260394 0.9979612827301024 0.0001342169707641
2451616.8184137424 0.9987892508506776 0.0001342655159533
2451616.89480144 0.9994800090789796 0.0001343001931672
2451616.971189133 0.9994120001792908 0.0001342925679637
2451617.042715785 0.9996854662895203 0.00013431334082265
2451617.1239645006 1.00001859664917 0.0001343299081781
2451617.2003521766 1.0003132820129397 0.0001343371695838
2451617.2767398464 1.0005056858062744 0.0001343447220278
2451617.352433078 1.000359535217285 0.00013433117419475
2451617.4281263035 1.0004802942276 0.0001343374460702
2451617.5045139566 1.0006972551345823 0.0001343458570772
2451617.580901604 1.000699996948242 0.0001343397743767
2451617.657289246 1.0006355047225952 0.0001343315088888
2451617.733676882 1.0008649826049805 0.00013434572611
2451617.810064512 1.0008496046066284 0.0001343467738479
2451617.886452136 1.0005537271499632 0.0001343380426988
2451617.9628397548 1.0005407333374023 0.0001343358890153
2451618.039227367 1.0002734661102295 0.0001343222684226
2451618.1156149735 1.000150203704834 0.0001343152980552
2451618.1920025744 1.0000433921813965 0.0001343048206763
2451618.268390169 0.9999871850013732 0.0001342979230685
2451618.3447777573 0.9993659257888794 0.0001342598843621
2451618.4204709074 0.9992498159408569 0.000134255089506
2451618.496164051 0.9990820288658142 0.0001342450559604
2451618.572551621 0.9987532496452332 0.0001342175528407
2451618.648939185 0.9987714290618896 0.0001342182513326
2451618.7253267425 0.9990476369857788 0.0001342301547992
2451618.801714294 0.9994767904281616 0.0001342520554317
2451618.878101839 0.999525547027588 0.0001342578470939
2451618.9544893783 0.9993526935577391 0.0001342464529443
2451619.0308769103 0.9983402490615844 0.0001341912429779
2451619.1072644363 0.9978970885276792 0.0001341657916782
2451619.1836519563 0.9989097714424132 0.0001342241448583
2451619.260039469 0.9995408058166506 0.0001342739851679
2451619.3364269757 0.9996317625045776 0.0001342716714134
2451619.4128144756 0.9998269081115722 0.0001342808536719
2451619.488507537 0.9999591708183289 0.0001342884497717
2451619.564200592 0.9999687075614928 0.0001342908653896
2451619.640588072 1.0001182556152344 0.0001343001640634
2451619.7169755455 1.0001778602600095 0.0001343011681456
2451619.793363012 1.0001296997070312 0.0001342968171229
2451619.8697504713 1.0001980066299438 0.0001342955365544
2451619.9461379237 1.0003660917282104 0.000134306406835
2451620.0225253697 1.0001999139785769 0.0001343039621133
2451620.098912808 1.000250458717346 0.0001343065669061
2451620.170439221 1.0004019141197205 0.00013432058767645
2451620.2516876636 1.0005580186843872 0.0001343327166978
2451620.3280750806 1.000362753868103 0.0001343176991213
2451620.40446249 1.000062108039856 0.0001343053008895
2451620.4808498924 1.0001351833343504 0.0001343123876722
2451620.5565428566 1.0000072121620178 0.00013430175749815
2451620.6322358134 0.9998120665550234 0.0001342663745163
2451620.708623193 0.9999356269836424 0.0001342763425782
2451620.7850105655 1.0000377893447876 0.0001342891482636
2451620.86139793 1.0002236366271973 0.0001343141047982
2451620.9377852865 1.0000072717666624 0.0001342991745332
2451621.014172635 0.99969083070755 0.0001342821487924
2451621.0905599752 1.000172734260559 0.0001343174808425
2451621.1669473075 1.0003496408462524 0.0001343307667411
2451621.2433346314 1.0003876686096191 0.0001343351032119
2451621.319721947 1.0001775026321411 0.0001343264448223
2451621.396109254 0.9986833333969116 0.0001342200266662
2451621.472496552 0.998260498046875 0.00013419672905
2451621.5488838414 0.9997017979621888 0.0001342915638815
2451621.6245766925 1.0006898641586304 0.00013435659639069998
2451621.700269534 1.0011087656021118 0.0001343842886853
2451621.7766567958 1.001083493232727 0.0001343806652585
2451621.853044049 1.0007838010787964 0.0001343664043815
2451621.9294312918 1.0002758502960205 0.0001343390613328
2451622.0058185244 1.0003415346145628 0.0001343369513051
2451622.0822057473 1.0005671977996826 0.0001343542389804
2451622.15859296 1.0004948377609253 0.0001343466428807
2451622.234980162 1.000439405441284 0.0001343368494417
2451622.3113673525 1.0002766847610471 0.0001343319599982
2451622.387754532 1.000238299369812 0.0001343337789876
2451622.4641417 1.0004456043243408 0.0001343507610727
2451622.540528856 1.000635266304016 0.0001343623443972
2451622.6162215713 1.0003355145454407 0.00013434042193690002
2451622.691914274 1.0001420974731443 0.0001343227340839
2451622.768301392 1.000018835067749 0.0001343230978818
2451622.8446884966 0.9999282956123352 0.0001343130861641
2451622.9210755867 0.999931514263153 0.000134310364956
2451622.997462662 0.9998261928558348 0.0001343078329227
2451623.073849722 1.0001697540283203 0.0001343215408269
2451623.1502367654 1.0003191232681274 0.000134340225486
2451623.226623792 1.0000598430633545 0.000134320667712
2451623.303010801 0.999622106552124 0.0001342955802101
2451623.3800922176 0.999290257692337 0.0001342827454209
2451623.4557847604 0.999310791492462 0.0001342806062893
2451623.5321717095 0.9996119737625122 0.0001342947216471
2451623.6085586357 0.9998896718025208 0.0001343128678854
2451623.684251112 0.9998517334461212 0.00013430673425315
2451623.7599435635 0.9990183115005492 0.0001342119649052
2451623.8363304143 0.9985132217407224 0.0001342043979093
2451623.8849402135 0.999394714832306 0.0001342318864772
2452308.077720887 0.9999807476997375 0.0001343510812148
2452308.1318887277 1.000056266784668 0.0001341945462627
2452308.2082792707 0.9999306201934814 0.0001340024609817
2452308.284669813 1.000003695487976 0.0001338801375823
2452308.3610603525 1.0001832246780396 0.0001337214926024
2452308.4374508904 1.0000686645507812 0.0001335716951871
2452308.513841426 0.9996050596237184 0.0001334801636403
2452308.590231959 0.9996562600135804 0.0001334301196038
2452308.6666224883 1.0001513957977295 0.0001334121479885
2452308.7430130155 1.0003553628921509 0.0001333402615273
2452308.81870908 1.0002612471580505 0.00013323353050505
2452308.894405141 1.0000346899032593 0.000133167792228
2452308.970795658 0.9996076226234436 0.0001330927188973
2452309.047186171 0.99983549118042 0.0001330744707956
2452309.12357668 1.000098705291748 0.0001330540253547
2452309.199967186 1.0001380443572998 0.0001330232771579
2452309.2763576875 1.000201106071472 0.0001330092345597
2452309.352748185 1.0001771450042725 0.0001329878432443
2452309.429138678 0.9998869299888612 0.0001329463702859
2452309.5055291667 0.9999685883522031 0.0001329492515651
2452309.5819196515 1.0001579523086548 0.0001329529768554
2452309.658310131 1.0000908374786377 0.0001329422084381
2452309.7347006067 1.0002822875976562 0.0001329446240561
2452309.8103966187 1.0003690123558044 0.00013294217205835
2452309.8860926265 1.0002684593200684 0.0001329287915723
2452309.962483088 0.999963104724884 0.0001329040533164
2452310.038873545 0.999739110469818 0.0001328814541921
2452310.115263997 1.000118851661682 0.0001328957441728
2452310.1916544447 1.000117540359497 0.0001328939833911
2452310.2680448866 0.9991600513458254 0.0001328238577116
2452310.344435324 0.9988338351249696 0.0001328029611613
2452310.4208257566 0.999627351760864 0.0001328478683717
2452310.497216184 1.0001492500305176 0.000132876142743
2452310.573606606 1.000056505203247 0.0001328679645666
2452310.6499970234 1.0000282526016235 0.0001328646758338
2452310.7263874356 0.999870538711548 0.0001328507059952
2452310.802777842 0.9997651576995848 0.0001328433863818
2452310.8784737857 0.9997673630714417 0.0001328426442341
2452310.954169724 0.999913454055786 0.0001328513171756
2452311.0305601154 0.9996886253356932 0.0001328427169937
2452311.1069505014 1.000011920928955 0.0001328585203737
2452311.183340882 1.00013267993927 0.0001328631042269
2452311.259731257 1.0003418922424316 0.0001328778744209
2452311.3361216267 1.000475525856018 0.0001328837097389
2452311.4125119913 1.000407099723816 0.0001328799698967
2452311.4889023504 1.0002684593200684 0.0001328715734416
2452311.565292704 1.0001074075698853 0.0001328587241005
2452311.641683052 1.0002810955047607 0.0001328694634139
2452311.7180733946 1.000274658203125 0.0001328713260591
2452311.794463732 1.0003687143325803 0.0001328762300545
2452311.8701596055 1.0005918741226196 0.0001328850339632
2452311.945855474 1.000134229660034 0.000132862071041
2452312.0222457945 0.999905288219452 0.0001328437065239
2452312.0986361094 0.9997304081916808 0.0001328315993305
2452312.1750264186 0.999843955039978 0.0001328431681031
2452312.2514167223 1.0000977516174316 0.0001328544312855
2452312.3278070204 1.0000264644622805 0.0001328499492956
2452312.4041973124 0.9995970726013184 0.0001328238431597
2452312.4805875993 0.9994767904281616 0.0001328149228356
2452312.55697788 0.9995611906051636 0.000132823101012
2452312.633368155 0.9989653825759888 0.0001327787031186
2452312.7097584247 0.998515009880066 0.0001327467616647
2452312.7861486883 0.9990251660346986 0.0001327862410107
2452312.8618444894 0.999639868736267 0.0001328266007476
2452312.938234741 1.0000645518302917 0.0001328474463662
2452313.009069334 1.000279426574707 0.00013285826571515
2452313.090320771 1.000300049781799 0.000132870482048
2452313.166711006 1.000494360923767 0.000132879227749
2452313.2431012345 1.0002448558807373 0.0001328646903857
2452313.3194914577 0.9998891353607176 0.0001328357466263
2452313.3958816743 0.9996951222419738 0.000132827903144
2452313.4722718853 0.999817967414856 0.000132835455588
2452313.54866209 0.9998031854629515 0.0001328332873526
2452313.6250522896 0.9999881386756898 0.0001328463986283
2452313.701442483 1.0002251863479614 0.0001328599755652
2452313.77783267 1.0004974603652954 0.0001328793587163
2452313.854222851 1.0006887912750244 0.00013289313938
2452313.92991857 1.0006378293037415 0.00013288600166555
2452314.005614283 1.0002989768981931 0.0001328668149653
2452314.0820044465 1.000050663948059 0.0001328527723671
2452314.1583946035 0.9999544024467468 0.0001328434300376
2452314.2347847545 1.0001705884933472 0.0001328561484115
2452314.3111748993 1.0004158020019531 0.000132872708491
2452314.3875650377 1.0004888772964475 0.0001328780199401
2452314.4639551705 1.0004152059555051 0.0001328752696281
2452314.5403452967 1.000599026679993 0.000132887129439
2452314.616735417 1.00052011013031 0.0001328779908362
2452314.6931255306 1.0001266002655027 0.000132855362608
2452314.7695156382 0.9997653365135194 0.000132833403768
2452314.84590574 0.999753475189209 0.0001328318176092
2452314.922295835 0.9990979433059692 0.0001327897189185
2452314.997991468 0.9977463483810425 0.00013269946066424998
2452315.073687095 0.9977439045906068 0.0001326989440713
2452315.1500771716 0.9990156292915344 0.0001327858044533
2452315.2264672415 0.999635636806488 0.0001328199141426
2452315.302857305 1.0001784563064575 0.0001328550424659
2452315.379247362 1.0003814697265625 0.0001328686048509
2452315.455637412 1.0003856420516968 0.0001328681537415
2452315.532027456 1.0005682706832884 0.0001328773942077
2452315.6084174933 1.0004504919052124 0.000132872883114
2452315.684807524 1.0002905130386353 0.0001328582438873
2452315.7611975484 0.9997856616973876 0.0001328276412095
2452315.8375875656 0.999317705631256 0.0001328033395111
2452315.913977577 0.9997708201408384 0.0001328301732428
2452315.9896731265 1.0005766153335571 0.0001328747166553
2452316.065368669 1.0009450912475584 0.0001329023216385
2452316.1417586603 1.000828742980957 0.0001328930811723
2452316.218148644 1.000504970550537 0.0001328710786765
2452316.294538621 1.0003570318222044 0.0001328665821347
2452316.370928591 1.0002561807632446 0.0001328538783127
2452316.447318554 1.000146985054016 0.0001328454818576
2452316.52370851 1.0003355741500854 0.0001328592770732
2452316.600098459 1.000629425048828 0.0001328769430983
2452316.676488401 1.00055193901062 0.0001328723446931
2452316.7528783353 1.0005046129226685 0.0001328669604845
2452316.8292682623 1.0005195140838623 0.0001328656944679
2452316.9056581827 1.000671625137329 0.000132874425617
2452316.9820480947 1.0006849765777588 0.0001328775397269
2452317.057743546 1.0003728270530703 0.00013285094610175
2452317.13343899 1.0001702308654783 0.0001328442594967
2452317.2098288797 1.0001426935195925 0.0001328388025285
2452317.2862187615 0.999649465084076 0.0001328059443039
2452317.3626086353 0.9986727237701416 0.0001327435020357
2452317.4389985013 0.998935341835022 0.0001327626087004
2452317.515388359 0.9998820424079896 0.000132822591695
2452317.5917782085 1.0001295804977417 0.0001328372018178
2452317.6681680493 1.0004041194915771 0.0001328528742305
2452317.7445578817 1.0001877546310425 0.0001328443031525
2452317.8209477053 0.9997921586036682 0.0001328132639173
2452317.89733752 0.999746799468994 0.0001328058278886
2452317.9737273254 0.9998210668563842 0.0001328128710156
2452318.0494226688 1.0000112056732178 0.00013282589497969999
2452318.1251180028 1.0001429319381712 0.0001328301004832
2452318.2015077793 0.9999141693115232 0.0001328135695075
2452318.2778975456 0.9998098015785216 0.0001328113576164
2452318.354287301 0.9998800158500672 0.0001328081416431
2452318.4306770465 1.000277042388916 0.0001328289654338
2452318.50706678 1.0004218816757202 0.0001328362995991
2452318.583456502 1.000331163406372 0.0001328258222201
2452318.659846211 0.999855637550354 0.0001328026846749
2452318.7362359078 1.0000176429748535 0.0001328021899098
2452318.81193114 0.9997422397136688 0.0001327902791672
2452318.88901526 0.999535858631134 0.000132780187414
2452318.965404914 0.9992060661315918 0.0001327629870502
2452319.018877663 0.999492883682251 0.00013276725076135
2452321.3418135257 0.999936103820801 0.0001341578172286
2452321.405702955 0.9997596144676208 0.0001339736190857
2452321.4820924886 0.9999762773513794 0.000133903697133
2452321.5584820206 1.0003899335861206 0.0001339147274848
2452321.634871551 1.000255107879639 0.0001338574074907
2452321.7112610782 1.0003591775894165 0.0001337452704319
2452321.7876506033 1.000211238861084 0.00013364329061
2452321.8640401256 0.999723434448242 0.0001335631386609
2452321.9404296447 0.9998505115509032 0.0001335035049123
2452322.0168191604 0.9997006058692932 0.0001334128173766
2452322.0932086725 0.9990611672401428 0.0001332838000962
2452322.1689037317 0.9991324841976166 0.00013319712161315
2452322.244598787 0.9997718930244444 0.0001331675448454
2452322.3209882877 1.0000094175338743 0.0001331017410848
2452322.3973777853 1.0000391006469729 0.0001330341910943
2452322.4737672787 1.0000648498535156 0.0001330005034105
2452322.5501567675 1.0000956058502195 0.0001329909428022
2452322.626546252 1.0004204511642456 0.0001330087543465
2452322.7029357324 1.0007418394088743 0.0001330129889538
2452322.779325208 1.0005691051483154 0.0001329853839706
2452322.8557146797 1.0002177953720093 0.0001329483638983
2452322.9321041466 0.9998121857643129 0.0001329162623733
2452323.0084936083 0.999713659286499 0.0001329035585513
2452323.0848830654 0.9996479153633115 0.0001328849175479
2452323.161272518 0.9998283982276917 0.0001328843209194
2452323.2369675157 0.9999012351036072 0.00013287833280625002
2452323.312662509 1.0004388093948364 0.0001329030201304
2452323.3890519463 1.0004265308380127 0.0001328877551713
2452323.465441379 1.000269055366516 0.0001328686048509
2452323.5418308065 1.0004515647888184 0.0001328770304098
2452323.6182202287 1.000277400016785 0.0001328617363469
2452323.694609646 0.9997404217720032 0.0001328265643678
2452323.770999058 0.9997786283493042 0.0001328253565588
2452323.847388465 1.000322341918945 0.000132854169351
2452323.923777866 1.0003339052200315 0.0001328516518697
2452324.0001672623 1.000005841255188 0.0001328206562902
2452324.0765566533 0.9997252225875854 0.0001328007056144
2452324.1529460386 0.9995928406715392 0.0001327878417214
2452324.22864097 0.9996620416641235 0.0001327866557403
2452324.3043358955 0.9995551705360411 0.0001327858626609
2452324.3807252645 0.9988203048706056 0.0001327341888099
2452324.457809077 0.9977953732013702 0.00013266742462285
2452324.533503987 0.9984374046325684 0.0001327017525909
2452324.609893339 0.9995670318603516 0.0001327738136751
2452324.6862826864 0.9998489618301392 0.0001327866775682
2452324.762672028 1.000110387802124 0.0001328036742052
2452324.8390613636 1.0003590583801267 0.0001328156504314
2452324.9154506945 1.0002684593200684 0.000132808505441
2452324.991840019 1.000094294548035 0.0001327963982475
2452325.0682293377 1.000298261642456 0.0001328075450146
2452325.1446186514 1.0003765821456907 0.0001328098587691
2452325.221007959 1.0000134706497192 0.000132787914481
2452325.2967028124 0.999738872051239 0.000132771092467
2452325.3723976607 0.999889016151428 0.0001327805803157
2452325.448786951 1.0002286434173584 0.0001328034413745
2452325.525176236 1.0006223917007446 0.0001328274083789
2452325.601565515 1.000772476196289 0.0001328381331404
2452325.6779547883 1.0003670454025269 0.0001328128273598
2452325.7543440554 0.9999434649944305 0.00013278424012239999
2452325.830733317 0.9999542832374572 0.0001327859208686
2452325.907122573 1.0002726316452026 0.0001328088837908
2452325.9835118223 1.000255465507507 0.0001328025391558
2452326.059901066 1.000037670135498 0.0001327976060565
2452326.1362903044 0.999971866607666 0.0001327953941654
2452326.2126795365 0.9999033808708192 0.0001327897334704
2452326.28420763 1.0002486109733582 0.00013281929568615
2452326.3647635356 1.000457227230072 0.00013283858424975
2452326.4404583024 1.0007789134979248 0.0001328563812421
2452326.516847511 1.0009057521820068 0.0001328667858615
2452326.593236713 1.0003690719604492 0.0001328328071394
2452326.6696259095 0.999792218208313 0.000132795641548
2452326.7460151003 0.9992594718933104 0.0001327596401097
2452326.8224042845 0.9992431998252868 0.0001327593054156
2452326.8987934627 0.9997115135192872 0.0001327934878645
2452326.9751826352 1.0004223585128784 0.0001328358775936
2452327.0515718013 1.0003426074981687 0.0001328309008385
2452327.1279609613 1.0002535581588743 0.0001328233338426
2452327.2043501153 1.0003464221954343 0.0001328317302977
2452327.280739263 1.0006632804870603 0.0001328471553279
2452327.3564339583 1.0006331205368042 0.0001328487924183
2452327.4321286473 1.0005856752395628 0.0001328440121142
2452327.508517777 1.0003273487091064 0.0001328250655205
2452327.5849069003 1.0000871419906616 0.000132813147502
2452327.6612960175 0.9999814629554749 0.0001328038488281
2452327.7376851286 0.9998271465301511 0.000132794259116
2452327.814074233 0.9996328353881838 0.0001327795907855
2452327.8904633317 0.9998793005943296 0.0001327939971815
2452327.9668524237 1.0000218152999876 0.0001328063372056
2452328.04324151 1.0001220703125 0.0001328100188402
2452328.1196305896 1.0003080368041992 0.0001328212965745
2452328.196019663 1.0004217624664309 0.0001328290964011
2452328.27240873 1.0002698898315427 0.0001328226644545
2452328.3487977902 1.0002920627593994 0.0001328192447545
2452328.4244923987 1.00016850233078 0.00013281135034040001
2452328.5001870007 1.00007164478302 0.0001328046200796
2452328.576576042 1.0000003576278689 0.0001327968057012
2452328.652965077 0.9999593496322634 0.0001327970967395
2452328.729354106 1.00010883808136 0.000132804896566
2452328.8057431276 1.000201940536499 0.0001328083890257
2452328.8821321432 1.000227689743042 0.0001328070939052
2452328.958521152 0.9998779892921448 0.0001327903300989
2452329.0349101545 0.9996162056922911 0.0001327702775597
2452329.11129915 0.99839848279953 0.0001326914498349
2452329.1876881393 0.9981509447097776 0.0001326697674812
2452329.2640771214 0.9993072152137756 0.000132745000883
2452329.3404660975 1.0005511045455933 0.0001328247599303
2452329.416855066 1.0004258155822752 0.0001328139042016
2452329.4925495833 0.999963641166687 0.00013278878759585
2452329.5682440936 0.999829649925232 0.0001327752979705
2452329.644633042 0.9996466040611268 0.0001327625941485
2452329.721021984 0.9994848370552064 0.0001327520731138
2452329.7974109184 0.999307096004486 0.0001327383506577
2452329.873799846 0.9994227290153505 0.0001327471836702
2452329.9501887667 0.9995627999305724 0.0001327483478235
2452330.02657768 0.9994509816169738 0.0001327421923633
2452330.102966586 0.9995437264442444 0.0001327469799434
2452330.1793554854 1.0000652074813845 0.0001327760401181
2452330.255744377 1.0003095865249632 0.0001327886275248
2452330.3321332615 1.0000990629196167 0.0001327782811131
2452330.4085221384 0.999919354915619 0.000132760440465
2452330.4842165634 1.0000531673431396 0.00013277361722425
2452330.5599109815 1.000046968460083 0.0001327813079115
2452330.6362998355 1.0000895261764526 0.0001327729551121
2452330.7126886817 0.9999377727508546 0.0001327685313299
2452330.78907752 1.0000369548797607 0.0001327713689533
2452330.8654663507 1.00035297870636 0.0001327937061432
2452330.9418551726 1.0008294582366943 0.0001328181533608
2452331.0182439866 1.0010045766830444 0.0001328325597569
2452331.094632792 1.0007559061050415 0.0001328141515841
2452331.1710215886 1.0004349946975708 0.0001327933860011
2452331.2474103766 1.0003749132156372 0.0001327899808529
2452331.3237991557 1.0001084804534912 0.0001327693898929
2452331.4001879254 0.99964040517807 0.0001327459613094
2452331.4765766854 0.9986359477043152 0.0001326838391833
2452331.5522709927 0.9986534416675568 0.00013268107431935
2452331.6279652906 0.9992414116859436 0.0001327119098277
2452331.7043540208 1.0002623796463013 0.0001327745994785
2452331.7807427403 1.000367760658264 0.0001327855279669
2452331.857131449 1.0000357627868652 0.0001327686914009
2452331.9335201457 1.0003232955932615 0.0001327780046267
2452332.009908831 1.0006996393203735 0.0001328027574345
2452332.0862975037 1.0005826950073242 0.0001328035868937
2452332.1626861626 1.000277042388916 0.0001327899371972
2452332.239074808 0.9997413158416748 0.0001327560603385
2452332.315463439 0.99981689453125 0.0001327641512034
2452332.3904631715 1.000249266624451 0.0001327859936282
2452332.4682406546 1.0004419088363647 0.0001327993231825
2452332.5453236788 1.0001745223999023 0.00013279391714600002
