2451438.0322632357 0.9331640005111694 0.0018959026783704
2451438.1086548497 0.8648794293403625 0.0018004865851253
2451438.1850464647 0.9969289898872375 0.0018235696479678
2451438.2614380764 1.1118451356887815 0.0018440937856212
2451438.3371352106 1.128706693649292 0.00183313572779295
2451438.4142212737 1.0308191776275635 0.0017726192600093001
2451438.4899183856 0.8252840042114258 0.00166711508063595
2451438.5663099526 0.6861397922039032 0.0015925992047413498
2451438.643395973 0.8967263102531433 0.0017038576770573
2451438.718398571 1.087722897529602 0.001797420438379
2451438.79479009 1.1561739444732666 0.001830665860325
2451438.8704871233 1.116272211074829 0.0018121694447472
2451438.9468786074 0.9727433919906616 0.00174182240152725
2451439.0246590087 0.8732123672962188 0.0016908359830266999
2451439.1003559898 0.9751001000404356 0.0017424419056624
2451439.175358486 1.1054837703704832 0.0018055858090519
2451439.251749899 1.134911060333252 0.0018209499539807
2451439.328835762 1.0560726523399353 0.0017827356350608
2451439.404532673 0.8716479539871216 0.001689754310064
2451439.4809240336 0.6896217465400696 0.0015937915304675
2451439.5573153766 0.8511666059494017 0.0016788723878562
2451439.6337067033 1.0672953128814695 0.0017869889270514
2451439.710098013 1.1558544635772705 0.0018307199934497
2451439.7857948393 1.1284511089324951 0.0018175048753618999
2451439.86149165 1.0039824247360227 0.0017576944082975
2451439.937882909 0.8736862540245056 0.0016911237034946
2451440.014274153 0.9396568536758424 0.0017256359569728
2451440.0906653805 1.09649920463562 0.0018010849598795
2451440.1670565917 1.1360540390014648 0.001820775330998
2451440.243447787 1.0749725103378296 0.0017913556657731
2451440.319838967 0.910244822502136 0.0017113987123593
2451440.3955356665 0.6899043321609497 0.0015938623109831998
2451440.4712323505 0.7980793714523315 0.0016506596002727
2451440.5476234844 1.0509147644042969 0.0017791341524571
2451440.6240146025 1.156788349151611 0.0018301231320947
2451440.700405706 1.1434671878814695 0.0018234910676255
2451440.7767967945 1.035910964012146 0.0017716303700581
2451440.8531878684 0.8758571147918701 0.0016921276692301
2451440.929578927 0.90863037109375 0.0017100576078519
2451440.999025332 1.080722689628601 0.0017934537027031
2451441.082361001 1.138132393360138 0.0018216893658973
2451441.1559741613 1.0997709035873413 0.0018031869549304
2451441.234448554 0.9522919356822968 0.0017309420509263001
2451441.312922931 0.6934607028961182 0.0015952209942042
2451441.3872305127 0.7544929981231691 0.00162941479356955
2451441.462927008 1.0273771286010742 0.0017661581514403
2451441.5393179525 1.1502164602279663 0.0018270887667313
2451441.6170978085 1.15278160572052 0.0018282810924574
2451441.6914053364 1.0628167986869812 0.0017854051548056
2451441.7671017773 0.8808587789535521 0.0016958116320893
2451441.8434926663 0.882948100566864 0.0016958980122581
2451441.9198835418 1.0699962377548216 0.0017893224721774
2451441.9962744033 1.1401426792144775 0.001822305843234
2451442.073359714 1.1152758598327637 0.0018111374229192
2451442.148361624 0.9878713488578796 0.0017491086036898
2451442.2240579836 0.7206047177314758 0.0016100279754027
2451442.300448792 0.7102283239364624 0.0016054055886343
2451442.3768395865 1.000694155693054 0.0017544251168146
2451442.453230368 1.13820481300354 0.0018219063058495
2451442.529621136 1.1608761548995972 0.0018328229198232
2451442.606011891 1.082736253738403 0.0017953977221623
2451442.6824026317 0.9031949043273924 0.0017054121708497
2451442.7580988994 0.87838676571846 0.00169405509950585
2451442.833795154 1.0491478443145752 0.0017794374143704
2451442.910185856 1.1350897550582884 0.0018204962834715
2451442.9865765455 1.128515124320984 0.0018173818243667
2451443.0629672213 1.0118368864059448 0.0017603415763005
2451443.139357885 0.7650800347328186 0.0016362145543098
2451443.2157485345 0.7004358768463135 0.0016005837824195
2451443.292139172 0.9597368836402892 0.0017365145031362
2451443.3678353364 1.1202292442321777 0.0018145096255466
2451443.4435314876 1.1633887290954588 0.0018338466761633
2451443.5199220865 1.103405237197876 0.0018052760278806
2451443.5963126724 0.9360484480857848 0.0017222102032974
2451443.6727032457 0.8782661557197571 0.0016936177853494
2451443.7490938054 1.0235323905944824 0.0017658307915553
2451443.825484353 1.1282613277435305 0.0018176859011873
2451443.9018748878 1.1361645460128784 0.0018211160786449
2451443.9775709505 1.035294532775879 0.0017721801414154
2451444.059517132 0.7911783456802368 0.00164853048045185
2451444.130351956 0.6962372362613678 0.00159729633014645
2451444.2088258164 0.9333181977272031 0.0017218440771102
2451444.282438452 1.103239893913269 0.0018036884721368
2451444.3588289106 1.163753032684326 0.0018336039502173
2451444.435219356 1.1157335042953491 0.0018115452257916
2451444.5109153306 0.9658598303794861 0.0017378941993228501
2451444.586611293 0.8779194951057434 0.0016935935709625
2451444.663001701 0.993255615234375 0.0017515502404421
2451444.739392096 1.117992281913757 0.0018118527950719
2451444.8157824785 1.1434944868087769 0.0018246183171868
2451444.8921728483 1.0566531419754028 0.0017824318492785
2451444.9685632056 0.864402711391449 0.0016857872251421
2451445.04495355 0.6953121423721313 0.0015971475513651
2451445.1206494244 0.8744047582149506 0.0016916492022573501
2451445.1963452864 1.0821468830108645 0.0017935110954567
2451445.2727355934 1.1625953912734983 0.0018336916109547
2451445.3491258873 1.1289345026016235 0.0018180285114794
2451445.425516169 0.9965161681175234 0.0017543358262628
2451445.501906438 0.8791252374649047 0.0016944193048402
2451445.578296694 0.9587985277175904 0.0017336795572191
2451445.654686937 1.104777693748474 0.0018068627687171
2451445.7303827116 1.1416430473327637 0.00182397919706995
2451445.8060784736 1.0785346031188965 0.0017932782648131
2451445.882468679 0.906944751739502 0.0017077923985198
2451445.958858872 0.6959108114242554 0.0015975800342857
2451446.0352490516 0.8233326077461242 0.0016648073215037
2451446.1116392193 1.0627461671829224 0.0017849148716777
2451446.188029374 1.1667704582214355 0.001835125265643
2451446.264419516 1.1450592279434204 0.001825843588449
2451446.3401151896 1.029720664024353 0.00176995818037535
2451446.4158108504 0.87967187166214 0.0016949353739619
2451446.492200955 0.9228975176811216 0.0017156657995656
2451446.568591045 1.0950405597686768 0.0018014652887359
2451446.644981124 1.1448925733566284 0.0018250152934342
2451446.721371189 1.0982792377471924 0.0018030955689027
2451446.797761242 0.9460424780845642 0.0017285601934418
2451446.874151281 0.6981059908866881 0.0015989642124623
2451446.9498468535 0.7763604521751404 0.00164165761088945
2451447.017903412 1.0244395732879639 0.0017675083945504501
2451447.101932414 1.1593090295791624 0.0018322566756978
2451447.1783224023 1.1555050611495972 0.0018302123062312
2451447.2547123777 1.057758331298828 0.0017851295415312
2451447.33110234 0.8811339139938353 0.0016967816045507
2451447.407492289 0.8947507739067077 0.0017033179756253
2451447.4838822256 1.0831183195114136 0.0017969522159546
2451447.559577695 1.1464881300926208 0.0018272713641635501
2451447.6352731516 1.1173293590545654 0.0018128876108676
2451447.711663049 0.98124623298645 0.0017465887358412
2451447.788052933 0.7091484665870667 0.0016062689246609
2451447.8644428044 0.729194402694702 0.0016172057949006
2451447.940832662 1.019298076629639 0.0017657291609793
2451448.017222507 1.15298855304718 0.0018299396615475
2451448.0936123384 1.1676925420761108 0.0018384816357865
2451448.169307704 1.0860302448272705 0.001799774239771
2451448.245003057 0.8960226774215697 0.0017051337053999
2451448.3213928496 0.8830436468124389 0.0016995453042909
2451448.397782629 1.0646624565124512 0.0017895194469019
2451448.4741723947 1.1435959339141843 0.0018281184602528
2451448.550562148 1.1286441087722778 0.0018212189897894
2451448.6269518877 1.0110385417938232 0.0017633507959544
2451448.7026471626 0.75533327460289 0.00163447629893195
2451448.778342425 0.7088701128959656 0.0016106612747535
2451448.8547321255 0.9861971735954284 0.0017535709775984
2451448.931121814 1.1348358392715454 0.001826102961786
2451449.0075114896 1.1735833883285522 0.0018444253364577
2451449.0839011525 1.1045680046081543 0.0018125176429748
2451449.160290803 0.9285122752189636 0.0017256360733881
2451449.2366804415 0.8828707933425902 0.0017018668586388
2451449.312375617 1.0405354499816895 0.0017803201335481501
2451449.3880707812 1.1354886293411257 0.0018262567464262
2451449.464460386 1.1425921916961668 0.0018290788866579
2451449.540849979 1.0357234477996826 0.0017788530094549
2451449.6172395633 0.8033368587493896 0.0016599508235231
2451449.6936291377 0.7051094174385071 0.0016085804672911
2451449.7700187042 0.9487995505332946 0.0017337525496259
2451449.8464082642 1.1191279888153076 0.0018178806640207
2451449.9221033677 1.1750673651695251 0.00184429861837995
2451449.9936317657 1.127661108970642 0.0018325801938772
2451450.0748824687 0.9613392055034637 0.0018293557222932
2451450.1193272984 0.8834297657012938 0.00184217427158725
2451451.560317755 0.7155134081840515 0.0016786160413175
2451451.599207279 0.859097421169281 0.0017285863868892
2451451.675597408 1.0802265405654907 0.001813968992792
2451451.7505986136 1.1736016273498535 0.0018416442908346
2451451.826988718 1.1447232961654663 0.0018273935420438
2451451.9026843514 1.024566411972046 0.0017689859378151001
2451451.979074423 0.8854918479919434 0.00169877667212855
2451452.0582422977 0.9483109712600708 0.0017318432219326002
2451452.133243424 1.1055684089660645 0.00180829351302235
2451452.208938987 1.1493511199951172 0.0018286586273461
2451452.2853289857 1.0961064100265503 0.0018028201302513
2451452.361024512 0.9385995268821716 0.00172571552684525
2451452.437414473 0.7035546898841858 0.0016032621497288
2451452.5131099625 0.7980239391326904 0.0016508069820702
2451452.589499887 1.053225874900818 0.0017830190481618
2451452.6658897926 1.1662592887878416 0.0018371921032667
2451452.742279681 1.158477544784546 0.0018323875265195
2451452.81866955 1.0504120588302612 0.0017811512807384
2451452.895059402 0.8852190375328064 0.0016987554263323
2451452.9707547827 0.9080160558223723 0.00171030609635635
2451453.0464501465 1.0893206596374512 0.0017985296435654
2451453.1228399454 1.14847731590271 0.0018276484915986
2451453.1992297275 1.1114819049835205 0.0018101164605468
2451453.275619493 0.9708991646766664 0.0017407769337296
2451453.3520092405 0.7072609663009644 0.0016048095421865
2451453.4283989724 0.7484863996505737 0.0016281323041766
2451453.504094235 1.0277529954910278 0.0017706560320220502
2451453.579789482 1.1554774045944212 0.0018323127878829
2451453.6561791645 1.1679863929748535 0.0018369534518569
2451453.732568831 1.0786161422729492 0.001793882693164
2451453.808958482 0.8916904330253601 0.0017035924829542
2451453.885348117 0.8888050317764281 0.0017007839633151
2451453.961737736 1.07137930393219 0.0017907749861478
2451454.0381273404 1.1456254720687866 0.0018269119318574
2451454.113822478 1.126980185508728 0.0018183796200901
2451454.1895176005 1.0034352540969849 0.0017582568107172
2451454.265907159 0.739595353603363 0.0016225958243012
2451454.342991153 0.7140594124794006 0.0016091624856926
2451454.418686231 0.9967773556709288 0.0017542535206303
2451454.495075744 1.1398818492889404 0.0018246957333758
2451454.5659096437 1.172568917274475 0.0018396506784483
2451454.6492436267 1.0973081588745115 0.0018030646024271
2451454.7235497474 0.9193457663059235 0.0017157720285467001
2451454.7992447536 0.8874611258506776 0.0016996649792417
2451454.8756341944 1.0510042905807495 0.0017816808540374
2451454.952023621 1.1378536224365234 0.0018228937406092
2451455.028413033 1.1350066661834717 0.0018211302813142
2451455.104802432 1.0226500034332275 0.0017670763190835
2451455.181191816 0.7840682864189149 0.0016445709625259
2451455.257581186 0.7049383521080017 0.0016038842732086
2451455.3332760935 0.962105631828308 0.0017374019371345002
2451455.408970988 1.1256810426712036 0.0018164713401347
2451455.4853603165 1.1739052534103391 0.00183954637032
2451455.561749631 1.11845064163208 0.0018125082133337
2451455.6381389326 0.9523511528968812 0.0017327443929389
2451455.71452822 0.8870310187339783 0.0016985790571197
2451455.790917494 1.0222574472427368 0.0017659957520663
2451455.867306754 1.1304765939712524 0.0018198041943833
2451455.9430015534 1.1436436772346497 0.0018254557508043498
2451456.018696339 1.048548460006714 0.0017783700022846
2451456.095085559 0.8352874517440797 0.0016713482327759
2451456.171474766 0.7023378610610962 0.0016014298889786
2451456.2478639586 0.9205318689346312 0.0017152181826531
2451456.3242531386 1.10875141620636 0.0018077749991789
2451456.400642305 1.1733551025390625 0.0018391159828752
2451456.4770314586 1.130845308303833 0.0018178892787545
2451456.5527261514 0.9831933379173278 0.001747966336552
2451456.628420832 0.8883005976676942 0.0016989887226372
2451456.7048099455 0.9922572374343872 0.001751564675942
2451456.7811990464 1.121432185173035 0.0018136339494958
2451456.8575881342 1.149040937423706 0.0018271764274686
2451456.9339772086 1.0676096677780151 0.0017879117513075
2451457.01036627 0.8811684250831603 0.001693649101071
2451457.086755318 0.7017450332641602 0.00160021497868
2451457.1624499075 0.8706211149692535 0.00169064517831425
2451457.238144484 1.0880249738693235 0.001797231961973
2451457.3145334935 1.1735447645187376 0.0018388165626674
2451457.3909224896 1.143683075904846 0.0018247771076858
2451457.467311473 1.0114799737930296 0.0017608746420592
2451457.5437004436 0.8881917595863342 0.0016986386617645
2451457.624950516 0.9741368591785432 0.00174221309134735
2451457.696478346 1.1137624979019165 0.0018104830523952
2451457.772172833 1.1516597867012024 0.0018280303920619
2451457.847867307 1.0909847021102903 0.0017987083410844
2451457.9242562125 0.92654412984848 0.0017179321730509
2451458.000645106 0.7023088932037354 0.0016012052074074
2451458.077033986 0.8200216889381408 0.0016637163935229
2451458.153422854 1.0646836757659912 0.0017881725216284
2451458.229811708 1.1714876890182495 0.0018383730202913
2451458.30620055 1.1561379432678225 0.0018304830882698
2451458.381894935 1.04555344581604 0.0017772471765056
2451458.457589307 0.8902872204780578 0.0017005493864417
2451458.5339781106 0.9256237149238584 0.0017173994565382
2451458.6103669005 1.0991085767745972 0.0018032473744824
2451458.686755678 1.1510909795761108 0.0018282895907759
2451458.763144443 1.1073172092437744 0.0018066030461341
2451458.839533195 0.9580304622650144 0.0017337924800813
2451458.9159219335 0.7050353288650513 0.0016023706411942
2451458.991616217 0.7660381495952606 0.0016354466206394
2451459.067310488 1.0435694456100464 0.0017761177150532
2451459.1436991883 1.1625821590423584 0.0018338039517402
2451459.220087876 1.1677895784378052 0.0018353955820202
2451459.2964765504 1.0725308656692505 0.0017910880269482
2451459.3728652126 0.894149899482727 0.001702447538264
2451459.4492538613 0.8994133472442627 0.0017049077432602
2451459.5249480554 1.0863444209098816 0.0017969892942346
2451459.6006422364 1.154676079750061 0.0018296573543921
2451459.677030847 1.1263065338134763 0.0018158570164814
2451459.753419445 0.9926875829696656 0.0017517560627311
2451459.829808029 0.7221027016639708 0.0016108631389215
2451459.9061966008 0.7259478569030762 0.0016144794644787
2451459.982585159 1.0138914585113523 0.0017624957254156
2451460.0589737045 1.150529861450195 0.0018282526871189
2451460.1346677956 1.1759002804756165 0.0018402843852527002
2451460.210361874 1.0987738370895384 0.001803943188861
2451460.286750381 0.9142473936080932 0.0017125849844887
2451460.3631388745 0.8933361768722534 0.0017023254185914
2451460.4395273547 1.0675348043441772 0.0017892323667183
2451460.515915822 1.148111581802368 0.0018275191541761
2451460.5874431925 1.140847623348236 0.00182287633651865
2451460.6686927164 1.0182917118072508 0.0017644928302615
2451460.744386704 0.7688467204570769 0.0016379134613088999
2451460.8200806784 0.7120965123176575 0.0016064357478171
2451460.89646908 0.9810028672218322 0.0017447198042646
2451460.972857468 1.1398510932922363 0.0018239229684695
2451461.0492458427 1.180426836013794 0.0018420597771182
2451461.125634204 1.1177563667297363 0.0018114692065864
2451461.202022552 0.9408382773399352 0.0017265500500798
2451461.278410887 0.8928666710853576 0.0017015197081491
2451461.3541047685 1.0415294766426086 0.00177591328974805
2451461.4297986375 1.1435914039611816 0.0018239143537357
2451461.506186932 1.149803638458252 0.001828015083447
2451461.582575213 1.0456370115280151 0.0017778502078726
2451461.65896348 0.8226440548896788 0.0016650762408971
2451461.7353517343 0.7076382040977478 0.001604986959137
2451461.8117399747 0.9460737109184264 0.0017269130330532
2451461.888128201 1.125171780586243 0.0018164805369451
2451461.963821976 1.1832014322280882 0.00184390053618695
2451462.0395157374 1.1357280015945437 0.0018214522860944
2451462.1159039238 0.980684220790863 0.0017464172560721
2451462.1922920956 0.893227994441986 0.001701604691334
2451462.268680255 1.0104436874389648 0.0017606422770768
2451462.3450684 1.1379133462905884 0.001821594312787
2451462.4214565316 1.1606162786483765 0.001831998117268
2451462.49784465 1.0679824352264404 0.001787788234651
2451462.5735383173 0.8729885816574097 0.00169088749680665
2451462.649231972 0.7108250260353088 0.001606143079698
2451462.7256200504 0.9014382958412168 0.0017049439484253
2451462.802008116 1.1054164171218872 0.0018068458884954
2451462.878396169 1.1855101585388184 0.0018444613087922
2451462.95478421 1.1476931571960447 0.0018258729251101
2451463.031172238 1.0094434022903442 0.0017585007008165
2451463.107560255 0.8942429423332214 0.0017017817590385
2451463.1832538247 0.9815981388092041 0.0017456990899518002
2451463.2589473845 1.122811198234558 0.0018143400084227
2451463.3353353716 1.1608728170394895 0.001832733862102
2451463.4117233506 1.0920122861862185 0.0017998301191255
2451463.4881113237 0.9186019897460936 0.0017154602101072
2451463.5596382404 0.7143947184085846 0.00161074678180735
2451463.64088726 0.8543540239334105 0.001737960265018
2451463.6936644022 1.0390117168426511 0.0018864598823711
2452174.264729605 0.8474933207035065 0.0015511904493905
2452174.3293146426 1.035672664642334 0.0016530158463865
2452174.40570553 1.1349585056304932 0.0017033624462783
2452174.482096399 1.127887487411499 0.0016997121274471
2452174.5584872495 1.0274747610092163 0.0016497955657541
2452174.634878082 0.8766372203826904 0.0015701510710641
2452174.7112688967 0.9033724069595338 0.0015847814502194
2452174.7869652323 1.0660604238510132 0.00166918279137455
2452174.8626615503 1.1187248229980469 0.0016964430687949
2452174.939052313 1.0839219093322752 0.0016789324581623
2452175.015443059 0.9508771300315858 0.001610274426639
2452175.0918337884 0.7078001499176024 0.0014764366205781
2452175.1682245014 0.7579092383384703 0.0015044450992718
2452175.2446151976 1.0200343132019043 0.001645274227485
2452175.321005878 1.134730577468872 0.0017037781653925
2452175.396702082 1.140846312046051 0.0017072158516384
2452175.4723982704 1.0607696771621704 0.0016667827730998
2452175.5487889037 0.8814957141876221 0.0015727902064099
2452175.6251795213 0.882753014564514 0.0015741864917799
2452175.701570124 1.0531606674194336 0.0016631367616355
2452175.777960711 1.1219000816345217 0.0016977388877421
2452175.8543512835 1.10114324092865 0.0016872102860361
2452175.930741841 0.983146905899048 0.0016279122792184
2452176.006437924 0.7336636483669281 0.0014921101974323002
2452176.082133993 0.7263232469558717 0.0014865377452224
2452176.1585245063 0.9942262172698976 0.0016331002116203
2452176.2349150055 1.1264501810073853 0.0017004669643938
2452176.3113054903 1.150067925453186 0.0017109629698097
2452176.3876959607 1.0792216062545776 0.0016765551408752
2452176.4640864166 0.9048321843147276 0.0015852780779823
2452176.540476859 0.8820155858993529 0.0015729253645986
2452176.6161728287 1.0352386236190796 0.00165473681408905
2452176.6918687844 1.1181602478027344 0.0016954778693616
2452176.768259185 1.1149652004241943 0.00169426004868
2452176.844649572 1.0123450756072998 0.0016413200646638
2452176.921039945 0.7831900119781494 0.0015181940980255
2452176.997430304 0.7181572318077089 0.0014817441115155
2452177.07382065 0.9645232558250428 0.0016174047486856
2452177.150210982 1.1149344444274902 0.0016942804213613
2452177.2259068433 1.155850887298584 0.00171374116325745
2452177.301602692 1.0980598926544187 0.0016857809387147
2452177.377992984 0.9384025931358336 0.0016031729755923
2452177.45507772 0.882257491350174 0.0015727951540611
2452177.5307735284 1.0131553411483765 0.0016411845572292
2452177.607163781 1.1131539344787595 0.0016924923984333
2452177.6835540202 1.124821662902832 0.0016988916322588
2452177.7599442466 1.0325798988342283 0.0016514376038685
2452177.835640003 0.8298889100551605 0.00154483417281875
2452177.9113357468 0.7148599624633789 0.0014799945056438
2452177.987725934 0.923058032989502 0.0015951719833537
2452178.064116108 1.0956469774246216 0.0016849220264703
2452178.14050627 1.1559146642684937 0.0017136535607278
2452178.2168964185 1.1117308139801023 0.001691558631137
2452178.293286554 0.9637650847434996 0.001615879824385
2452178.3696766766 0.8835155963897705 0.0015739370137453
2452178.445372331 0.9797708690166473 0.00162440765416245
2452178.521067973 1.1024293899536133 0.0016869467217475
2452178.5974580576 1.127337098121643 0.001700145076029
2452178.67384813 1.0538123846054075 0.0016616393113508
2452178.750238189 0.8754202127456666 0.0015694225439801
2452178.8266282356 0.7150065898895264 0.0014798364136368
2452178.9030182697 0.8837863206863403 0.0015735959168523
2452178.978713836 1.0807236433029175 0.0016764221363700501
2452179.0544093903 1.1582396030426023 0.0017147393664345
2452179.1307993867 1.126638650894165 0.0016997489146888
2452179.2071893704 1.0025928020477295 0.0016367767238989
2452179.2835793416 0.8858903050422668 0.0015747372526675
2452179.3599693 0.9517536759376524 0.0016103164525702
2452179.4363592463 1.0896679162979124 0.0016808595973998
2452179.5176103567 1.1281088590621948 0.00169992196606465
2452179.588444647 1.0722773671150208 0.0016714624944142499
2452179.664140102 0.9191460013389589 0.0015936387935653
2452179.740529998 0.7180814743041992 0.0014820205979049
2452179.816919882 0.832139790058136 0.0015454366803169
2452179.8933097534 1.062389254570007 0.0016664922004565
2452179.9696996124 1.1545895338058472 0.00171351688914
2452180.0460894587 1.139917254447937 0.0017051850445568
2452180.1224792926 1.0322637557983398 0.001651310827583
2452180.1981746615 0.8880468308925629 0.0015765702119097
2452180.273870018 0.9212785363197328 0.0015937329735606
2452180.350259815 1.0814082622528076 0.001676749321632
2452180.4266495993 1.1290942430496216 0.001700748107396
2452180.503039371 1.090927243232727 0.0016813994152471
2452180.579429131 0.9499541521072388 0.0016094958409667
2452180.655818878 0.7187156677246094 0.0014823772944509
2452180.732208613 0.790347158908844 0.0015220122877508
2452180.807903883 1.0402719378471375 0.0016556161572225002
2452180.8835991416 1.149582028388977 0.0017106685554608
2452180.9599888395 1.1503981351852417 0.0017114103538915
2452181.0363785247 1.06086266040802 0.0016668429598212
2452181.1127681974 0.8921762704849243 0.001578074763529
2452181.189157858 0.9006289839744567 0.0015832242788746
2452181.265547506 1.0707107782363892 0.0016719888662919
2452181.3419371415 1.1300907135009763 0.0017008405411615
2452181.4176323134 1.1043131351470947 0.0016887573874555
2452181.4933274733 0.9829713702201844 0.001626230077818
2452181.569717072 0.7303502559661865 0.0014896224020048
2452181.6461066576 0.743705928325653 0.0014970431802794
2452181.722496231 1.0135543346405027 0.0016421530162915
2452181.798885792 1.137659788131714 0.0017051654867827
2452181.8752753404 1.1557449102401731 0.0017136966343969
2452181.951664876 1.0813452005386353 0.0016774393152445
2452182.0273599494 0.9061670899391174 0.0015862301224842498
2452182.10305501 0.8928583264350891 0.001578779425472
2452182.1794445086 1.051198363304138 0.0016605452401563
2452182.2558339946 1.1250025033950803 0.0016988202696666
2452182.332223468 1.1151715517044067 0.0016934003215283
2452182.408612929 1.0055545568466189 0.001638199086301
2452182.4850023766 0.767266035079956 0.0015093837864696
2452182.5613918123 0.7283912897109985 0.0014880278613418
2452182.6370867854 0.9833204448223113 0.0016264790319837
2452182.712781747 1.1289050579071045 0.0017008701106533
2452182.7891711444 1.1643697023391724 0.0017183774616569
2452182.8655605293 1.10352623462677 0.0016880184412002
2452182.9419499016 0.9315979480743408 0.0015998039161786
2452183.018339261 0.8923596739768982 0.0015789380995556
2452183.0947286077 1.0292996168136597 0.0016503756633028
2452183.1711179414 1.1206952333450315 0.0016969135031104
2452183.246812814 1.1259381175041199 0.0016993941389955
2452183.3225076743 1.0314207077026367 0.0016522499499842
2452183.39889697 0.8193934559822081 0.0015391723718494
2452183.4752862523 0.7222961783409119 0.0014852554304525
2452183.5516755222 0.947527289390564 0.0016085269162431
2452183.628064779 1.1130385398864746 0.0016933004371821
2452183.704454023 1.1662442684173584 0.0017200806178152
2452183.7801488065 1.1178274750709534 0.0016963578527793002
2452183.855843577 0.9671238660812378 0.0016185627318918
2452183.9322327827 0.8942527174949646 0.0015808718744665
2452184.008621975 1.0020989179611206 0.0016389496158808
2452184.0850111544 1.1140036582946775 0.0016945936949923
2452184.1614003205 1.1360036134719849 0.001705180038698
2452184.237789474 1.0538511276245115 0.0016656675143167
2452184.3141786144 0.8651629090309142 0.0015664082020521
2452184.389873295 0.7244722247123718 0.00148832914419465
2452184.4655679637 0.9094985127449036 0.0015896192053332
2452184.541957065 1.0946441888809204 0.0016861470649018
2452184.6183461538 1.1673963069915771 0.0017232020618394
2452184.69473523 1.133123993873596 0.001705945120193
2452184.7711242936 0.9993740916252136 0.0016383629990741
2452184.847513344 0.8952243924140929 0.0015852068318054
2452184.9239023826 0.977370023727417 0.0016292323125526
2452184.9995969636 1.1060582399368286 0.0016954899183474
2452185.075291532 1.1383675336837769 0.0017117159441113
2452185.1516805347 1.0782854557037351 0.0016827174695208
2452185.2280695257 0.9094295501708984 0.001596730435267
2452185.3044585055 0.7273159623146057 0.0014971841592341
2452185.380847475 0.8636159896850587 0.0015746770659461
2452185.4572364343 1.0793286561965942 0.0016874768771231
2452185.533625385 1.1699659824371336 0.0017392577137798
2452185.6093198825 1.1486183404922483 0.0017463327967561
2452185.6850143736 1.034918427467346 0.0017116694943979
2452185.7489032974 0.9022485017776488 0.0016770811052992
2452187.216270384 0.7875811457633972 0.0015679490170441
2452187.286409916 1.024975538253784 0.0016503174556419
2452187.3627994973 1.1440358161926267 0.0017102364217862
2452187.4384946157 1.157635509967804 0.0017153769149444499
2452187.5141897188 1.07777738571167 0.0016761232400313
2452187.5905792546 0.8990040421485901 0.0015838289400562
2452187.666968771 0.8952819108963012 0.0015812048222869
2452187.743358267 1.0562725067138672 0.0016635657520964
2452187.819747742 1.1252644062042236 0.0016980884829536
2452187.8961371956 1.110140681266785 0.001691129640676
2452187.972526628 0.99572491645813 0.0016332019586116
2452188.0489160395 0.7482593655586242 0.0014996884856373
2452188.1239165324 0.7282817363739013 0.0014887111028656
2452188.2003059024 0.9944809675216676 0.0016331567894667
2452188.276695252 1.132102131843567 0.0017019076040014
2452188.3530845814 1.1609236001968384 0.0017164065502583
2452188.429473891 1.095397710800171 0.0016829542582854
2452188.505863181 0.9221100211143493 0.0015941902529448
2452188.582252451 0.8922167420387267 0.0015778664965182
2452188.6579472553 1.0331872701644897 0.00165242928778745
2452188.7336420408 1.116900324821472 0.001695156446658
2452188.8100312557 1.1191099882125854 0.0016952600562945
2452188.8864204525 1.0185359716415403 0.001644626376219
2452188.962809631 0.7990712523460387 0.0015255832113325
2452189.039198792 0.722959816455841 0.0014841209631413
2452189.115587936 0.9613776206970216 0.0016137898201122
2452189.1905881693 1.1163656711578367 0.0016936403699219
2452189.266977279 1.1598848104476929 0.0017151646316051
2452189.3433663724 1.1078946590423584 0.0016894584987312
2452189.4197554486 0.9511277079582214 0.0016090859426185
2452189.496144509 0.8911971449851989 0.0015772646293044
2452189.572533553 1.0099704265594482 0.0016402326291427
2452189.6489225808 1.1093487739562988 0.001690354780294
2452189.7253115927 1.125356912612915 0.0016979377251118
2452189.801006144 1.0424385070800781 0.0016561201773583499
2452189.8767006793 0.8496829867362976 0.0015537533909082
2452189.953089645 0.7195261120796204 0.0014816714683547
2452190.029478595 0.9177926182746888 0.0015906655462458
2452190.1058675307 1.0946428775787351 0.0016819733427837
2452190.1822564504 1.1573344469070437 0.0017134745139628
2452190.2586453557 1.1174370050430296 0.0016940491041168
2452190.335034246 0.9804519414901732 0.0016229214379563
2452190.4107286776 0.8918944299221039 0.001577207702212
2452190.4864230948 0.9765803217887878 0.001622236915864
2452190.5628119414 1.1009129285812376 0.0016864439239725
2452190.639200774 1.1297423839569092 0.0016996096819639
2452190.715589592 1.0592525005340576 0.0016661258414387
2452190.791978396 0.885463535785675 0.0015741457464173
2452190.8683671854 0.7189419269561768 0.00148119952064
2452190.944755961 0.8756107687950134 0.0015688912244513
2452191.020450279 1.076677918434143 0.0016725586028769
2452191.0961445845 1.1584537029266355 0.0017141776625066
2452191.1725333184 1.132308006286621 0.0017013200558722
2452191.248922039 1.0148872137069702 0.0016413449775427
2452191.3253107453 0.8928354382514954 0.0015769753372296
2452191.401699438 0.9513351917266843 0.0016074889572337
2452191.4780881177 1.0966060161590576 0.0016808344516903
2452191.554476783 1.1318302154541016 0.0017004103865474
2452191.6301709935 1.078019917011261 0.0016734996461309
2452191.7058651904 0.9320526719093322 0.0015957015566527
2452191.782253816 0.7220616936683655 0.0014813781017437
2452191.858642428 0.8256689310073853 0.0015397127717733
2452191.935031027 1.0566281080245972 0.0016630672616884
2452192.011419613 1.1563429832458496 0.001711786724627
2452192.0878081857 1.1409065723419187 0.0017051660688593
2452192.164196745 1.0390844345092771 0.0016537872143089
2452192.23989085 0.8935590088367462 0.0015771858161315
2452192.315584942 0.9209821820259094 0.001591287786141
2452192.391973463 1.079616904258728 0.0016734685050323
2452192.46836197 1.131203293800354 0.0016990482108667
2452192.5447504646 1.094316005706787 0.0016809408552944
2452192.6211389457 0.9610634446144104 0.0016136961057782
2452192.697527414 0.7218635082244873 0.0014824173413217
2452192.77391587 0.7801836133003235 0.0015150234103202
2452192.8496098723 1.0340610146522522 0.0016502273501828
2452192.925303862 1.148162007331848 0.001709148986265
2452193.0016922797 1.1542208194732666 0.0017109274631366
2452193.078080684 1.0700494050979614 0.0016676698578521
2452193.154469076 0.8955311775207518 0.0015782940899953
2452193.2308574547 0.8990656137466431 0.0015803514979779
2452193.307245821 1.0684185028076172 0.0016688390169292
2452193.3836341747 1.1315990686416624 0.0017002562526613
2452193.454467001 1.1160303354263303 0.0016913916915655
2452193.535021966 0.9936529994010924 0.0016307382611557
2452193.6114102816 0.7423176765441895 0.0014940531691536
2452193.687798585 0.7410427927970886 0.001492777839303
2452193.7641868754 1.00913667678833 0.0016376759158447
2452193.840575153 1.1405738592147827 0.0017050664173439
2452193.9169634185 1.1627089977264404 0.0017160484567284
2452193.9933516714 1.0882669687271118 0.001678850618191
2452194.0690454734 0.9152907729148864 0.0015886320616117998
2452194.1447392628 0.8951058983802795 0.001578702009283
2452194.2211274784 1.0480877161026 0.001658167457208
2452194.2975156815 1.1282463073730469 0.0016993188764899
2452194.3739038715 1.1234883069992063 0.0016963526140898
2452194.4502920494 1.0154770612716677 0.0016420899191871
2452194.526680215 0.7853257656097411 0.0015166664961725
2452194.6030683676 0.7304977774620056 0.001487539615482
2452194.67876207 0.9779615402221677 0.0016227795858867
2452194.7544557606 1.1273378133773804 0.0016971107106655
2452194.830843876 1.1659140586853027 0.0017170931678265
2452194.907231979 1.1094340085983276 0.0016891955165192
2452194.98362007 0.9425222277641296 0.0016029874095693
2452195.0600081477 0.89500492811203 0.001577905844897
2452195.1363962134 1.0235954523086548 0.0016467100940644
2452195.2127842666 1.1206296682357788 0.0016942834481596
2452195.289172307 1.1293978691101074 0.0016985853435471
2452195.364171462 1.0411444902420044 0.0016537565970793
2452195.4405594775 0.833829402923584 0.0015450838254764
2452195.516947481 0.7263064384460449 0.0014842626405879
2452195.593335472 0.9413622021675108 0.0016023907810449
2452195.66972345 1.1077938079833984 0.0016891811974346
2452195.746111416 1.1660094261169431 0.0017171064391732
2452195.8224993693 1.119596004486084 0.0016937620239332
2452195.898192874 0.9746645390987396 0.00162023567827415
2452195.9738863665 0.8953970074653625 0.0015776724321767
2452196.050274282 0.9912985563278198 0.001627818797715
2452196.126662186 1.1090247631072998 0.0016883405623957
2452196.2030500765 1.1331270933151243 0.0017002550885081
2452196.2794379545 1.059160590171814 0.0016634153435006
2452196.35582582 0.875507414340973 0.0015689880819991
2452196.432213673 0.7267817854881287 0.0014844271354377
2452196.5079070786 0.8987838923931122 0.0015803284477442
2452196.5836004713 1.0897175073623655 0.0016782417660579
2452196.6599882864 1.1661301851272583 0.0017167309997603
2452196.736376089 1.1344395875930786 0.0017012737225741
2452196.8127638786 1.0093183517456057 0.0016370342345908
2452196.8891516556 0.8973476886749268 0.001578742172569
2452196.96553942 0.9661461710929872 0.0016153280157595
2452197.041927172 1.100356101989746 0.0016833674162626
2452197.1176204765 1.1341590285301208 0.00170121138216925
2452197.193313769 1.0748622417449951 0.0016717381076887
2452197.2697014823 0.9194931983947754 0.0015903203748166
2452197.346089183 0.7277367115020752 0.0014851454179733
2452197.4224768705 0.8537925481796264 0.001554958987981
2452197.4988645455 1.0721937417984009 0.0016702752327546
2452197.5752522075 1.1635525226593015 0.0017159364651888
2452197.6516398564 1.1443070173263548 0.0017058845842257
2452197.7273330595 1.0379099249839783 0.0016515107126906
2452197.8030262496 0.8975413441658019 0.0015784671995788
2452197.8794138595 0.9326514601707456 0.0015976371942088
2452197.9558014567 1.0878738164901731 0.0016782493330538
2452198.032189041 1.1345162391662595 0.0017009165603667
2452198.1085766116 1.0916577577590942 0.0016800491139292
2452198.1849641697 0.953145146369934 0.001607330981642
2452198.2613517144 0.7265691757202147 0.0014846987323835
2452198.3370448137 0.8001105487346649 0.0015254237223415999
2452198.4127379004 1.0462610721588137 0.0016568067949265
2452198.4891254054 1.1550805568695068 0.0017107946332544
2452198.565512898 1.1540056467056274 0.0017107018502429
2452198.641900377 1.0616542100906372 0.0016650856705382
2452198.718287843 0.8987472057342529 0.0015794584760442
2452198.7946752952 0.9115731120109558 0.0015856494428589
2452198.8710627346 1.0766297578811643 0.0016719033010303
2452198.9467557296 1.132820427417755 0.0017006314010359
2452199.022448712 1.1081771850585935 0.0016875885194167
2452199.0988361123 0.982750415802002 0.0016233095666393
2452199.1752235 0.7373400330543518 0.0014901170507073
2452199.2516108747 0.7592318654060363 0.0015032656956464
2452199.3279982368 1.027024745941162 0.0016461241757497
2452199.4043855863 1.14870023727417 0.0017079779645428
2452199.480772924 1.1634554862976074 0.0017158106202259
2452199.5564658195 1.088476836681366 0.00167757761664685
2452199.632158704 0.910898208618164 0.0015859026461839
2452199.708546008 0.9021840691566468 0.0015804498689249
2452199.784933302 1.0568413734436035 0.0016620690003037
2452199.861320587 1.1311216354370115 0.0017088652821257
2452199.937707864 1.1216095685958862 0.0017178585985675
2452200.014095135 1.0093547105789185 0.0016864546341821
2452200.0904824017 0.7732738852500916 0.0016065108356997
