2451544.4788630703 0.9967953562736512 0.0022242520935833
2451544.5524743954 0.9977293014526368 0.0021961054299026
2451544.6253912696 0.9983297884464264 0.0021735333139076
2451544.6996970302 0.9994049072265624 0.0021576657891273
2451544.773308339 0.9994768500328064 0.002138192532584
2451544.8469196404 0.9999990463256836 0.002123769139871
2451544.9205309357 1.001115083694458 0.0021043356973677
2451544.994142223 1.0009434223175049 0.0020846247207373
2451545.0677535036 1.001935601234436 0.0020701996982097
2451545.141364775 1.0020885467529297 0.0020564319565892
2451545.2149760397 0.9871057868003844 0.0020330201368778
2451545.288587295 1.0012993812561035 0.0020363952498883
2451545.3621985423 1.0021864175796509 0.0020279225427657
2451545.4358097804 1.0024163722991943 0.0020191404037177
2451545.50942101 1.0019818544387815 0.0020153247751295
2451545.5830322304 1.0024467706680296 0.0020148125477135
2451545.656643442 1.002349853515625 0.0020142244175076
2451545.730254644 1.0020792484283447 0.0020140218548476
2451545.8038658365 1.0013728141784668 0.0020142414141446
2451545.8774770196 1.002159595489502 0.0020142758730798
2451545.951088193 1.0016251802444458 0.0020144656300544
2451546.0246993573 0.990087389945984 0.0020097952801734
2451546.098310511 1.0004650354385376 0.002013444667682
2451546.1719216555 1.001426577568054 0.0020140227861702
2451546.244838345 1.000833809375763 0.00201393046882
2451546.317755025 1.0008660554885864 0.002013457706198
2451546.39622725 1.0011962056159973 0.00201386539265505
2451546.4649772434 1.0008177757263184 0.0020140400156378
2451546.5385883376 1.0011876821517944 0.0020144071895629
2451546.6121994215 1.000678539276123 0.0020139100961387
2451546.685810495 1.000877857208252 0.0020137052051723
2451546.7594215586 1.0005792379379272 0.0020142132416367
2451546.8330326113 0.9967243075370787 0.0020106413867324
2451546.9066436538 1.0001176595687866 0.0020137820392847
2451546.9802546855 1.000372052192688 0.0020135403610765
2451547.0538657075 1.0007164478302 0.0020143741276115
2451547.1274767183 1.0006451606750488 0.0020140616688877
2451547.201087719 1.0003587007522583 0.0020148111507296
2451547.2746987087 0.999436378479004 0.002014162717387
2451547.348309688 0.9998438954353333 0.0020139287225902
2451547.421920656 0.9994844794273376 0.0020140348933637
2451547.4955316144 0.999789535999298 0.0020139834377914
2451547.5691425614 0.9995037913322448 0.0020139350090175
2451547.642753497 0.996981680393219 0.0020129692275077
2451547.7163644233 0.9993600249290464 0.002013930818066
2451547.7899753377 1.000233769416809 0.0020147142931818
2451547.863586242 1.0005416870117188 0.0020146197639405
2451547.9371971344 1.0011460781097412 0.0020142141729593
2451548.0101135746 1.0006283521652222 0.0020147755276411503
2451548.0830300036 1.000341296195984 0.0020144581794738
2451548.156640864 1.000500440597534 0.0020150111522525
2451548.230251713 1.001098871231079 0.0020150269847363
2451548.303862552 1.0012956857681274 0.0020154959056526
2451548.377473379 1.0005462169647217 0.0020147019531577
2451548.4510841956 0.9997371435165404 0.0020140218548476
2451548.5246950006 0.9997444152832032 0.0020140970591455
2451548.598305795 1.0008659362792969 0.0020148635376244
2451548.6719165775 1.0014044046401975 0.002015981124714
2451548.7455273494 1.0014164447784424 0.0020153825171291
2451548.8191381097 1.001761555671692 0.0020156202372163
2451548.8927488592 1.0012718439102173 0.0020159056875854
2451548.9663595967 1.0014609098434448 0.0020162232685834
2451549.039970324 1.0014247894287107 0.0020158363040536
2451549.113581039 1.0013315677642822 0.0020162314176559
2451549.1871917434 1.0013139247894287 0.0020155531819909
2451549.2608024357 1.0000613927841189 0.0020145154558122
2451549.3344131163 0.999860107898712 0.0020144886802881
2451549.4080237863 1.0012472867965698 0.0020157305989414
2451549.476773364 1.0026479959487915 0.00201569765340535
2451549.5552450917 1.0021430253982544 0.0020157645922154
2451549.628855726 1.0028443336486816 0.0020162241999059
2451549.70246635 1.002429723739624 0.0020161033608019
2451549.776076962 1.0026376247406004 0.0020157867111265
2451549.8489931226 1.001753568649292 0.00201528333127495
2451549.9219092717 1.0024080276489256 0.0020155652891844
2451549.995519849 1.0032776594161987 0.0020162805449217
2451550.069130414 1.001788854598999 0.0020147399045526
2451550.142740968 1.001189351081848 0.0020151648204773
2451550.216351509 1.003308892250061 0.0020166183821856
2451550.2899620393 1.0025426149368286 0.0020168968476355
2451550.3635725565 1.0034234523773191 0.002016456099227
2451550.4371830625 1.0029999017715454 0.0020158581901341
2451550.510793556 1.003294825553894 0.0020164914894849
2451550.584404038 1.0034701824188232 0.0020167340990155
2451550.658014507 1.0036406517028809 0.0020166183821856
2451550.7316249646 1.0041446685791016 0.0020165534224361
2451550.8052354096 1.004090905189514 0.0020171555224806
2451550.8788458426 1.0034166574478147 0.0020157175604254
2451550.9524562624 1.0019686222076416 0.002015059813857
2451551.02606667 1.0037546157836914 0.0020161550492048
2451551.099677066 1.0035270452499387 0.0020161040592938
2451551.1732874485 1.0037535429000854 0.0020162723958492
2451551.246897819 1.0045219659805296 0.0020167448092252
2451551.320508176 1.0039570331573486 0.0020161366555839
2451551.394118521 1.0038725137710571 0.0020156495738774
2451551.4677288528 1.003609299659729 0.0020157217513769
2451551.541339172 1.002743124961853 0.002015501493588
2451551.614949478 1.0034929513931274 0.0020160153508186
2451551.6878653346 1.0020502805709839 0.002014382276684
2451551.7607811773 0.998953700065613 0.0020117149688303
2451551.8343914445 1.0031766891479492 0.0020150144118815
2451551.9080016976 1.003070831298828 0.0020148104522377
2451551.9816119378 1.002982258796692 0.0020149995107203
2451552.055222164 1.0026147365570068 0.00201495597139
2451552.1288323766 1.0019927024841309 0.0020138774998486
2451552.2024425752 1.0022752285003662 0.0020143650472164
2451552.2760527604 1.0022587776184082 0.0020137529354542
2451552.349662931 1.0020029544830322 0.0020139818079769
2451552.423273088 1.0017352104187012 0.0020134230144321
2451552.4968832303 1.0012414455413818 0.0020124767906963
2451552.5704933577 0.9904909133911132 0.002004493959248
2451552.6489645164 1.001034498214722 0.0020125535083933997
2451552.7177135698 1.000599384307861 0.0020117498934268
2451552.791323654 1.001032471656799 0.0020121401175856
2451552.8649337217 1.0009411573410034 0.0020115335937589
2451552.938543775 1.0001436471939087 0.0020109408069401
2451553.0121538127 1.0005273818969729 0.0020111289341002
2451553.085763835 0.9998499751091005 0.0020101631525903
2451553.159373841 0.9999011754989624 0.0020103135611861
2451553.232983831 0.9993784427642822 0.0020099144894629
2451553.3065938037 0.9996870160102844 0.002009829506278
2451553.3802037607 0.9848791360855104 0.0020039705559611
2451553.453119267 0.9994705617427826 0.00200980727095155
2451553.526034756 0.9992973804473876 0.0020099829416722
2451553.599644661 0.9993137717247008 0.0020096264779567
2451553.6732545486 0.9996201395988464 0.0020095850341022
2451553.746864417 0.9991954565048216 0.0020092364866286
2451553.820474267 0.9989117383956908 0.0020093710627406
2451553.894084098 0.9996247887611388 0.0020091838669031
2451553.967693909 0.99919193983078 0.002008594572544
2451554.0413037003 0.9987005591392516 0.002008237177506
2451554.1149134706 0.9984250068664552 0.0020077330991625
2451554.1885232204 0.9849208593368528 0.0020021521486341
2451554.262132948 0.9984635710716248 0.0020075705833733
2451554.3357426533 0.9991613030433656 0.0020081875845789
2451554.409352335 0.9987331032752992 0.0020065754652023
2451554.482961994 0.9991804957389832 0.0020073344931006
2451554.5565716275 0.9999687075614928 0.0020070371683686
2451554.630181236 0.9988940954208374 0.0020068706944584
2451554.703790818 0.9990049600601196 0.0020067465957254
2451554.777400373 0.9993917346000672 0.0020063943229615
2451554.8510098998 0.9992907047271729 0.0020064720883965
2451554.9246193976 0.9998095631599424 0.002007158473134
2451554.9982288647 0.9851991534233092 0.0019988038111478
2451555.0718383016 1.0003352165222168 0.0020063121337443
2451555.1454477063 1.0001248121261597 0.0020056748762726
2451555.219057079 1.0002615451812744 0.0020055437926203
2451555.292666419 0.9995503425598145 0.0020054928027093
2451555.3655813006 1.0004732608795166 0.0020054059568792
2451555.438496152 1.000165581703186 0.0020054848864674
2451555.5114109763 1.0005934834480283 0.00200572679750615
2451557.878027954 0.9986495673656464 0.00223661458585405
2451557.9398323447 0.9980961680412292 0.0022143828682601
2451558.0134420632 0.9988898038864136 0.002192571060732
2451558.0870517753 0.9997920393943786 0.002163368044421
2451558.1606614813 1.0001676082611084 0.0021343436092138
2451558.2342711804 0.9859318137168884 0.0021120137535035
2451558.3078808724 1.0005940198898315 0.0021107657812535
2451558.3814905575 1.001259207725525 0.0020942364353686
2451558.4551002346 1.001369833946228 0.0020775364246219
2451558.5287099043 1.0020959377288818 0.0020681251771748
2451558.6023195656 1.001725673675537 0.0020612827502191
2451558.6759292195 1.0022809505462646 0.0020574247464537
2451558.749538865 1.001599669456482 0.0020504561252892
2451558.823148502 1.0025280714035034 0.0020458272192627
2451558.8967581303 1.0020854473114011 0.0020435501355677
2451558.97036775 1.0022263526916504 0.0020425321999937
2451559.0432829307 0.9879356324672698 0.002033062162809
2451559.116198103 1.0023670196533203 0.0020390178542584
2451559.1898076963 1.0024547576904297 0.0020385608077049
2451559.2634172807 1.0024909973144531 0.0020376443862915
2451559.3370268554 1.002934813499451 0.0020359712652862
2451559.4106364218 1.001934051513672 0.0020339277107268
2451559.484245978 1.00201153755188 0.0020320366602391
2451559.557855525 1.0021517276763916 0.0020294357091188
2451559.631465063 1.0028731822967527 0.0020281712058931
2451559.7050745906 1.0017765760421753 0.0020256559364497
2451559.7786841094 1.001956820487976 0.0020231986418366
2451559.8522936185 0.9922635555267332 0.0020167760085314
2451559.930069693 1.002537727355957 0.0020204517059028
2451560.0002070363 1.0024017691612244 0.00201900396496055
2451560.073122087 1.0018151998519895 0.0020166304893791
2451560.1467315564 1.0022118091583252 0.0020158772822469
2451560.2203410165 1.001920700073242 0.0020145992748439
2451560.2939504664 1.0015233755111694 0.0020127720199525
2451560.3675599066 1.001126408576965 0.0020121729467064
2451560.4411693364 1.0012054443359375 0.0020113452337682
2451560.5147787565 1.0017131567001345 0.002011235570535
2451560.5883881664 1.001583218574524 0.0020103470887988
2451560.661997566 0.9976388812065125 0.0020072746556252
2451560.7356069554 1.00105082988739 0.0020092877093702
2451560.8092163345 1.0013060569763184 0.0020097238011658
2451560.8821312757 1.0015514492988586 0.0020090711768716
2451560.9550462067 1.001014232635498 0.0020085733849555
2451561.028655556 1.0008310079574585 0.002008348936215
2451561.102264894 1.0013903379440308 0.0020078183151781
2451561.175874222 1.000696301460266 0.0020072956103831
2451561.2494835397 1.0009138584136963 0.0020076313521713
2451561.323092847 1.0012744665145874 0.0020074455533176
2451561.396702144 1.0007606744766235 0.0020072020124644
2451561.4703114303 0.9992635846138 0.0020058953668922
2451561.5439207056 0.9993950724601744 0.0020060504321008
2451561.617529971 1.000351071357727 0.0020064921118319
2451561.6911392254 1.0005085468292236 0.002006952650845
2451561.76474847 0.9999508261680604 0.0020069754682481
2451561.838357703 1.0001243352890017 0.0020064946729689
2451561.9119669255 1.0001704692840576 0.0020065698772668
2451561.985576138 0.9998610615730285 0.0020067689474672
2451562.059185339 1.0004322528839111 0.0020072099287062
2451562.1327945297 0.9993297457695008 0.0020065712742507
2451562.2064037095 0.9996737241744996 0.0020069042220711
2451562.2800128786 0.9980034828186036 0.0020053007174283
2451562.3536220365 0.9998247623443604 0.002005448564887
2451562.427231184 0.9999969601631165 0.0020061780232936
2451562.5008403203 0.9996587634086608 0.0020064604468643
2451562.574449446 0.99969345331192 0.0020065798889845
2451562.64805856 0.9999064207077024 0.0020059684757143
2451562.7209732383 1.0002464652061462 0.00200635497458275
2451562.7938879053 0.9997642040252684 0.0020060329698026
2451562.8674969873 0.9999442100524902 0.0020067295990884
2451562.9411060573 0.9997930526733398 0.002005968010053
2451563.0098541416 1.0003049969673157 0.00200696731917555
2451563.088324165 0.9994699358940125 0.0020067302975803
2451563.1619332014 0.9996303915977478 0.0020065796561539
2451563.2355422275 1.0008575916290283 0.0020071831531822
2451563.3091512416 1.0004825592041016 0.0020069074817001
2451563.3827602444 1.0007526874542236 0.0020067885052412
2451563.4570636605 1.0007460713386536 0.00200763344764705
2451563.529978216 1.0005369186401367 0.0020067470613867
2451563.6035871846 1.0005356073379517 0.0020073994528502
2451563.677196142 1.0007801055908203 0.0020073365885764
2451563.7508050874 1.0012351274490356 0.002007462317124
2451563.8244140213 1.0009251832962036 0.0020078606903553
2451563.898022943 0.9998989105224608 0.0020074984058737
2451563.971631854 0.9986172318458556 0.0020066078286617
2451564.0452407524 1.0011334419250488 0.0020078618545085
2451564.118849639 1.0013164281845093 0.0020084192510694
2451564.192458514 1.0010576248168943 0.0020076930522918
2451564.266067377 1.0010995864868164 0.0020080134272575
2451564.339676228 1.0010679960250854 0.002008635085076
2451564.4132850664 1.0014905929565427 0.0020083193667232
2451564.486893893 1.000812530517578 0.0020081088878214
2451564.5605027075 1.0019373893737793 0.0020085307769477
2451564.6334170867 1.000885844230652 0.0020078300731255997
2451564.7063314538 1.0006923675537107 0.0020071323961019
2451564.7799402317 1.0000784397125244 0.002006615512073
2451564.853548996 1.001104712486267 0.0020079943351447
2451564.9271577485 1.0009300708770752 0.0020081421826034
2451565.0007664873 1.0017123222351074 0.0020071787294
2451565.074375214 1.0015666484832764 0.0020077682565897
2451565.1479839273 1.000827074050903 0.0020072006154805
2451565.2215926275 1.00189471244812 0.0020076502114534
2451565.295201315 1.001894474029541 0.0020071954932063
2451565.3688099887 1.001432180404663 0.0020074723288416
2451565.44241865 1.0014014244079588 0.0020083428826183
2451565.5160272964 1.0008422136306765 0.0020072332117706
2451565.58963593 0.9968316555023192 0.0020044588018208
2451565.663244549 1.0018168687820437 0.0020073223859071
2451565.7368531553 1.0012019872665403 0.0020071810577064
2451565.810461746 1.0019831657409668 0.0020076052751392
2451565.884070324 1.0017683506011963 0.0020073275081813
2451565.957678886 1.0016788244247437 0.0020073952618986
2451566.0312874345 1.0021737813949585 0.0020075957290828
2451566.1048959675 1.0017178058624268 0.0020063167903572
2451566.183365425 1.002370297908783 0.0020079986425116
2451566.2521129884 1.0021158456802368 0.0020069754682481
2451566.3257214758 1.0020828247070312 0.0020075778011232
2451566.399329948 0.9913573861122132 0.0019993432797491
2451566.472243984 1.0020554065704346 0.00200711633078745
2451566.545158005 1.0022461414337158 0.0020073300693184
2451566.618766428 1.0018121004104614 0.002006891882047
2451566.6923748343 1.0016455650329588 0.0020064471755176
2451566.7659832234 1.0016989707946775 0.0020065843127667
2451566.839591596 1.0013916492462158 0.0020064276177436
2451566.913199949 1.0013089179992676 0.0020061766263097
2451566.986808285 1.001031517982483 0.0020062183029949
2451567.0604166016 1.0014785528182983 0.002006467198953
2451567.1340249 1.0003623962402344 0.0020055326167494
2451567.2076331777 0.988915205001831 0.001998716732487
2451567.281241435 1.00104022026062 0.0020054276101291
2451567.354849673 1.0005923509597778 0.002005313988775
2451567.4284578883 1.0010251998901367 0.0020056338980793
2451567.502066083 1.0013483762741089 0.0020054886117577
2451567.5756742535 1.000673532485962 0.0020049705635756
2451567.649282402 1.000224232673645 0.002004187554121
2451567.7228905256 1.000962495803833 0.0020048164296895
2451567.7964986246 1.0001667737960815 0.002003506058827
2451567.8701066975 1.0005587339401243 0.0020038434304296
2451567.9437147444 1.0003652572631836 0.0020033195614814
2451568.0173227633 0.9880928993225097 0.0019974194001406
2451568.090930754 1.0001269578933716 0.002002889290452
2451568.1652331296 1.0007988214492798 0.0020029306178912
2451568.2381466464 0.9999094009399414 0.0020034667104482
2451568.3117545475 1.0006179809570312 0.0020023700781166
2451568.3846680033 0.9995915889739988 0.0020027020946144503
2451568.450637295 1.0015698671340942 0.0020030857995152
2452255.897106373 1.0042433738708496 0.0041996766813099
2452255.969793938 1.0035206079483032 0.0040929117240011
2452256.0434074644 1.0042595863342283 0.0040177321061491
2452256.1169052483 1.003103792667389 0.0039782091043889
2452256.1904030335 0.9909480214118956 0.0039468868635594
2452256.2640165626 1.0035237073898315 0.0039703762158751
2452256.337630091 1.003140211105347 0.0039695324376225
2452256.4111278714 1.0030835270881653 0.003969699377194
2452256.484625649 1.0034737586975095 0.0039694844745099
2452256.558123423 1.0030678510665894 0.0039691491983830495
2452256.6316211917 1.0039935111999512 0.0039688260294497
2452256.7051189556 1.0033108592033386 0.00396833475679155
2452256.778616714 1.0037825107574463 0.003968481440097
2452256.8522302103 1.0037950277328491 0.0039687706157565
2452256.9258437003 1.003543734550476 0.003967912402004
2452256.9993414395 0.995670884847641 0.00394417322240765
2452257.0728391707 1.0031087398529053 0.0039664874784648
2452257.1464526397 1.0030617713928225 0.0039670718833804
2452257.220066101 1.0034635066986084 0.0039672008715569
2452257.293621682 1.00290447473526 0.0039652797859162005
2452257.367177255 1.0023670196533203 0.003965507261455
2452257.4407906923 1.0022096633911133 0.0039653773419559
2452257.5143462485 1.001421272754669 0.00396470795385535
2452257.5879017967 1.0014387369155884 0.0039642923511564
2452257.6615152084 1.001204252243042 0.0039635356515645
2452257.7351286113 1.000106692314148 0.0039623589254915
2452257.8086262606 0.9943663477897644 0.00394563563168045
2452257.8821239015 0.9982852935791016 0.0039601842872798
2452257.955737277 0.999189019203186 0.0039606932550668
2452258.0293506435 0.9989341497421264 0.0039598094299435
2452258.102848257 0.9986812472343444 0.003958650631830049
2452258.1763458606 0.998629093170166 0.0039582261815667
2452258.249843455 0.9990910291671753 0.00395881151780485
2452258.32334104 0.998294711112976 0.0039567649364471
2452258.3968386156 0.9993686974048615 0.0039580238517373
2452258.4703361816 0.998978078365326 0.0039573516696691
2452258.543949482 0.9992477893829343 0.0039566517807543
2452258.6175627727 0.99365895986557 0.0039479983970522
2452258.6910603093 0.9976321756839752 0.0039532273076474
2452258.7647893247 1.000086545944214 0.0039549241773784
2452258.8381710974 1.0002459287643433 0.003954826388508
2452258.911784349 1.0002351999282837 0.0039539909921586
2452258.985339719 1.0008389353752136 0.0039544033352285
2452259.058895078 1.0009191036224363 0.0039532608352601
2452259.1325082993 1.0005947351455688 0.0039525553584098
2452259.206121511 0.9999372959136964 0.0039511658251285
2452259.27967684 1.0004494190216064 0.003951042657718
2452259.3532321593 0.9999362826347352 0.0039500920102
2452259.4268453405 0.997352123260498 0.0039455066435039
2452259.500458511 0.9984673857688906 0.003946600947529
2452259.5739559275 0.9998244941234589 0.00394910410977895
2452259.647453334 1.000101089477539 0.0039491089992225
2452259.7210664735 0.9998545050621032 0.0039480924606323
2452259.7946796035 0.9996861815452576 0.0039477488026022
2452259.868176979 0.9993967711925507 0.0039469869807362
2452259.941674344 0.9997733235359194 0.0039470824413001
2452260.0151716988 0.999674379825592 0.0039468077011406005
2452260.0886690426 0.9990794658660888 0.00394591037184
2452260.1621663766 0.9992089569568634 0.0039464053697884
2452260.2356636995 0.997320771217346 0.0039422269910573
2452260.3092767564 0.9965145587921144 0.0039412286132574
2452260.382889802 0.9989920258522031 0.0039460184052586
2452260.4563870938 0.9990156888961792 0.0039459543768316
2452260.5298843747 0.998351275920868 0.0039444016292691
2452260.603497389 0.9986692667007446 0.0039443238638341
2452260.677110392 0.998553454875946 0.0039445227012038
2452260.750665513 0.9986406862735748 0.0039439764805138
2452260.824220623 0.9990368485450744 0.0039435438811779
2452260.8978335937 0.9988467693328856 0.0039437399245798
2452260.971446554 0.99945467710495 0.0039440714754164
2452261.050267967 0.9967759847640992 0.0039399289526045
2452261.1185566983 0.9959211945533752 0.0039387252181768
2452261.1921696262 0.9990314841270448 0.0039433338679373
2452261.265666799 0.9998425245285034 0.0039440190885215495
2452261.3391639614 0.9992123246192932 0.003943134099245
2452261.412776856 0.9993526339530944 0.003943474497646
2452261.48638974 0.9992973208427428 0.0039434493519365
2452261.5598868686 0.9998041987419127 0.0039438989479094
2452261.6333839865 0.9990022778511048 0.003943407908082
2452261.7068810933 0.9997375011444093 0.003944159252569
2452261.7803781894 0.9988635778427124 0.0039434232749044
2452261.8538752734 0.9984759390354156 0.00394196412526065
2452261.9273723466 0.9941653609275818 0.0039322236552834
2452262.0009851516 0.9992064833641052 0.0039442251436412
2452262.074597946 0.9994263648986816 0.0039451248012483
2452262.1480949847 0.9999430477619171 0.0039458323735743
2452262.221592013 1.0003987550735471 0.0039469045586884
2452262.2952047726 0.9996181726455688 0.0039455643855035
2452262.368817521 0.999741733074188 0.0039448724128305
2452262.4423723854 0.9998264908790588 0.00394596788100895
2452262.515927239 1.0003550052642822 0.0039465697482228
2452262.589539952 1.000471830368042 0.0039468351751565
2452262.6631526533 0.9993739128112794 0.0039453050121665
2452262.7367074713 0.9918733835220338 0.00392634049057955
2452262.810262278 0.9997517466545106 0.0039472915232181
2452262.8838749435 1.000072360038757 0.0039479038678109
2452262.9574875976 0.999867796897888 0.0039482470601797
2452263.0309844967 0.9998396635055541 0.00394794833846385
2452263.104481383 1.0000234842300415 0.0039485730230808
2452263.1780940015 0.9997565150260924 0.0039495383389294
2452263.251706607 0.9996806979179382 0.0039493585936725
2452263.325203457 0.999422788619995 0.00394946360029275
2452263.398700295 0.9995386004447936 0.0039499844424426
2452263.4721971205 0.9993404746055603 0.003950140206143199
2452263.545693934 0.9879617094993592 0.0039247069507837
2452263.619190734 0.998645544052124 0.0039508275222033
2452263.692687522 0.9984598755836488 0.0039515914395451
2452263.76630004 0.9982503652572634 0.0039520636200904
2452263.8399125454 0.9982638359069824 0.0039523327723145
2452263.9134092946 0.9983771741390228 0.003952759783714951
2452263.986906031 0.9983860850334167 0.0039536440744996
2452264.060518497 0.997530460357666 0.0039535053074359
2452264.13413095 0.9985224604606628 0.0039551258087158
2452264.207685518 0.9984363913536072 0.00395461777225135
2452264.281240073 0.9988021254539488 0.0039556408300995
2452264.3548524855 0.9860937595367432 0.0039331587031483
2452264.4284648835 0.9996362924575805 0.0039571397937834
2452264.502019397 1.0003949403762817 0.0039585873018949495
2452264.575573897 1.0008904933929443 0.0039589931257069
2452264.649186253 1.0015176534652708 0.0039601433090865
2452264.722798595 1.0018833875656128 0.0039603328332304
2452264.7962951805 1.0024203658103943 0.0039609011728316
2452264.869791751 1.0025943517684937 0.0039611347019672
2452264.943404049 1.003440022468567 0.0039624399505555
2452265.017016332 1.0039297342300415 0.003963585011661
2452265.0905128573 1.0036363005638123 0.00396460504271085
2452265.1640093676 0.991402268409729 0.0039392411708831
2452265.237505861 1.0040675401687622 0.00396578642539675
2452265.3110023397 1.0043439865112305 0.0039668139070272
2452265.384498801 1.0041093826293945 0.00396780716255305
2452265.457995247 1.003687024116516 0.0039686034433543
2452265.5316074174 1.0033917427062988 0.0039694546721875
2452265.6052195714 1.0029500722885132 0.0039700544439256
2452265.6787159652 1.0021150708198547 0.0039696358144283
2452265.7522123414 1.0022836923599243 0.0039713019505143
2452265.8258244414 1.0014842748641968 0.0039711776189506
2452265.899436523 1.0011472702026367 0.0039711818099021
2452265.972990714 0.9876105487346649 0.0039473886135965
2452266.0465448853 1.0003780126571655 0.003972906153649
2452266.0993233183 1.0012513399124143 0.003973816987127
2452266.3771043643 0.99722820520401 0.003966205520555349
2452266.4144890388 0.9991209506988524 0.003951221704483
2452266.4881009497 0.9992583990097044 0.0039563570171594
2452266.561597094 1.0004553198814392 0.003962781978771
2452266.635093213 1.0015240907669067 0.0039668558165431
2452266.7087050476 1.0011104345321655 0.0039696577005088
2452266.782316854 0.98849356174469 0.0039470391348004
2452266.8558128905 1.002232253551483 0.00397413433529435
2452266.9293088964 1.0016653537750244 0.0039749420247972
2452267.002804871 1.0011366605758667 0.0039756440091878
2452267.0763008143 0.9993821382522584 0.0039763296954333
2452267.13411374 0.9980855584144592 0.0039781462401151
2452272.028602918 0.9929215610027312 0.00398371228948235
2452272.078198203 0.996145725250244 0.0039826165884733
2452272.1518098647 1.000592827796936 0.003982441034168
2452272.225305775 1.003379225730896 0.00398266338743265
2452272.298801675 1.0061147212982176 0.0039814831689
2452272.3722975655 1.008974552154541 0.0039810214657336005
2452272.4457934448 1.0062367916107176 0.003973800688982
2452272.5192893147 1.0113248825073242 0.0039772058371454
2452272.592785174 1.014899730682373 0.0039785150438547
2452272.666396764 1.0159029960632324 0.0039788060821592
2452272.740008344 1.016323447227478 0.0039784628897905
2452272.8135041716 1.0161174535751343 0.00397792924195525
2452272.8869999894 1.0158334970474243 0.0039778994396328
2452272.9606115376 1.0149482488632202 0.0039767450653016
2452273.034223075 1.01469624042511 0.003976983949542
2452273.107776732 1.0140042901039124 0.0039762875530868005
2452273.181330378 1.0130001306533811 0.0039755664765834
2452273.2549418835 1.0083221197128296 0.0039703245274722
2452273.328553379 1.007810354232788 0.0039715832099318
2452273.402106993 1.0092418193817139 0.003972709644585799
2452273.475660596 1.0073710680007937 0.003972390666604
2452273.5492720595 1.0063576698303225 0.0039718877524137
2452273.6228835117 1.0057413578033447 0.0039720339700579
2452273.6963792117 1.0042908787727356 0.003971068188548
2452273.769874901 1.0034140348434448 0.0039709252305328
2452273.843254838 1.0023391246795654 0.0039694746956229
2452273.9170977296 1.0021953582763672 0.0039692898280918
2452273.9905933863 1.0010207295417786 0.003967955475673
2452274.064089032 0.9985899329185484 0.0039637009613215
2452274.1375846667 0.9974117577075958 0.0039617316797375506
2452274.21108029 0.9996935129165648 0.0039658294990658
2452274.2895527706 1.0004485845565796 0.003966755233705
2452274.358071504 1.0006942749023435 0.0039668790996074
2452274.431682836 1.000051498413086 0.0039667761884629
2452274.505294156 0.9998990297317504 0.0039661764167249
2452274.578789724 0.9996941685676575 0.0039652329869568
2452274.6522852806 0.9996448159217832 0.003965594805777
2452274.725896567 1.0000879764556885 0.003965507261455
2452274.799507842 0.9992164969444276 0.0039648567326366
2452274.8730612355 0.9974720180034637 0.00396150397136805
2452274.9466146175 0.9952359199523924 0.0039571616798639
2452275.0202258583 0.9994934797286988 0.0039638318121433
2452275.0938370875 0.9995259046554564 0.0039635384455323
2452275.167390435 0.9995895624160767 0.0039629624225199
2452275.240943771 0.9996441602706908 0.0039631840772926
2452275.3145549656 0.9988252520561216 0.0039622099138796
2452275.3881661487 0.9993441700935364 0.0039627817459404
2452275.461661579 0.9994874000549316 0.0039617822039872
2452275.5351569974 0.998399555683136 0.0039608562365174
2452275.608768145 0.9984018206596376 0.0039606085047125
2452275.6823792807 0.9977598190307616 0.0039603146724402
2452275.7558746636 0.9932542741298676 0.003944925032556
2452275.829370035 0.9979713559150698 0.0039600837044417
2452275.902865394 0.9979948401451111 0.0039597442373633
2452275.976360741 0.9973087310791016 0.0039594583213329
2452276.049856076 0.9972420334815978 0.00395882339216765
2452276.1233513984 0.99741393327713 0.0039592161774635
2452276.1969624497 0.9965770244598388 0.0039582950994372
2452276.2705734884 0.9971673488616944 0.0039587500505149
2452276.344068774 0.996219426393509 0.0039578152354806505
2452276.4175640475 0.9962717294692992 0.0039583607576787
2452276.491175048 0.995704710483551 0.0039569186046719
2452276.5647860365 0.987766981124878 0.0039327670820057
2452276.6383391423 0.9962605535984039 0.0039571109227836
2452276.7118922346 0.9960364699363708 0.0039571551606059
2452276.7855031844 0.9957063794136048 0.0039559113793075
2452276.8591141216 0.9967986345291135 0.003956533037126
2452276.9326671753 0.9965904355049132 0.0039564054459333
2452277.0062202155 0.9971067905426024 0.0039557041600346
2452277.0798311126 0.9972748756408693 0.0039552352391183
2452277.1534419963 0.9978066086769104 0.0039551309309899
2452277.226937126 0.9980930387973785 0.0039549444336444
2452277.300432242 0.9975826144218444 0.0039540715515613
2452277.374043084 0.9844957590103148 0.0039291400462388
2452277.447653913 0.9985803365707396 0.0039538112469017
2452277.521264727 0.9986517429351808 0.0039530098438262
2452277.5947597874 0.9986563622951508 0.0039530154317617
2452277.6682548327 0.9987056851387026 0.0039535360410809
2452277.741749863 0.9987011849880219 0.00395342684350905
2452277.8152448796 0.998526394367218 0.0039529660716652
2452277.8887398806 0.9988766014575956 0.003952774219214901
2452277.962234867 0.9987345933914183 0.003952591214329
2452278.0358455773 0.999083697795868 0.0039527704939246
2452278.109456272 0.9987981319427488 0.0039517949335277
2452278.182951211 0.9849905669689178 0.0039280236233025
2452278.256446134 0.9993937015533448 0.0039524352177977
2452278.3300567805 1.0001137256622314 0.0039522848092019
2452278.40366741 1.00031840801239 0.0039526899345219
2452278.4772201525 1.0009679794311523 0.00395256862975655
2452278.550772878 1.0007863044738767 0.0039512813091278
2452278.624383455 1.0013422966003416 0.0039519388228654
2452278.697994014 1.0015605688095093 0.0039521930739283
2452278.771546685 1.0022354125976562 0.0039519749116152005
2452278.8450993365 1.0033683776855469 0.0039523532614111
2452278.918709838 1.0039824247360227 0.003952017519623
2452278.9923203196 0.992571711540222 0.0039297598414123
2452279.065815041 1.0050451755523682 0.0039523143786936495
2452279.139541221 1.0044965744018557 0.0039524096064269
2452279.212920159 1.00470232963562 0.0039524598978459
2452279.2865305543 1.004955530166626 0.0039526941254734
2452279.360025186 1.0041016936302185 0.00395257747732095
2452279.433519793 1.0043927431106567 0.0039530945941805
2452279.507014375 1.0036009550094604 0.00395391019992525
2452279.580508931 1.0029337406158447 0.0039539076387882
2452279.654003459 1.0029630064964294 0.003954957937821701
2452279.727497959 1.0011408329010008 0.0039552045054733
2452279.8011081675 0.9878934025764464 0.003932970110327
2452279.8747183452 0.9989576935768129 0.0039570038206875
2452279.9482127507 0.9975062608718872 0.0039581037126480995
