2451517.404036993 0.9944911003112794 0.0007673483924008
2451517.476259609 0.9912977814674376 0.000682566256728
2451517.5498711397 1.002540946006775 0.0006416895776055
2451517.623482681 1.0036251544952393 0.0006163516663946
2451517.697094229 1.0035637617111206 0.0006003216840326
2451517.7707057786 1.0033522844314575 0.0005863303667865
2451517.844317327 1.0026962757110596 0.000574929639697
2451517.9172344236 1.0031442642211914 0.00056868867250155
2451517.9915404115 1.0029687881469729 0.0005649115191772
2451518.0651519443 1.0023046731948853 0.0005618731956928
2451518.138763469 1.0015724897384644 0.0005582395242527
2451518.2123749848 1.0009586811065672 0.0005552928196266
2451518.2859864905 1.0000686645507812 0.0005538592231459
2451518.359597986 0.9992620944976808 0.0005522575229406
2451518.433209471 0.9983545541763305 0.0005501625710166
2451518.506820944 0.9978772401809692 0.0005493155913427
2451518.580432406 0.9983043670654298 0.0005490751354955
2451518.6540438565 0.9989530444145202 0.0005492068012245
2451518.7276552944 0.9995403289794922 0.0005492946365848
2451518.8012667196 0.9999876618385316 0.0005493531934916
2451518.874878133 1.0000034570693968 0.0005494696670211
2451518.9484895337 1.0007151365280151 0.0005495304940268
2451519.0221009217 1.0005691051483154 0.0005495092482306
2451519.096406744 0.9986239969730375 0.00054952775826675
2451519.1707125534 0.9998630881309508 0.0005494966753758
2451519.244323903 1.000410079956055 0.0005494618089869
2451519.3179352405 0.9995524883270264 0.0005493575008586
2451519.3915465646 0.9991531372070312 0.0005492582567967
2451519.465157876 0.9990331530570986 0.000549170654267
2451519.538769174 0.9984442591667176 0.000549052725546
2451519.6123804594 0.9921604990959167 0.0005473410710692
2451519.6859917324 0.98434317111969 0.0005456171347759
2451519.7596029923 0.990186870098114 0.0005468085291795
2451519.833214239 0.9987096190452576 0.000549032294657
2451519.9061310273 0.9991146624088286 0.0005491448682732501
2451519.9804366943 0.9999947547912597 0.000549258897081
2451520.0540479026 1.0003714561462402 0.0005494332290254
2451520.127659098 1.0007530450820925 0.0005495136720128
2451520.2012702804 1.0010290145874023 0.000549552263692
2451520.27488145 1.0008430480957031 0.0005494868964888
2451520.348492607 1.000566005706787 0.0005494373035617
2451520.422103751 0.9999816417694092 0.0005492622149176
2451520.4908537706 0.9995281994342805 0.00054906625882715
2451520.5693260003 0.999263882637024 0.0005489253671839
2451520.642937106 0.9983984231948853 0.0005487442249432
2451520.7165481993 0.9981845021247864 0.0005485722795128
2451520.790853723 0.9985522031784058 0.0005487060407176
2451520.8651592345 0.999206304550171 0.0005489172763191
2451520.9387702886 0.9993537664413452 0.0005489601171575
2451521.01238133 0.9998989105224608 0.0005490856710821
2451521.0859923586 1.0003658533096311 0.0005492040654644
2451521.1596033745 1.0008924007415771 0.0005493412027135
2451521.233214378 1.0010099411010742 0.0005493002245202
2451521.306825368 1.001441478729248 0.0005493582575581
2451521.380436346 1.0009036064147947 0.000549221469555
2451521.454047311 1.000588297843933 0.0005491692572832
2451521.527658263 1.000500202178955 0.0005491070332936
2451521.601269203 1.0002031326293943 0.0005490034236572
2451521.6748801298 0.9996795654296876 0.0005488619208335
2451521.748491044 0.9992600679397584 0.0005488293827511
2451521.822101946 0.9986937046051024 0.0005484961438924
2451521.895712835 0.984891653060913 0.0005453569465316
2451521.969323711 0.9864302277565 0.0005457000224851
2451522.042934574 0.9990683794021606 0.0005486572044901
2451522.1165454253 0.9994728565216064 0.0005487008020281
2451522.1901562633 1.0006661415100095 0.0005489051109179
2451522.2637670883 1.0010521411895752 0.0005490749608725
2451522.337377901 1.001500964164734 0.000549187476281
2451522.410988701 1.0020208358764648 0.0005492340424098
2451522.4845994883 1.0015931129455566 0.0005491566262207
2451522.5589047037 1.0012568235397339 0.0005490410258061501
2451522.6332099065 1.0008492469787595 0.0005489221075549
2451522.706820655 1.0000085830688477 0.0005487722810357
2451522.7811258323 0.9992931187152863 0.00054861558601255
2451522.8540421147 0.9992005228996276 0.0005485141882672
2451522.9276528256 0.9986866116523744 0.0005483205313794
2451523.0012635235 0.998836636543274 0.0005483354325406
2451523.0748742083 0.9996697902679444 0.000548527110368
2451523.1484848806 1.0003451108932495 0.0005486787995323
2451523.2220955403 1.00067138671875 0.0005486934678629
2451523.295706187 1.0008171796798706 0.0005487700691446
2451523.3693168205 1.001136302947998 0.0005488175665959
2451523.4429274416 1.0018272399902344 0.0005488943425007
2451523.5165380496 1.0019296407699585 0.0005489341565407
2451523.5901486445 1.0019910335540771 0.0005489425384439
2451523.668620303 1.002225637435913 0.00054880985408085
2451523.7373697963 1.0019408464431765 0.0005487142479978
2451523.810980353 1.0014808177947998 0.0005485838046297
2451523.884590897 1.0009363889694212 0.0005484290304593
2451523.9582014275 1.0005125999450684 0.0005482789711095
2451524.031811945 1.0001101493835447 0.0005482223350554
2451524.1054224498 0.9864702820777892 0.0005450927419587
2451524.179032941 0.9863930344581604 0.0005450793541967
2451524.253337858 0.9999647438526151 0.0005482536798807999
2451524.327642761 1.000638127326965 0.000548368319869
2451524.401253213 1.0013304948806765 0.0005485166911967
2451524.474863652 1.0019993782043457 0.0005486449808813
2451524.5484740776 1.002694010734558 0.0005488052847795
2451524.62208449 1.0029189586639404 0.0005488879978656
2451524.695694889 1.0029762983322144 0.000548819778487
2451524.769305275 1.0028557777404783 0.0005487426533363
2451524.842915647 1.0023912191390991 0.0005486095906235
2451524.916526006 1.0016297101974487 0.0005484584253281
2451524.990136352 1.000977635383606 0.0005482893320731
2451525.063746684 1.000299096107483 0.0005481130210682
2451525.137357003 0.9996355772018432 0.000547963369172
2451525.210967308 0.9996734261512756 0.0005479673855006
2451525.2845775993 1.0004448890686035 0.0005481535336002
2451525.358187877 1.0010114908218384 0.0005482119740918
2451525.431798141 1.0014511346817017 0.0005483344430103
2451525.5054083914 1.0018122196197508 0.0005483500426635
2451525.5790186278 1.0023181438446045 0.0005484106368385
2451525.65262885 1.0021638870239256 0.0005484314169734
2451525.7262390587 1.002319574356079 0.0005484100547619
2451525.799849253 1.0027086734771729 0.0005484797875396
2451525.8734594337 1.0023610591888428 0.0005483754212036
2451525.9477640353 1.0022879242897034 0.0005483444256241499
2451526.022068622 1.0022794008255005 0.0005483466666191
2451526.0956787597 1.001675009727478 0.0005482003907673
2451526.169288883 1.0010771751403809 0.0005480186664499
2451526.2428989913 1.000567078590393 0.0005479347310028
2451526.316509085 0.9878990650177002 0.0005449153832159
2451526.390119164 0.9865824580192564 0.0005445384886115
2451526.463729228 1.000500202178955 0.0005477685481309
2451526.5373392776 1.0010840892791748 0.0005478911916725
2451526.6109493114 1.0017108917236328 0.0005480471299961
2451526.684559331 1.0019928216934204 0.000548159587197
2451526.753308297 1.002796471118927 0.0005483212298713
2451526.8317793226 1.0033804178237915 0.0005483645945787
2451526.9053892954 1.0033050775527954 0.0005483221611939
2451526.978999253 1.0029915571212769 0.0005483212298713
2451527.052609194 1.0025746822357176 0.0005481765256263
2451527.1262191194 1.001981496810913 0.0005480584804899
2451527.199829029 1.0009211301803589 0.0005478440434671
2451527.2734389217 1.0005217790603635 0.0005477357190102
2451527.3470487976 0.9994957447052002 0.0005474879872053
2451527.4206586573 0.999267578125 0.000547447707504
2451527.4942685 0.9999664425849912 0.0005475726211443
2451527.567878325 1.0005152225494385 0.0005476371734403
2451527.6421825653 1.000916838645935 0.00054780117352485
2451527.716486787 1.001135230064392 0.0005478122038766
2451527.790096559 1.0012677907943723 0.0005478585371747
2451527.8637063126 1.0014336109161377 0.0005479281535372
2451527.937316048 1.001542568206787 0.0005479281535372
2451528.010925764 1.0014100074768066 0.0005479185492731
2451528.084535462 1.0008745193481443 0.0005478264647535
2451528.1581451395 1.0006495714187622 0.0005476882215589
2451528.2317547975 1.00025475025177 0.0005476263468153
2451528.3053644355 1.0001628398895264 0.000547565112356
2451528.3789740526 0.9996715784072878 0.0005474585923366
2451528.4525836487 0.9991018176078796 0.0005472904304042
2451528.5261932234 0.9881868362426756 0.0005447253352031
2451528.5998027762 0.9848360419273376 0.0005438554799184
2451528.6734123067 0.9952091574668884 0.0005463738343678
2451528.7470218143 0.9991042613983152 0.0005472301272675
2451528.8206312987 0.9993342757225036 0.0005473082419484
2451528.8942407602 1.0000669956207275 0.000547504518181
2451528.9678501976 1.0005881786346436 0.0005476717487908
2451529.0379874697 1.0013333559036255 0.0005477773956954
2451535.027446972 1.0023531913757324 0.0005300019984133
2451535.0830011237 1.002535343170166 0.0005310116102918
2451535.156610364 1.0028132200241089 0.0005333954468369
2451535.230219592 0.9899612069129946 0.0005330859567038
2451535.303828808 0.9888973832130432 0.0005344140809029
2451535.377438011 1.0012633800506592 0.000539316853974
2451535.4510472026 1.0013837814331057 0.0005405413685366
2451535.524656381 1.0019018650054932 0.0005417797365225
2451535.5982655473 1.0022765398025513 0.000542746274732
2451535.6711802753 1.002746343612671 0.00054355274187395
2451535.745483843 1.0029453039169312 0.000544182898011
2451535.8190929727 1.0025008916854858 0.0005446303403005
2451535.89270209 1.0020703077316284 0.0005449691670946
2451535.966311195 1.0013346672058103 0.0005450947210192
2451536.0406147125 1.0004200935363767 0.00054520490812135
2451536.1149182175 1.0003275871276855 0.0005454316269606
2451536.188527285 0.999711275100708 0.0005456334911286
2451536.26213634 0.9987542629241944 0.0005453894264064
2451536.335745383 0.998291790485382 0.0005453027551993
2451536.409354413 0.9990991353988647 0.0005458336090669
2451536.4829634316 0.9991920590400698 0.0005458479863591
2451536.5614334084 0.9996766746044159 0.00054632141836915
2451536.63018143 1.0006631612777708 0.0005466541042551
2451536.70379041 1.0013506412506104 0.0005468783783726
2451536.777399378 1.0016549825668335 0.0005469848983921
2451536.8510083333 1.0018712282180786 0.0005470575997605
2451536.9246172765 1.0018537044525146 0.0005470651667565
2451536.9982262067 1.0011688470840454 0.0005470445612445
2451537.0718351244 1.0009039640426636 0.0005469197640195
2451537.1454440295 1.0009033679962158 0.0005468148738145
2451537.219052922 1.000313401222229 0.0005467659211717
2451537.292661802 1.000219702720642 0.0005466586444526
2451537.366270669 1.00001323223114 0.0005466032889671
2451537.439879523 0.9878444075584412 0.0005436619394458
2451537.513488365 0.9862045645713806 0.0005431403405964
2451537.5870971936 0.9990546107292176 0.0005462160916067
2451537.6614004327 1.000390648841858 0.0005466411530505001
2451537.7357036583 1.0008339881896973 0.0005466878064908
2451537.8093124484 1.0016367435455322 0.0005467650480568
2451537.8829212254 1.0024282932281494 0.0005470000905916
2451537.9565299894 1.0033645629882812 0.0005471459007821
2451538.030138741 1.003045678138733 0.0005471229669637
2451538.1037474787 1.0026158094406128 0.0005469577736221
2451538.1773562036 1.0022600889205933 0.000546829891391
2451538.2509649154 1.0014336109161377 0.0005466770962812
2451538.3245736137 1.000861406326294 0.0005464614368975
2451538.398182299 1.0008554458618164 0.0005463743000291
2451538.471790971 0.9999296665191648 0.0005460892571136
2451538.545399629 0.9999226331710817 0.000545990129467
2451538.6190082743 1.000781774520874 0.0005461060791276
2451538.6926169056 1.0007585287094116 0.000546132272575
2451538.766225524 1.0010108947753906 0.0005461857072077
2451538.8398341276 1.0014386177062988 0.0005462621920742
2451538.913442719 1.00176203250885 0.0005463597481139
2451538.9870512956 1.0019543170928955 0.0005462120752781
2451539.0606598584 1.002086162567139 0.0005462547414936
2451539.1342684072 1.0021579265594482 0.0005461643449962
2451539.2078769417 1.0023568868637085 0.0005462025292217
2451539.2814854626 1.002025485038757 0.0005461672553792
2451539.3557883883 1.0017277598381042 0.00054609225480815
2451539.4300913 1.0014973878860471 0.0005459471722133
2451539.503699777 1.0011360645294187 0.0005459038657136
2451539.57730824 1.000411033630371 0.0005456070066429
2451539.646055753 0.9994511306285858 0.00054538151016455
2451539.7245251206 0.9866374135017396 0.0005423569818958
2451539.7981335386 0.990411341190338 0.000543188129086
2451539.8717419417 1.0009757280349731 0.0005456886719912
2451539.9453503294 1.0013271570205688 0.0005457992083393
2451540.0189587013 1.0019360780715942 0.0005458890809677
2451540.0925670583 1.0027928352355957 0.0005460841348394
2451540.166175399 1.0034977197647097 0.0005462627741508
2451540.2397837243 1.0039795637130735 0.0005463029374368
2451540.313392033 1.003883719444275 0.0005463060806505
2451540.3870003256 1.0034767389297483 0.0005461199325509
2451540.4606086016 1.0028095245361328 0.0005459305248223
2451540.5342168603 1.0024044513702393 0.0005458236555568
2451540.6078251023 1.001717209815979 0.0005456135841086
2451540.681433327 1.001160740852356 0.0005453194025903
2451540.7550415345 1.000731348991394 0.0005451562465168
2451540.828649724 1.0012406110763548 0.0005452070618048
2451540.902257895 1.002086162567139 0.000545403745491
2451540.976560464 1.0025352239608765 0.0005455211794469
2451541.050863014 1.0027222633361816 0.0005454264464788
2451541.1244711285 1.0031198263168335 0.0005455003702081
2451541.1980792233 1.0031312704086304 0.0005453735939227
2451541.271687298 1.0034480094909668 0.000545427086763
2451541.345295353 1.0034054517745972 0.0005454001948237
2451541.4189033867 1.003598928451538 0.0005453122430481
2451541.4925113996 1.0033339262008667 0.0005451549077406
2451541.5661193905 1.0028332471847534 0.0005450782482512
2451541.6397273596 1.0026031732559204 0.0005448688752949
2451541.713335306 1.002178192138672 0.0005446437862701
2451541.7869432294 1.0016379356384275 0.0005445000133477
2451541.86055113 1.0011883974075315 0.0005444790003821
2451541.9341590074 0.988618791103363 0.0005414546467363
2451541.9883232797 0.9900475144386292 0.0005413141334429
2452229.0769676804 1.0003728866577148 0.0005516756791621
2452229.1325252927 1.000390887260437 0.0005410883459262
2452229.2061391375 1.0010038614273071 0.0005319488118402
2452229.2797529898 1.0014500617980957 0.0005302132340148
2452229.3533668444 1.0019093751907349 0.0005302762729115
2452229.4269806994 1.0022259950637815 0.0005303096259012
2452229.5005945535 1.0021536350250244 0.0005302709760144
2452229.5749028744 1.0022028088569641 0.0005302942299749
2452229.64921119 1.001652717590332 0.0005301916389726
2452229.72282503 1.0013270378112793 0.0005300435004755
2452229.7964388626 1.00103497505188 0.0005299699841998
2452229.870052688 1.0005550384521484 0.0005298616015352
2452229.943666505 1.0000663995742796 0.0005297165480442
2452230.017280313 0.9902669191360473 0.0005273439455777
2452230.090894113 0.9857683777809144 0.000526466872543
2452230.1652023722 0.994923621416092 0.00052855029935015
2452230.238121683 1.0000301599502563 0.000529694603756
2452230.311735453 1.0002988576889038 0.0005297976313158
2452230.3853492127 1.0011502504348757 0.0005299606127664
2452230.458962962 1.001725435256958 0.0005301312194205
2452230.5325767007 1.0025324821472168 0.0005302989738993
2452230.606190429 1.0026618242263792 0.0005303782527334
2452230.679804146 1.0025802850723269 0.0005303777870722
2452230.753417852 1.002071499824524 0.0005302488571032
2452230.8270315467 1.0014458894729614 0.0005301487399265
2452230.900645231 1.000919222831726 0.0005300038028508
2452230.9742589034 1.000422477722168 0.0005298762116581
2452231.0478725643 0.9993536472320556 0.0005296753370203
2452231.1214862145 0.999270498752594 0.0005296332528814
2452231.195099853 0.9998006224632264 0.0005296993767842
2452231.26871348 1.0001002550125122 0.0005298124160617
2452231.3430215637 1.0003682374954224 0.0005299164331518
2452231.417329636 1.0010316371917725 0.0005300432094372
2452231.490943228 1.0014352798461914 0.000530086341314
2452231.5645568087 1.0019876956939695 0.0005302799982018
2452231.6381703783 1.0021460056304932 0.000530268123839
2452231.7117839353 1.002113938331604 0.0005303088692016
2452231.7853974816 1.001984477043152 0.0005302376812323
2452231.8590110154 1.0018479824066162 0.000530214572791
2452231.9326245384 1.0015525817871092 0.000530177145265
2452232.0062380494 1.0009975433349607 0.0005300546763464
2452232.079851548 1.0005040168762207 0.0005299243493936
2452232.153465036 1.0001482963562012 0.0005298571195453
2452232.227078512 0.9991705417633056 0.000529624405317
2452232.3006919757 0.9857840538024902 0.0005265859654173
2452232.3743054285 0.9869065880775452 0.0005269011599011
2452232.447918869 0.9996145367622375 0.0005297693423926
2452232.5215322976 1.0002840757369995 0.0005299057811498
2452232.595145715 1.0008202791213987 0.0005300398916006
2452232.66875912 1.0015089511871336 0.0005301980418153
2452232.7423725133 1.0020191669464111 0.0005302987992763
2452232.815985895 1.0023795366287231 0.0005304255173541
2452232.8895992655 1.00230872631073 0.0005304067162796
2452232.9632126233 1.0020071268081665 0.0005302947829477
2452233.0368259693 1.001567244529724 0.0005302055506035
2452233.111133769 1.000948131084442 0.0005301038909236999
2452233.185441557 1.0004340410232544 0.0005299780750647
2452233.2590548676 0.999768018722534 0.0005298788892105
2452233.3326681657 0.9992163181304932 0.0005297164316289
2452233.4062814526 0.9995294213294984 0.0005297820898704
2452233.479894728 1.0002607107162476 0.0005299932672642
2452233.55350799 1.0003819465637207 0.0005299891345202
2452233.6271212418 1.0007538795471191 0.0005300767370499
2452233.7007344807 1.0010994672775269 0.0005301621276885
2452233.7743477076 1.0013988018035889 0.0005302517092786
2452233.847960923 1.0017793178558347 0.0005302723729982
2452233.9215741265 1.0018162727355957 0.0005303442012518
2452233.9951873175 1.0019197463989256 0.0005303578800521
2452234.068800497 1.0017125606536863 0.0005303185316734
2452234.142413664 1.0014325380325315 0.0005302118952386
2452234.2160268193 1.001031517982483 0.0005301477503962
2452234.2896399624 1.0007565021514893 0.0005300427437759
2452234.363253094 1.000465989112854 0.000529954675585
2452234.4368662126 0.9998862147331236 0.0005298690521158
2452234.51047932 0.9864307045936584 0.0005267995293252
2452234.584092415 0.9866427183151244 0.0005268109962344
2452234.657705497 1.0000208616256712 0.0005299036274664
2452234.731318568 1.0003268718719482 0.0005299792974255
2452234.809792865 1.0006609559059143 0.00053012702846895
2452234.8785446724 1.0012708902359009 0.0005302733625285
2452234.952852169 1.0014657974243164 0.0005303728103171501
2452235.0271596527 1.002020239830017 0.0005304825026541
2452235.100772662 1.002155303955078 0.0005305421655066
2452235.174385659 1.0019264221191406 0.0005304673686623
2452235.247998643 1.0013710260391235 0.0005303626530803
2452235.321611616 1.0007480382919312 0.0005302050267346
2452235.395224576 1.0002351999282837 0.0005301044438965
2452235.468837523 0.9998397827148436 0.0005300061893649
2452235.5424504583 0.999063491821289 0.0005298563628457
2452235.616063381 0.999266982078552 0.000529860262759
2452235.689676291 1.0001074075698853 0.0005300783668644
2452235.7632891885 1.0003546476364136 0.0005301461205817
2452235.836902073 1.0007787942886353 0.0005303252255544
2452235.9105149456 1.0012357234954832 0.0005303899524733
2452235.9841278056 1.0012917518615725 0.0005304272053763
2452236.0577406525 1.0014809370040891 0.0005304559599608
2452236.1313534873 1.0017011165618896 0.0005304816295392
2452236.204966309 1.00161075592041 0.0005304783117026
2452236.2785791177 1.0013955831527708 0.0005304532242007
2452236.352191914 1.0011342763900757 0.0005304152728058
2452236.425804697 1.0010552406311035 0.0005303579382598
2452236.499417467 1.0008864402770996 0.0005302922218106
2452236.5730302245 1.0003423690795898 0.0005301618366502
2452236.6466429685 0.9999229907989502 0.0005301247583702
2452236.7209501592 0.9867549836635587 0.00052714062621815
2452236.795257337 0.986235737800598 0.0005269782268442
2452236.8688700413 0.9994000792503358 0.0005300424527376
2452236.9424827327 1.000056505203247 0.000530160323251
2452237.016095411 1.0005824565887451 0.0005302759818732
2452237.0897080754 1.0011175870895384 0.00053040595958
2452237.1633207267 1.0019638538360596 0.0005306185339577
2452237.2369333645 1.0022083520889282 0.0005306930979713
2452237.3105459884 1.002447247505188 0.0005307372193783
2452237.384158599 1.0021876096725464 0.0005306805251166
2452237.457771196 1.001589298248291 0.0005305494414642
2452237.531383779 1.0009984970092771 0.0005304359365254
2452237.6049963483 1.0004676580429075 0.0005302946665324
2452237.6786089037 0.9998054504394532 0.0005301854107528
2452237.752221444 0.9990460276603698 0.0005299923941493
2452237.8258339716 0.9990082383155824 0.0005299861077219
2452237.899446484 0.9998887777328492 0.0005302150384522
2452237.9730589823 1.0004419088363647 0.0005303744110278
2452238.0466714664 1.0006865262985227 0.0005304325022734
2452238.120283936 1.0010470151901243 0.0005305354134179
2452238.1938963905 1.001439332962036 0.0005306160310283
2452238.2675088304 1.0016158819198608 0.0005307013634592
2452238.3411212554 1.0018631219863892 0.0005307398969307
2452238.414733665 1.001457452774048 0.0005307246465235
2452238.4890405163 1.0014083981513977 0.0005306618986651
2452238.5633473517 1.001154541969299 0.0005305936792865
2452238.6369597153 1.0008465051651 0.0005305557278916
2452238.7105720635 1.0005040168762207 0.0005305038648657
2452238.784184395 1.0001637935638428 0.000530446995981
2452238.857796711 1.0000001192092896 0.0005303852958604
2452238.931409011 0.9884973168373108 0.0005276843439787
2452239.005021294 0.9858197569847108 0.0005272114067338
2452239.078633561 0.9983841180801392 0.0005299825570546
2452239.1522458107 0.9999635219573976 0.0005304574151523
2452239.225858043 1.000561475753784 0.0005306212115101
2452239.2994702584 1.001148343086243 0.0005307755200192
2452239.373082456 1.0015597343444824 0.0005309511325322
2452239.4466946353 1.0022765398025513 0.0005310461274348
2452239.520306797 1.0025149583816528 0.000531114579644
2452239.5939189396 1.0020755529403689 0.0005310152191668
2452239.667531064 1.001544952392578 0.0005309213302098
2452239.7411431684 1.0008318424224851 0.0005307337269186
2452239.814755253 1.0002248287200928 0.0005306321545504
2452239.8883673176 0.9995678067207336 0.0005305224913172
2452239.9619793617 0.9988059401512146 0.0005304155056364
2452240.0355913844 0.9986159801483152 0.0005304476944729
2452240.109203386 0.9992880821228028 0.0005306142265908
2452240.182815365 0.9996433854103088 0.0005307595711201
2452240.2571217734 1.000131607055664 0.0005309118714649
2452240.3314281586 1.0004676580429075 0.0005310697597451
2452240.405040066 1.0009355545043943 0.0005312276189215
2452240.4786519497 1.001017928123474 0.0005313075962476
2452240.5522638075 1.0012115240097044 0.0005314167356118
2452240.6258756383 1.0009844303131104 0.0005315161542966
2452240.699487442 1.0010030269622805 0.00053157703951
2452240.773099218 1.0006394386291504 0.0005316068418323
2452240.846710965 0.9998515248298644 0.0005315884482115
2452240.897405831 0.9998335242271421 0.00053160876268515
2452242.4279756676 0.999624103307724 0.0005541000282390999
2452242.4675595826 0.9991254210472108 0.0005463862325996
2452242.5411717817 0.9999505877494812 0.000536493724212
2452242.614783987 1.000560641288757 0.0005332400905899
2452242.688396195 1.001076102256775 0.0005329258856363
2452242.7620084025 1.001427173614502 0.0005327082471922
2452242.835620609 1.001465082168579 0.0005325333331711
2452242.909232812 1.0017427206039429 0.0005323124933056
2452242.9828450107 1.0017176866531372 0.000532169942744
2452243.056457203 1.0012863874435425 0.0005319368792697
2452243.1300693885 1.001134753227234 0.0005317684845067
2452243.2036815668 1.0005335807800293 0.0005315089365467
2452243.2772937366 1.000129461288452 0.0005313263391144
2452243.3509058976 0.999360144138336 0.000531107885763
2452243.4245180497 0.9860383868217468 0.0005280078621581
2452243.4981301925 0.9867651462554932 0.0005281036137603
2452243.5717423246 0.9998955130577089 0.0005310658016242
2452243.645354447 1.0003204345703125 0.0005311316926963
2452243.7196610123 1.0010681748390196 0.0005312945286277499
2452243.7939675674 1.0019625425338743 0.0005314190639182
2452243.8675796576 1.0025269985198977 0.0005315421149134
2452243.9411917366 1.0029518604278564 0.0005316213937476
2452244.0148038045 1.0028811693191528 0.0005315882735885
2452244.0884158616 1.00251042842865 0.0005314715090207
2452244.1620279066 1.0019872188568115 0.0005313275032676
2452244.235639941 1.0010304450988767 0.0005311166169121
2452244.3092519636 1.0004117488861084 0.0005309178959578
2452244.382863974 0.9997055530548096 0.0005307897808961
2452244.4564759736 0.9990573525428772 0.0005305990343913
2452244.5300879613 0.999065101146698 0.000530581921339
2452244.6036999365 1.000029444694519 0.0005307949613779
2452244.677311901 1.0000993013381958 0.000530834775418
2452244.7509238534 1.0005873441696167 0.0005309605039656
2452244.824535793 1.0009503364562988 0.0005310045089572
2452244.898147722 1.0014337301254272 0.0005311345448717
2452244.9717596387 1.0014243125915527 0.0005311691202223
2452245.0453715427 1.002038836479187 0.0005313013098202
2452245.1189834354 1.0018106698989868 0.000531236291863
2452245.192595316 1.001565933227539 0.0005312120192684
2452245.2662071846 1.0012154579162595 0.0005311674904078
2452245.3398190415 1.0012708902359009 0.0005311148124746
2452245.413430886 1.000744104385376 0.0005310177220962
2452245.4877371695 1.0003260970115662 0.00053091236623
2452245.5620434415 0.9996328949928284 0.0005307617248035
2452245.6356552495 0.9863201975822448 0.0005277130403555
2452245.709267046 0.985917329788208 0.0005276146694086
2452245.78287883 0.9993569850921632 0.0005307378014549
2452245.8564906013 0.9999799132347108 0.0005308410618454
2452245.9301023614 1.00066339969635 0.0005310390843078
2452246.003714109 1.00170636177063 0.0005312165012583
2452246.0773258447 1.0022826194763184 0.0005312880966812
2452246.1509375684 1.0024316310882568 0.0005313420551829
2452246.224549279 1.0027552843093872 0.0005314501468092
2452246.2981609786 1.0025893449783323 0.0005313993315212
2452246.3717726655 1.001837134361267 0.0005312173161655
2452246.44538434 1.001124143600464 0.0005310523556545
2452246.5189960026 1.0006496906280515 0.0005309434491209
2452246.5926076532 1.0002518892288208 0.0005307468236424
2452246.6662192913 0.999366581439972 0.0005304520018398
2452246.739830917 0.9995608925819396 0.000530322548002
2452246.813442531 0.9999852776527404 0.0005305571248754
2452246.8870541323 1.000239372253418 0.0005306497332639
2452246.960665722 1.0006244182586668 0.0005307759856805
2452247.034277299 1.0012006759643557 0.000530729885213
2452247.1078888634 1.0013657808303833 0.0005308524123392
2452247.1821948644 1.0016735196113586 0.0005310154519975
2452247.255806404 1.0018617510795593 0.000530927471118
2452247.3287234837 1.001875400543213 0.0005307158571667
2452247.4023349993 1.0018904209136963 0.0005308339023031
2452247.4773353986 1.0014692544937132 0.0005305250524543
2452247.5509468894 1.0012240409851074 0.0005307293613441
2452247.623169472 1.000838279724121 0.000530760968104
2452247.698169833 1.000266909599304 0.0005306339589878
2452247.7717812867 1.0001440048217771 0.0005306066595949
2452247.8467816226 0.9876099228858948 0.0005278412136249
2452247.9190041563 0.9861149787902832 0.0005274326540529
2452247.991921125 0.9989377558231355 0.00053022583597335
2452248.0703936587 0.9998801946640016 0.0005309011903591
2452248.1398383672 1.0001606941223145 0.0005309606203809
2452248.213449746 1.0010803937911987 0.000531182391569
2452248.2870611115 1.0017453432083128 0.0005313471192494
2452248.3606724655 1.0023068189620972 0.0005314436275511
2452248.4342838065 1.0022162199020384 0.0005314733716659
2452248.5078951344 1.0020844936370847 0.0005314471782185
2452248.5815064507 1.0016764402389526 0.0005313245928846
2452248.655117754 1.000870704650879 0.0005311762797646
2452248.7287290436 1.0005085468292236 0.0005310974665917
2452248.8023403217 1.000056505203247 0.0005309853586368
2452248.8759515868 0.9991379976272584 0.0005307568935677
2452248.9502572846 0.9990640878677368 0.00053072653827255
2452249.0245629693 0.9995239973068236 0.0005308222607709
2452249.0981741957 0.9998698830604552 0.0005308726103976
2452249.171785409 1.0002933740615845 0.000530973135028
2452249.24539661 1.0005378723144531 0.0005310325068421
2452249.319007797 1.0008774995803833 0.0005311040440574
2452249.392618972 1.001289129257202 0.0005312158027663
2452249.4662301335 1.0014598369598389 0.0005312007851898
2452249.539841282 1.0015019178390503 0.0005312042776495
2452249.613452418 1.0013025999069212 0.0005311327986419
2452249.6870635403 1.0011370182037351 0.0005310815176926
2452249.760674649 1.0010144710540771 0.0005310309934429
2452249.8342857454 1.000622510910034 0.000530969526153
2452249.907896828 1.0002472400665283 0.0005308493273332
2452249.981507897 0.9999988675117492 0.0005307727842591
2452250.0551189533 0.9936254024505616 0.0005294214352034
2452250.1287299953 0.9859533905982972 0.0005275520379655
2452250.2023410248 0.9898852109909057 0.0005284850485622
2452250.27595204 0.9999125599861144 0.0005307230749167
2452250.3495630417 1.0003982782363892 0.0005308426334522
2452250.4238684736 1.0011687278747559 0.0005309794796630001
2452250.4967850046 1.001611828804016 0.0005310660344548
2452250.570395965 1.0023043155670166 0.000531174999196
2452250.6447013547 1.0028060674667358 0.00053135151392775
2452250.7190067302 1.002964973449707 0.0005312712746672
2452250.7926176484 1.0026136636734009 0.0005311700515449
2452250.866228553 1.0019766092300415 0.0005310776177793
2452250.9398394427 1.0012307167053225 0.0005309483967721
2452251.013450319 1.00061297416687 0.0005307645187713
2452251.0870611803 1.0000714063644407 0.0005305871018208
2452251.160672027 0.9997203350067138 0.0005304957740008
2452251.2342828596 1.0002243518829343 0.0005306145758368
2452251.307893677 1.0007439851760864 0.0005307037499733
2452251.38150448 1.0011247396469116 0.0005307674291543
2452251.455115268 1.0014408826828003 0.0005308403633534
2452251.528726041 1.0019178390502927 0.0005308839608915
2452251.602336798 1.0019360780715942 0.0005308440886437
2452251.6759475404 1.0021278858184814 0.0005308725521899
2452251.7495582676 1.0025348663330078 0.0005308974650688
2452251.823168978 1.0024442672729492 0.0005307898391038
2452251.8967796736 1.0020058155059814 0.0005307325045578
2452251.9703903534 1.001975655555725 0.0005306446691974
2452252.0440010163 1.0015040636062622 0.0005304965889081
2452252.1176116634 1.0006917715072632 0.0005303565994836
2452252.1912222933 1.0003530979156494 0.0005303849466145
2452252.2641384676 0.9999711215496062 0.0005303057550918
2452252.3391379435 0.9866898655891418 0.00052725494606415
2452252.413442962 0.9877185821533204 0.0005274201976135
2452252.487053524 1.0001404285430908 0.0005301281344145
2452252.560664068 1.0007503032684326 0.0005301694618538
2452252.6342745936 1.0014152526855469 0.0005303080542944
2452252.707885101 1.001815676689148 0.0005303886719048
2452252.7814955898 1.0018985271453855 0.0005304658552631
2452252.85510606 1.0023545026779177 0.0005304930382408
2452252.9287165105 1.0021860599517822 0.0005305140512064
2452253.0030213785 1.0016492605209353 0.0005304573278408
2452253.075937351 1.0010792016983032 0.0005302244680933
2452253.1495477413 1.0004167556762695 0.000530166842509
2452253.2231581095 1.000038504600525 0.0005300444900058
2452253.2967684567 0.999389350414276 0.0005297950119711
2452253.369684344 0.9984666109085083 0.0005297072057146
2452253.446072393 0.998285710811615 0.00052980444161215
2452253.5182937975 0.9991995394229888 0.0005299819167703
2452253.592598487 0.9995484948158264 0.0005300975171849
2452253.6648198436 0.9998576641082764 0.0005302259814925
2452253.738430047 1.000079035758972 0.0005302614881657
2452253.812734659 1.0003936886787415 0.0005303717625792499
2452253.8870392432 1.000494599342346 0.0005303871585056
2452253.959260494 1.0003435611724851 0.000530558580067
2452254.0328705856 1.0002801418304443 0.0005305112572386
