2451468.3140245634 0.9970138669013976 0.0034785498864948
2451468.3952770596 0.973587304353714 0.0034664631821214502
2451468.466807026 0.9874364137649536 0.0034739628899842
2451468.542503778 1.002880334854126 0.0034816176630556002
2451468.618200521 1.0026298761367796 0.0034802863374352
2451468.6945917206 1.0022523403167725 0.0034807745832949
2451468.770288445 1.003171145915985 0.0034801024012267
2451468.8459851607 1.0029975175857544 0.003480001585558
2451468.921681868 1.0021638870239256 0.0034811605000867997
2451468.9980730303 1.0026113390922546 0.0034812188241630003
2451469.073769719 1.0018351078033447 0.0034808265045285
2451469.1501608635 1.001129150390625 0.0034795328974723
2451469.225857534 1.001847267150879 0.0034807777265086
2451469.3015541956 1.0025515556335447 0.003480493556708
2451469.3779453123 1.00168240070343 0.0034806560724973
2451469.4536419557 1.0019301176071167 0.00348102953284975
2451469.5293385903 1.0017348527908323 0.0034816444385796
2451469.60572968 1.0027447938919067 0.0034820539876818
2451469.681426296 1.0017017126083374 0.003481377963908
2451469.757122903 1.0017536878585815 0.0034816060215234
2451469.8335139654 1.0021486282348633 0.0034833601675927
2451469.909210555 1.0013825893402097 0.00348172103986135
2451469.9849071344 1.001539707183838 0.003481343621388
2451470.061298169 1.0009050369262695 0.0034815219696611
2451470.1369947316 1.0004165768623352 0.0034814841346815003
2451470.212691284 1.0017818212509155 0.0034810991492122
2451470.289082291 1.001471996307373 0.0034811841323971
2451470.3647788255 1.0019226670265198 0.0034809022909029997
2451470.440475351 1.00164794921875 0.0034815615508705
2451470.516866331 1.001616358757019 0.0034811741206794
2451470.5925628375 1.0015402436256409 0.00348074419889595
2451470.6682593357 0.999951958656311 0.0034799170680344
2451470.744650288 1.0007585287094116 0.003480079350993
2451470.820346767 1.0006060004234314 0.0034794812090694497
2451470.8960432378 1.001379370689392 0.0034805512987077
2451470.9724341617 1.0003349781036377 0.0034792176447808
2451471.0481306138 1.0003778338432312 0.0034785417374223002
2451471.1238270565 0.9997205138206482 0.0034796029794961
2451471.2002179525 0.9993681907653807 0.003479833016172
2451471.2759143766 0.99933722615242 0.003480018582195
2451471.3516107914 0.9999994635581968 0.0034794718958437
2451471.4280016595 1.0007444620132446 0.0034798705019056
2451471.4974478944 1.001177668571472 0.0034785789903253
2451471.57869998 0.9996825754642487 0.00347822264302515
2451471.655090819 0.9974581897258759 0.00347650679759675
2451471.731481649 0.9975107610225677 0.0034776345128193003
2451471.8078724695 1.0004579424858093 0.0034783963346853497
2451471.883568818 0.9997241497039796 0.0034779964480549
2451471.9592651576 1.0004456043243408 0.00347785244230175
2451472.035655949 0.9996557235717776 0.0034775377716869003
2451472.109963346 1.0000468492507937 0.003479178296402
2451472.1870485796 1.0004751682281494 0.00347728747874495
2451472.2627448803 1.0004642009735107 0.0034793529193848
2451472.339135633 1.0010590553283691 0.0034786544274538
2451472.414831914 1.0004635453224182 0.0034799691056832003
2451472.4905281854 1.000983953475952 0.0034794507082551
2451472.566918908 1.001133918762207 0.0034790656063705
2451472.64261516 1.0014201402664185 0.003479084232822
2451472.718311402 1.0007498264312744 0.0034788062330335
2451472.7947020945 1.0005465745925903 0.0034787736367434
2451472.8703983165 1.0002925992012024 0.0034787012264131997
2451472.9460945283 1.0017580986022947 0.0034791815560311
2451473.02248519 1.0016262531280515 0.0034793466329574
2451473.098181382 1.0007295608520508 0.00347843975760035
2451473.173877563 1.0008676052093504 0.0034795445390045
2451473.250268194 1.0013052225112915 0.0034797110129147
2451473.3259643544 1.0013561248779297 0.0034793316153809
2451473.4016605043 1.0010108947753906 0.00347919203341
2451473.4780511037 1.0008260011672971 0.0034789582714438
2451473.5537472325 1.0010197162628174 0.00347881193738425
2451473.6294433507 1.0011608600616455 0.0034803559537976
2451473.7058339175 1.0011419057846067 0.0034795410465449
2451473.7815300142 1.0007839798927307 0.00347848783712825
2451473.8572261 1.00059175491333 0.0034793750382959
2451473.933616634 1.0008927583694458 0.0034789557103067
2451474.009312697 0.9995852708816528 0.003478258033283
2451474.0850087497 1.000253200531006 0.0034803943708539
2451474.1613992495 1.0005875825881958 0.0034792870283126
2451474.2370952787 1.000204026699066 0.00348012836184345
2451474.3127912967 1.000217080116272 0.0034791375510394
2451474.389181762 1.0005220174789429 0.0034803035669028
2451474.4648777563 1.000438928604126 0.00347871065605425
2451474.540573739 1.0005781650543213 0.0034783144947141
2451474.612102959 1.0000945329666138 0.00347715034149585
2451474.692660126 1.00056791305542 0.0034767220495268
2451474.768356072 0.9997954368591307 0.0034779261332005
2451474.844746463 0.9973816871643064 0.0034773845691233
2451474.9204423837 0.9725351631641388 0.00346530904062085
2451474.9961382914 0.9769293665885924 0.0034678196534514
2451475.071834186 0.999548465013504 0.0034789956407621
2451475.148224525 0.9998391568660736 0.00347945268731555
2451475.223920393 1.0008214712142944 0.0034790760837495
2451475.3003107044 1.0003999471664429 0.0034778118133544
2451475.3760065446 1.0002458095550537 0.0034797360422089
2451475.451702371 0.9994670152664183 0.0034788257908076
2451475.5280926395 1.0003587007522583 0.00347850471735
2451475.6037884364 1.0006461143493652 0.00347968924324955
2451475.6794842184 0.999997615814209 0.0034800940193235
2451475.7558744415 1.0010197162628172 0.0034804502502083
2451475.8315701922 1.0006791353225708 0.00348036491777745
2451475.9072659276 1.0005475282669067 0.0034811259247362
2451475.9836561023 1.0012565851211548 0.0034803843591362
2451476.0593518047 1.0012365579605103 0.00348173954989755
2451476.13504749 1.0011875629425049 0.0034828984644263
2451476.2114376132 1.0008708238601685 0.0034828570205718
2451476.2871332634 1.00051748752594 0.00348207342904055
2451476.3628288954 1.0007057189941406 0.0034817601554095
2451476.4392189644 1.0010696649551392 0.0034835815895348
2451476.514914559 1.000471293926239 0.00348475167993455
2451476.590610136 1.0009421110153198 0.0034843648318201
2451476.6670001484 1.0005708932876587 0.0034847920760512
2451476.7426956883 1.0011271834373474 0.0034846113994717503
2451476.818391209 0.9994062185287476 0.0034865541383624
2451476.894781168 1.0009280443191528 0.0034856556449085
2451476.9704766576 0.9999204576015472 0.00349127477966245
2451477.0163106173 1.0005846619606018 0.0035415212623775
2451478.1329960795 0.9975561201572418 0.0037654127227142
2451478.1850805483 0.9930934309959412 0.0036551891826093
2451478.261471117 0.9944800138473512 0.0035729953087866
2451478.337167238 0.997486263513565 0.0035324167693033502
2451478.4121689065 0.9982915222644804 0.0035022688098251
2451478.4899484185 0.9981364011764526 0.00348274072166525
2451478.562866712 0.9996086359024048 0.003478820901364
2451478.640646224 0.9996507763862608 0.0034785014577209
2451478.7170368126 1.0000492334365845 0.0034783445298671
2451478.7927329373 1.000377118587494 0.0034789305645971996
2451478.8684290564 0.9998529553413392 0.0034785636235028
2451478.9448196287 1.0003955364227295 0.0034790514037013
2451479.0205157343 1.0011106133460999 0.003478457336314
2451479.0962118325 1.0007814168930051 0.0034785710740834
2451479.172602382 1.0013911724090576 0.0034789673518389
2451479.248298464 1.0015885829925537 0.0034793819067999
2451479.323994537 1.0007448196411133 0.0034788802731782
2451479.4003850603 1.0020872354507446 0.0034781410358846
2451479.476081115 1.0016610026359558 0.00347908982075745
2451479.551777161 1.001665711402893 0.0034797715488821
2451479.6281676563 1.0015124082565308 0.0034789170604199
2451479.703863683 1.00184828042984 0.0034793460508808
2451479.7795597003 1.0026880502700803 0.0034793303348124
2451479.855950167 1.001808762550354 0.0034801610745489
2451479.9316461645 1.0015310049057007 0.00347811530809845
2451480.0073421528 1.0024113655090332 0.003479381557554
2451480.08373259 1.0010294914245603 0.0034779913257807
2451480.159428559 1.001381754875183 0.0034778234548866003
2451480.2351245177 1.0019173622131348 0.0034785498864948
2451480.311514925 1.002039670944214 0.0034783347509801
2451480.3872108646 1.002277910709381 0.0034787183394655004
2451480.462906794 1.001876711845398 0.0034788178745657
2451480.5392971723 1.00217866897583 0.0034778681583702
2451480.6149930824 1.001752257347107 0.0034789341734721996
2451480.6906889826 1.001997470855713 0.0034780285786837
2451480.7670793314 1.001200795173645 0.0034779193811118
2451480.842775212 1.001893699169159 0.0034783787559717
2451480.9184710835 1.0009442567825315 0.0034774728119373
2451480.9948614025 1.0021759271621704 0.0034788546618074
2451481.0705572544 1.0015696287155151 0.00347806478384875
2451481.1462530964 1.001046657562256 0.0034781163558363
2451481.222643386 1.0016520023345947 0.0034783619921654
2451481.3032004084 1.0004178285598757 0.0034773400984704
2451481.374035022 1.000081181526184 0.0034775219392031
2451481.4504252826 0.9776126146316528 0.0034666839055716
2451481.5261210767 0.9732998311519624 0.00346492254175245
2451481.601816861 0.9991356134414672 0.0034776790998876
2451481.6782070925 1.000662088394165 0.0034778912086039
2451481.7539028577 1.0002962350845337 0.0034769155317916998
2451481.8295986135 1.00098979473114 0.0034770767670124
2451481.9059888157 1.0001903772354124 0.0034778150729835
2451481.9816845525 1.0007446408271787 0.0034765551099553496
2451482.0573802795 1.0006566047668457 0.0034783163573592
2451482.133770453 1.0004847049713137 0.0034771366044878
2451482.209466161 1.0010530352592468 0.0034779332345351
2451482.2851618594 1.0013520717620847 0.0034767570905387
2451482.361552004 1.001320719718933 0.0034775778185576
2451482.4372476833 1.0013985633850095 0.0034772170474752
2451482.5129433535 1.0024579763412476 0.0034779524430632
2451482.589333469 1.0022162199020384 0.0034782942384481
2451482.66502912 1.0020167231559753 0.00347858725581315
2451482.7407247615 1.0012975931167605 0.0034773701336234
2451482.8171148486 1.0022162199020384 0.0034782076254487
2451482.8928104714 1.0012355446815493 0.0034766474273055003
2451482.968506084 1.001592755317688 0.0034778681583702
2451483.0448961426 1.0014055967330933 0.0034770236816257
2451483.1205917364 1.0014102458953857 0.0034788985503837
2451483.196287321 1.0014384984970093 0.0034773140214383
2451483.2726773503 1.0014991760253906 0.0034777908585965
2451483.3483729158 1.001994013786316 0.00347863440401845
2451483.424068472 1.0015209913253784 0.0034770360216498
2451483.5004584724 1.0024268627166748 0.0034766234457492
2451483.5768484636 1.001957893371582 0.0034765175078064
2451483.652543991 1.0013128519058228 0.00347792881075285
2451483.728239509 1.0010645389556885 0.003476551733911
2451483.8046294707 1.0016028881072998 0.0034767920151352
2451483.8803249695 1.0009856224060059 0.00347635254729535
2451483.9560204586 1.0006440877914429 0.0034752504434436
2451484.0324103916 1.000772714614868 0.0034759428817778
2451484.1081058616 1.0015243887901306 0.00347552483435715
2451484.183801322 0.999787211418152 0.0034764662850648
2451484.260191226 0.9998332262039183 0.0034773205406963
2451484.335886667 0.999604195356369 0.0034762320574372504
2451484.4164432725 0.9994533360004426 0.003477442311123
2451484.487971973 0.9992125630378724 0.0034767719916999
2451484.563667385 0.9990486502647398 0.00347724603489035
2451484.6393627874 0.999530792236328 0.0034760839771479
2451484.715752633 0.9969096183776855 0.0034749035257846
2451484.7914480157 0.995731621980667 0.00347448803950095
2451484.8671433884 0.9984097480773924 0.0034761331044137
2451484.943533204 0.998886227607727 0.0034759361296892
2451485.019228557 0.9989630877971649 0.0034746784949675003
2451485.094923901 0.9992033839225768 0.0034761526621878
2451485.1713136868 0.9995291233062744 0.003476605983451
2451485.2470090105 0.9991735816001891 0.0034739543916657
2451485.322704324 0.9996760487556456 0.0034755237866193
2451485.39909408 0.9990260004997252 0.0034755929373204
2451485.4747893736 0.9997263848781586 0.0034749406622722
2451485.5504846573 0.9992548823356628 0.0034754902590066
2451485.6268743826 0.99997740983963 0.0034760418348014
2451485.702569646 1.0000700950622559 0.0034749624319373998
2451485.7782648993 1.0007643699645996 0.003475105157122
2451485.854654594 0.9998091459274292 0.0034752113278955
2451485.930349827 1.0003318190574646 0.0034749624319373998
2451486.006045049 1.0010522603988647 0.0034757445100694
2451486.082434713 1.0007399320602417 0.0034765750169754
2451486.158129914 1.0012779831886292 0.0034750670893116996
2451486.2338251057 1.0007905960083008 0.0034763368312269
2451486.3102147374 0.9998804330825805 0.0034749563783407
2451486.3859099075 1.0013118386268616 0.0034763286821543503
2451486.4616050674 1.0010513067245483 0.0034748641774058
2451486.5379946674 1.0020411014556885 0.0034748308826237
2451486.6136898054 1.0008651614189148 0.00347498885821545
2451486.6893849326 1.0013860464096067 0.0034746439196169
2451486.7657744996 1.001639485359192 0.0034750204067677
2451486.8414696055 1.0010209679603577 0.0034748862963169
2451486.9171647 1.000732660293579 0.0034748339094221
2451486.9935542336 1.00106680393219 0.003473913995549
2451487.069249306 1.001442551612854 0.0034743447322398
2451487.1449443665 1.0008922815322876 0.0034745438024401
2451487.2213338665 1.0015690326690672 0.0034737344831228
2451487.2970289043 1.0009542107582092 0.00347481330391015
2451487.3727239305 1.0005090236663818 0.0034738536924123
2451487.4491133955 1.0003732442855835 0.0034741468261927
2451487.519947252 1.0002534389495847 0.0034754509106278
2451487.6005033893 0.9998787641525269 0.0034743116702884
2451487.676892818 1.000117540359497 0.0034747540485113
2451487.752587785 0.9994683265686035 0.0034735457738861
2451487.8282827395 0.99978768825531 0.0034743796568363
2451487.904672131 1.0002882480621336 0.0034744378644973
2451487.9803670608 0.9821060001850128 0.0034666217397898
2451488.0560619775 0.9714422821998596 0.0034629825968295
2451488.1324513303 0.9932432770729066 0.0034728166647255
2451488.2081462215 0.999802827835083 0.0034765783930197003
2451488.283841099 0.9999439120292664 0.0034761987626552
2451488.360230412 0.9998629093170166 0.0034766884054988
2451488.435925262 0.9997614920139313 0.0034762148279696503
2451488.5116200987 1.0001653432846067 0.0034764292649924
2451488.588009369 1.0005173683166504 0.0034749088808894
2451488.6637041774 1.0002753138542175 0.00347461539786305
2451488.739398971 0.9999682903289796 0.0034749438054859
2451488.8157881973 1.0006967782974243 0.0034750727936625
2451488.891482961 1.0006908178329468 0.003475458594039
2451488.9671777086 1.001487612724304 0.0034749952610582
2451489.0435668877 1.0019729137420654 0.0034763948060572
2451489.119261604 1.0022228360176086 0.0034751435741781503
2451489.194956303 1.001848578453064 0.0034751966595649
2451489.2713454324 1.0015344619750977 0.0034759368281811
2451489.347040097 1.0015167593955991 0.0034759576665237503
2451489.422734745 1.0013718605041504 0.0034769808407872
2451489.49912382 1.0017879009246826 0.0034756702370941
2451489.5748184305 1.0025088787078857 0.0034759421832859
2451489.650513022 1.0019869804382324 0.0034760693088173
2451489.7269020397 1.0018962621688845 0.0034753608051687
2451489.8025965923 1.0020341873168945 0.0034753284417092
2451489.8782911245 1.0009030103683472 0.0034752010833472
2451489.9546800815 1.001603126525879 0.003475334495306
2451490.0206523463 1.0004703402519226 0.0034765105228871003
2451491.6484259097 1.0003822445869446 0.00315960240550335
2451491.700509694 1.0000441074371336 0.0031176281627267
2451491.776899242 0.9992846846580504 0.0030632556881755
2451491.852594336 1.0001453757286072 0.003022545017302
2451491.928289425 0.9988589882850648 0.0029974582139402
2451492.0046789576 0.9987345337867738 0.0029897489584982
2451492.0803740323 1.0000503659248352 0.00298975571058685
2451492.1560690985 0.9994282722473145 0.0029894607141613
2451492.2324586064 1.0004944801330566 0.0029895142652094
2451492.3081536544 1.0000137388706207 0.0029895319603383003
2451492.3838486937 1.0004036426544187 0.0029893857426941
2451492.460238172 1.0005570650100708 0.0029900560621172
2451492.5359331914 1.001385748386383 0.0029900054214522
2451492.6116282004 1.0013937950134275 0.0029894285835325
2451492.688017648 1.0012739896774292 0.0029889454599469
2451492.7637126367 1.0027614831924438 0.0029890456935389997
2451492.8394076144 1.0019766092300415 0.0029885713011026
2451492.915797031 1.0018689632415771 0.0029878318309783
2451492.991491988 1.0015133023262024 0.00298840634059155
2451493.067186934 1.0027213096618652 0.0029885550029575
2451493.143576319 1.0014806985855105 0.0029881608206778
2451493.2192712445 1.001567542552948 0.0029893446480855
2451493.294966159 1.0017979145050049 0.0029892032034695
2451493.371355512 1.0013340711593628 0.0029870814178138
2451493.4470504057 1.000599443912506 0.00298690062481905
2451493.5227452894 1.0007692575454712 0.0029864676762372
2451493.599134611 1.002242088317871 0.002986509585753
2451493.675523922 1.0009435415267944 0.0029869056306779
2451493.751218774 1.0007871985435486 0.00298647896852335
2451493.8269136157 1.0009922981262207 0.0029865531250834
2451493.9033028954 1.0010995864868164 0.0029857228510081
2451493.9789977167 1.0001356601715088 0.00298542110249395
2451494.0546925277 0.9998044967651368 0.00298632401973
2451494.1310817767 1.0002788305282593 0.0029855526518076
2451494.2067765673 1.0004726648330688 0.0029863598756492
2451494.2824713476 0.9999621510505676 0.0029855121392756
2451494.358860566 0.999576151371002 0.0029857924673706
2451494.4345553257 0.9995533227920532 0.00298482086509465
2451494.5102500757 0.9879127144813536 0.0029797330498695
2451494.586639263 0.9692956805229188 0.0029680707957595
2451494.6623339932 0.9890913665294647 0.0029776208102703
2451494.7380287135 0.9991888403892516 0.0029855214525014
2451494.818584551 1.0003219842910769 0.0029844457749277
2451494.8901125705 1.0004159808158875 0.0029854032909497497
2451494.9658072605 0.9998416304588316 0.002985272090882
2451495.0421963874 1.0000474452972412 0.0029850956052541
2451495.1178910574 0.999382823705673 0.00298485916573545
2451495.1935857176 0.9996849298477172 0.002985390368849
2451495.2699748143 1.00064480304718 0.0029853524174541
2451495.345669455 0.9995692372322083 0.0029855625471100003
2451495.4213640857 1.0003385543823242 0.0029847386758774
2451495.4977531526 1.00055193901062 0.0029854113236069
2451495.5734477635 1.000302493572235 0.0029851300641894002
2451495.6491423645 1.0008876323699951 0.0029863712843507
2451495.7255314016 1.0010401010513303 0.0029847314581274
2451495.8012259835 1.000804603099823 0.0029853652231395
2451495.876920555 1.0011255741119385 0.0029860089998692
2451495.953309562 1.001115798950195 0.0029851912986487
2451496.029004114 1.001207947731018 0.0029851447325199
2451496.1046986566 1.000834822654724 0.0029848776757717
2451496.1810876345 1.0015859603881836 0.0029847528785467
2451496.2567821573 1.0016374588012695 0.0029845567187294
2451496.33247667 1.0018366575241089 0.0029850853607058
2451496.408865618 1.0013015270233154 0.0029852697625756
2451496.4845601115 1.0012086033821106 0.0029852357693016
2451496.5602545952 1.0013467073440552 0.0029852755833417
2451496.6366435136 1.0008308887481687 0.0029853261075913
2451496.7123379773 1.0005301237106323 0.00298483157530425
2451496.7880324316 1.0010372400283811 0.0029854925815016
2451496.863726876 1.0008739233016968 0.0029847939731552503
2451496.9401157554 1.0002809166908264 0.0029848762787878
2451497.01581018 1.0009870529174805 0.0029847975820302
2451497.092199039 0.9997528195381165 0.002984446240589
2451497.1678934447 0.9998086690902709 0.0029850179562344497
2451497.24358784 0.9994444847106932 0.0029839777853339
2451497.3199766693 0.9995428919792176 0.0029850928112864
2451497.3956710454 0.9990101754665374 0.00298422691412265
2451497.471365411 0.9988966584205629 0.0029847859404981
2451497.5477542104 0.999954044818878 0.0029848418198525
2451497.6234485563 0.9997387826442719 0.0029843278462067004
2451497.6991428924 0.999665915966034 0.0029853070154786
2451497.775531662 0.9984250068664552 0.0029840564820915
2451497.8512259787 0.9953195154666901 0.00298210466280575
2451497.9269202845 0.9982362389564514 0.00298266147729005
2451498.003309024 0.9990100264549256 0.0029851072467863
2451498.07900331 0.9993035495281217 0.00298330304212865
2451498.1546975863 0.9995705485343932 0.0029847314581274
2451498.231086295 0.9990777969360352 0.0029839002527296
2451498.3067805516 0.9999284148216248 0.0029836025787517
2451498.3824747973 0.99931663274765 0.0029837803449481
2451498.458863476 1.000145673751831 0.0029842329677194
2451498.5345577016 1.0011150240898132 0.0029841030482202
2451498.610251917 1.0006924867630005 0.0029842602089047
2451498.686640565 1.0006090402603147 0.0029836073517799
2451498.7623347593 1.0011221766471863 0.00298293726518745
2451498.838028944 1.0018914937973022 0.0029833854641765
2451498.9144175607 1.0010106563568115 0.0029830413404852
2451498.9901117245 1.0006439089775085 0.0029825960518792003
2451499.065805878 1.0017290115356443 0.0029834844172
2451499.142194463 1.0011203289031982 0.0029840234201401
2451499.2178885955 1.0012021660804749 0.0029828634578734
2451499.2935827174 1.0022006034851074 0.0029838937334716
2451499.36997127 1.0024219751358032 0.0029838301707059
2451499.4456653707 1.00102698802948 0.0029831596184521497
2451499.521359461 1.0017297267913818 0.0029839188791811
2451499.597747981 1.0005173683166504 0.0029833675362169
2451499.67344205 1.001552164554596 0.0029840067727491
2451499.749136107 1.0027990341186523 0.002985575934872
2451499.8255245946 1.0020954608917236 0.0029846157412976
2451499.90121863 1.0015118718147278 0.0029829933773726
2451499.9769126545 1.0013396739959717 0.0029836590401828
2451500.053301108 1.0011961460113523 0.0029831891879439
2451500.1289951103 1.0012544989585876 0.0029833164298906497
2451500.204689101 1.0014526844024658 0.0029827917460352
2451500.28107752 1.0011903047561643 0.0029828038532286
2451500.3567714877 1.0016645193099976 0.0029832746367901
2451500.432465444 1.001699686050415 0.0029824702069163
2451500.508853828 1.0011032819747925 0.0029818909242749
2451500.584547761 1.0010247230529785 0.0029824140947312
2451500.6602416816 1.0002599954605105 0.0029826806858181
2451500.7366300295 1.0010172128677368 0.0029836150351911
2451500.812323926 1.0010351538658142 0.00298296974506225
2451500.8880178104 1.000644326210022 0.0029834394808858
2451500.964406121 1.0007747411727903 0.0029827954713255
2451501.035238907 0.996783971786499 0.002981036202982
2451501.1157938265 0.9707454442977904 0.002967448439449
2451501.192182099 0.9815680980682372 0.0029724377673119
2451501.267875919 1.0005428791046143 0.00298388593364505
2451501.3435697267 1.0012943744659424 0.0029822455253452
2451501.419957959 1.001583456993103 0.0029827896505594
2451501.4956517396 1.0006582140922546 0.00298266636673355
2451501.5713455062 1.0007227659225464 0.0029826331883668
2451501.6477336963 1.0006356239318848 0.0029833051376044
2451501.723427435 1.0016112923622131 0.00298410095274445
2451501.7991211587 1.0017107725143433 0.002983636688441
2451501.8755093054 1.0013641119003296 0.002983909798786
2451501.9512029993 1.0007654428482056 0.00298323808237905
2451502.026896678 1.0014898777008057 0.0029830550774931
2451502.1032847785 1.000895619392395 0.0029835032764822
2451502.179672863 1.0011842250823977 0.0029835067689418
2451502.255366494 1.000439465045929 0.00298408174421635
2451502.3310601083 1.0015876293182373 0.0029843321535736
2451502.4074481423 1.0012294054031372 0.0029841575305908
2451502.4831417226 1.0011772513389587 0.0029860826907679
2451502.5588352853 1.0007957220077517 0.0029846874531358
2451502.635223266 1.0021263360977173 0.0029859382193535
2451502.710916793 1.0006486773490906 0.0029852673178538004
2451502.786610301 1.0001552104949951 0.0029858704656362
2451502.862998226 0.9994377493858336 0.0029862991068512
2451502.9386916966 0.9984197616577148 0.0029872951563447003
2451503.008829667 0.9985676407814026 0.0029875414911657
2451504.715756624 0.9995381236076356 0.0032472796738147
2451504.7608952783 1.0009778141975403 0.00319963984657075
2451504.836589329 1.002405285835266 0.0031562848016619
2451504.9129778165 1.0006353855133057 0.0030827445443719
2451504.988671859 0.9988716244697571 0.0030389010207727
2451505.064365895 0.9991692900657652 0.0030162003822624
2451505.1407543644 0.9987909197807312 0.0030074873939156
2451505.2164483853 0.998412162065506 0.00300454732496285
2451505.292142398 0.9982108473777772 0.0030006431043148
2451505.3685308425 0.9990532994270324 0.0029986586887389
2451505.4442248372 0.9981770515441892 0.0029961395775899
2451505.5199188218 0.9994180202484132 0.0029929964803159
2451505.596307237 0.9993214607238768 0.0029938330408185
2451505.6720012026 0.9988478124141693 0.0029903025133534997
2451505.747695158 1.0004931688308716 0.0029898975044488
2451505.8240835425 0.9997451901435852 0.0029878003988415
2451505.8997774767 1.001209318637848 0.0029883909737690997
2451505.975471401 1.0012627840042114 0.0029870653524994
2451506.051859755 1.000374436378479 0.0029864911921322
2451506.1275536586 1.0007250308990479 0.0029847905971109
2451506.2032475523 1.001863956451416 0.0029855982866138
2451506.2796358746 1.0003117322921753 0.0029830276034772
2451506.3553297473 1.0008571147918701 0.00298343424219635
2451506.43102361 1.0005838871002195 0.0029850252903997
2451506.507411901 1.00047767162323 0.0029842040967196
2451506.5831057425 1.0015714764595032 0.0029832585714757
2451506.658799574 1.0006834268569946 0.0029841775540262
2451506.7351878337 1.0004053115844729 0.00298308650963
2451506.8108816445 1.0007120966911316 0.00298332364764055
2451506.8865754455 1.000301480293274 0.0029833740554749
2451506.9629636747 0.9999822378158568 0.0029837514739483
2451507.0386574552 1.001134991645813 0.0029825482051819
2451507.1143512256 0.9996516108512878 0.0029818632174283
2451507.190739424 0.9996913671493528 0.0029822760261595
2451507.266433174 0.9997899532318115 0.0029824910452589002
2451507.342126914 1.00117290019989 0.0029828001279383
2451507.418515082 1.0018664598464964 0.0029816224705427
2451507.494208802 1.002934455871582 0.0029810494743287
2451507.5699025122 1.000016689300537 0.002979383803904
2451507.64629065 0.973135769367218 0.002966909436509
2451507.7219843403 0.9775986075401306 0.0029685806948691
2451507.797678021 1.0006483793258667 0.0029803377110511
2451507.8789271894 1.000424861907959 0.00298171979375175
2451507.949759789 0.9994146823883057 0.0029820054769515497
2451508.02545344 0.999946117401123 0.0029817449394613
2451508.1018415177 0.9994924664497375 0.0029812066350132
2451508.1775351493 0.9993789792060851 0.0029817497124895002
2451508.2532287706 0.9998031854629515 0.002981906523928
2451508.329616819 1.0006865262985227 0.0029815591406077
2451508.4053104213 1.0005829334259033 0.0029827108373865
2451508.481004013 1.000471591949463 0.0029818145558238
2451508.5573920324 1.0010783672332764 0.0029824972152709
2451508.6330856048 1.0021677017211914 0.00298342038877305
2451508.708779168 1.0018812417984009 0.0029807668179273
2451508.7851671576 1.0015933513641355 0.0029831305146217
2451508.8608607017 1.0013139247894287 0.00298282667063175
2451508.936554236 1.001346468925476 0.0029817323666065
2451509.0129421963 1.001432180404663 0.0029835167806595
2451509.088635711 1.0009946823120117 0.0029830957064404503
2451509.1643292163 1.0017205476760864 0.0029824038501828
2451509.2407171475 1.001426100730896 0.0029817766044288
2451509.3164106333 1.0015831589698792 0.00298266194295135
2451509.3921041097 1.0012416839599607 0.0029824038501828
2451509.468492012 1.0010671615600584 0.0029825938399881
2451509.544185469 1.0006390810012817 0.002982678823173
2451509.6198789165 1.0005345344543457 0.0029829412233084
2451509.6962667895 1.0015158653259275 0.0029816452879458
2451509.7726546526 1.0003859996795654 0.002981626894325
2451509.8483480713 1.000793218612671 0.00298230512998995
2451509.9240414803 1.0012565851211548 0.0029813153669238
2451510.0004293146 1.0010980367660522 0.0029811807908117
2451510.076122704 1.0010330677032473 0.0029811210697516
2451510.151816084 1.0019776821136477 0.0029809800907969
2451510.228203889 1.0022823810577393 0.0029814050067216
2451510.30389725 1.0016234517097473 0.00298139383085065
2451510.379590601 1.001576542854309 0.0029802757780998
2451510.455978377 1.0018917322158811 0.002980834338814
2451510.5316717084 1.0008405447006226 0.0029806531965732
2451510.607365031 1.00113844871521 0.0029812627471983
2451510.683752777 1.0003854036331177 0.0029807139653712
2451510.75944608 1.000586986541748 0.0029807586688547502
2451510.835139373 1.0000814199447632 0.002980224089697
2451510.91152709 0.9971656799316406 0.0029785139486193
2451510.9823593274 0.9966705441474912 0.0029790862463414
2451511.062913627 0.999402105808258 0.0029805828817188
2451511.1393013145 0.9994726181030272 0.0029795723967254
2451511.214994558 0.9995008707046509 0.0029803912620991
2451511.2906877925 0.9987577199935912 0.0029797803144901
2451511.36707545 0.9988573789596557 0.0029796662274748
2451511.442768664 0.9983293116092682 0.00298162526451045
2451511.518461869 0.9991721510887146 0.0029805146623402
2451511.5948494966 0.999287247657776 0.0029807426035404
2451511.670542681 1.000235140323639 0.0029801205964758498
2451511.746235856 1.0011463165283203 0.0029799123294651
2451511.822623453 1.000554084777832 0.0029796650633215
2451511.898316608 1.0007180571556091 0.0029796347953378504
2451511.974009752 1.0008517503738403 0.0029800802003592
2451512.0503973183 1.0005995035171509 0.0029795407317578
2451512.1260904423 1.0014451146125793 0.0029809043044224
2451512.201783556 1.0007261037826538 0.0029808657709509
2451512.278171092 1.0011601448059082 0.0029809724073857
2451512.3538641846 1.0015161633491516 0.00298019638285035
2451512.4295572676 1.0008370876312256 0.002981043420732
2451512.5059447717 1.0009158849716189 0.0029800361953675
2451512.5816378333 1.001099705696106 0.0029806505190208
2451512.657330885 1.0014277696609497 0.0029797977767884
2451512.7337183575 1.0011532306671145 0.0029800210613757
2451512.8094113874 1.0014053583145142 0.00298062991350885
2451512.8851044066 1.001988172531128 0.0029804033692926
2451512.961491847 1.0029789209365845 0.0029806306120008
2451513.0371848447 1.001927137374878 0.0029792379355058
2451513.1128778313 1.0022003650665283 0.0029801130294799
2451513.189265238 1.0023951530456543 0.0029799626208841
2451513.264958203 1.0027950406074524 0.0029799601761624
2451513.3406511564 1.0033841133117676 0.0029801726341247
2451513.417038529 1.0026960372924805 0.0029799342155456
2451513.4934258903 1.0024877786636353 0.0029790403787046
2451513.5684243795 1.001840591430664 0.0029803253710269
2451513.644811718 1.001830816268921 0.0029786443337798
2451513.7205046136 1.0018029808998108 0.00297911569941785
2451513.796197498 1.0016463994979858 0.0029801549389958
2451513.872584801 1.0020571947097778 0.0029791269917041
2451513.9482776616 1.0012792348861694 0.0029798530740663
2451514.0239705094 1.0013219118118286 0.0029794764705002
2451514.095496768 1.0007147789001465 0.0029798076720907504
2451514.1760505987 0.9775921702384949 0.00296740862540895
2451514.2517434093 0.9714834094047544 0.0029627915937453
2451514.328130637 0.9988086223602296 0.0029782413039356
2451514.4038234223 1.0008898377418518 0.0029803138459101
2451514.4795161937 1.0003554821014404 0.0029806259553879
2451514.5559033817 1.001528024673462 0.0029806587845087
2451514.6315961266 1.0014225840568542 0.0029808232793584
2451514.7072888575 1.001184582710266 0.0029803379438817
2451514.783676003 1.0019915103912351 0.0029813565779477
2451514.859368706 1.0009811520576477 0.00297982571646565
2451514.9350613942 1.0012295246124268 0.0029797661118209
2451515.011448496 1.0007171630859375 0.0029809344559907
2451515.0871411543 1.0013930201530457 0.0029805199010297
2451515.1628337977 1.001628875732422 0.002981856232509
2451515.2392208525 1.0009143352508545 0.0029810406267642
2451515.314913464 1.0009252429008484 0.0029805260710418
2451515.3906060583 1.0011364221572876 0.0029814129229635
2451515.4669930637 1.001416563987732 0.0029815656598657
2451515.5419911975 1.0020399093627927 0.0029807812534272
2451515.618378168 1.000772476196289 0.0029807556420564
2451515.69476512 1.0022037029266355 0.002980682766065
2451515.7704576273 1.0015196204185486 0.0029814877780154
2451515.8461501156 1.0016255378723145 0.0029807414393872
2451515.9225370116 1.0009729862213137 0.0029813107103109
2451515.998229462 0.9987368881702422 0.0029809407424180997
2451516.06281108 0.9994000792503358 0.0029814273584634
2452201.747779312 0.9989859759807587 0.0025533930165693
2452201.7970863446 0.9997828006744384 0.002553513739258
2452201.87278305 0.9998004734516144 0.00255302700679745
2452201.948479748 0.9998031854629515 0.0025533351581543
2452202.024870901 0.9996450543403624 0.0025533344596624
2452202.1005675793 0.9993570744991302 0.0025530807906761497
2452202.176264247 1.000014305114746 0.0025530087295919
2452202.2526553683 1.000461459159851 0.0025530052371323
2452202.3283520136 0.9999549984931946 0.0025525592500343502
2452202.4040486473 0.9999648928642274 0.0025526343379169
2452202.480439734 0.9997984170913696 0.0025521507486701
2452202.5561363455 0.9999446868896484 0.0025515174493193
2452202.6318329447 1.0005340576171875 0.0025516785681247
2452202.7082239967 1.000203251838684 0.0025509451515972
2452202.783920573 1.0001158714294434 0.00255091651342805
2452202.8596171383 1.0000598430633545 0.0025508569087833
2452202.9360081553 1.0009751319885252 0.0025510883424431
2452203.011704698 1.0001329183578491 0.00255081569775935
2452203.087401229 1.0001142024993896 0.0025508345570415
2452203.1637922125 1.0002830028533936 0.0025505928788334
2452203.239488722 0.9999816417694092 0.00255045411176975
2452203.3151852195 1.000694155693054 0.0025502548087388
2452203.39157617 1.0009676218032837 0.0025499502662569
2452203.4672726467 1.0010191202163696 0.00254951755050565
2452203.5429691123 1.0007174015045166 0.0025499402545392
2452203.6193600306 1.0003877878189087 0.0025492687709629
2452203.695056475 1.0005875825881958 0.00254919112194325
2452203.770752909 1.0007717609405515 0.0025494035799056
2452203.8471437953 1.0008848905563354 0.0025495057925581
2452203.9228402087 1.000386655330658 0.00254886678885665
2452203.9985366114 1.0005772113800049 0.00254837423563
2452204.0749274665 1.0003255605697632 0.0025489798281341
2452204.1506238496 1.0000097155570982 0.0025483338395133
2452204.226320222 0.9998141527175904 0.0025479728356003
2452204.3027110468 1.0000091791152954 0.0025484319776296
2452204.378407399 1.000285267829895 0.0025475663132965
2452204.454103742 0.998893976211548 0.0025476629380136
2452204.530494536 0.9997177720069884 0.0025476410519331
2452204.606190859 0.999424010515213 0.0025476953014731
2452204.6818871717 0.999142587184906 0.0025476578157395
2452204.758277937 0.9966898560523988 0.002546279458329
2452204.83397423 0.9974148571491241 0.0025468762032687
2452204.9096705145 0.9990378618240356 0.0025470331311225
2452204.98606125 1.0001742839813232 0.002548434305936
2452205.0617575143 0.9998084902763367 0.00254731636960055
2452205.1374537693 0.9999967217445372 0.0025476801674813
2452205.2138444763 1.0005558729171753 0.002547959331423
2452205.289540712 0.9996969401836394 0.00254805339500305
2452205.365236939 1.000054955482483 0.0025476138107478
2452205.4416276165 1.0001239776611328 0.0025477968156337
2452205.518018285 1.0002782344818115 0.0025482035707682
2452205.593714483 1.000081092119217 0.0025478440802544
2452205.6694106725 1.0002646446228027 0.002548080869019
2452205.7458013124 0.9998123049736024 0.0025471390690654
2452205.8214974827 1.0006461143493652 0.0025476734153926
2452205.8971936433 1.0009297132492063 0.0025470242835581
2452205.973584255 1.0005404949188232 0.0025469483807682
2452206.0492803976 1.0003986358642578 0.0025474224239587003
2452206.1249765307 1.000888109207153 0.0025472044944763
2452206.2013671147 1.001116633415222 0.0025473420973867
2452206.2770632296 1.0011730790138245 0.00254773569758975
2452206.352759335 1.000999331474304 0.0025472580455243
2452206.4291498912 1.0005311965942385 0.0025470633991062
2452206.504845978 1.0009485483169553 0.0025471427943556998
2452206.5805420564 1.000844955444336 0.0025471264962106
2452206.6569325845 1.0013356208801267 0.0025475390721112
2452206.732628644 1.0014456510543823 0.0025469101965427
2452206.8083246946 1.0020509958267212 0.0025474466383457
2452206.8847151953 1.002466320991516 0.0025469027459621
2452206.9604112273 1.002322256565094 0.0025471523404121
2452207.036107251 1.0017523765563965 0.0025467351078987
2452207.1124977237 1.0015627145767212 0.0025470540858805
2452207.1881937287 1.0014697909355164 0.0025467828381806
2452207.2638897244 1.0012892484664917 0.0025464997161179
2452207.3402801696 1.0007205009460447 0.0025461232289671
2452207.415976147 1.0012683868408203 0.0025468425592407
2452207.491672116 1.0011199712753296 0.0025457537267357
2452207.5680625336 1.0009917020797727 0.0025466275401413
2452207.643758484 1.0016798973083496 0.0025456708390265
2452207.719454425 1.0015122890472412 0.002546614035964
2452207.8007060215 1.0000686049461365 0.00254625547677275
2452207.8715407383 1.0001681447029112 0.0025466429069638
2452207.947236652 0.9996416568756104 0.0025460100732743
2452208.0236270144 0.9775270819664 0.002532213460654
2452208.0993229095 0.9735775291919708 0.00253080064430825
2452208.175018796 0.998053789138794 0.0025452023837715
2452208.2514091306 0.9996678829193116 0.0025456200819462
2452208.3271049988 1.0004495978355408 0.00254644965752955
2452208.4028008576 0.9993903040885924 0.0025462047196924
2452208.479191165 1.00039803981781 0.0025469851680099
2452208.554887005 0.9999140799045564 0.0025460531469434
2452208.6305828365 0.999980628490448 0.0025459511671215
2452208.7069731154 1.00065279006958 0.0025460445322096
2452208.782668928 1.0004302859306335 0.0025464822538196503
2452208.8583647315 1.000679850578308 0.0025463933125138
2452208.9347549826 1.0011825561523435 0.0025464347563683
2452209.0104507674 1.0006486177444458 0.0025460121687501
2452209.086146543 1.0012089014053345 0.0025465870276093
2452209.162536766 1.0003200769424438 0.0025463448837399
2452209.2382325227 1.0009532570838928 0.00254640006460245
2452209.3139282702 1.0016041994094849 0.0025472557172179
2452209.3903184645 1.001010775566101 0.0025463728234171
2452209.4660141934 1.000844419002533 0.0025460787583142
2452209.541709912 1.0018798112869265 0.0025468587409704
2452209.618100078 1.00200617313385 0.0025469346437603
2452209.693795778 1.001478672027588 0.0025465909857302496
2452209.769491469 1.0005011558532717 0.0025458896998316
2452209.8458816055 1.0009646415710447 0.0025461059994995
2452209.921577277 1.0015859007835388 0.0025460616452619
2452209.997272939 1.0018171072006223 0.0025459479074925
2452210.0736630466 1.001395344734192 0.0025460433680564
2452210.149358689 1.0017048120498657 0.00254581344779575
2452210.2250543213 0.9999914765357972 0.0025459774769842
2452210.3014443996 1.0011879205703735 0.0025458484888076
2452210.3771400126 1.0013433694839478 0.00254578422755
2452210.452835616 1.0008177757263184 0.0025454915594309
2452210.529225664 1.0006422996520996 0.0025459036696702
2452210.604921248 1.0010815858840942 0.0025455059949308
2452210.6806168207 1.0004702806472778 0.0025457418523728
2452210.7570068385 0.9999460577964784 0.0025453364942222
2452210.832702392 1.0002533197402954 0.0025452660629525503
2452210.9083979344 1.0007202625274658 0.0025452398695051
2452210.9847879214 0.9991477131843568 0.0025451183319091
2452211.060483444 0.9992582201957703 0.00254507351201025
2452211.136178956 1.0007503032684326 0.0025458035524934
2452211.2125689117 0.9998621344566344 0.0025450175162404
2452211.288264403 0.9970077872276306 0.0025432690745219
2452211.3639598833 0.996196150779724 0.0025435844436287
2452211.440349807 0.9989802837371824 0.0025445744395256
2452211.5160452663 0.9994982481002807 0.0025449675740674
2452211.5917407144 0.9992955923080444 0.0025451143737882
2452211.6681306055 0.9985569715499876 0.002545177238062
2452211.743826032 0.9995574951171875 0.00254571356344965
2452211.8195214476 0.9989117980003358 0.0025453148409724
2452211.895911305 0.9991126656532288 0.0025459858588874
2452211.971606698 0.9990008771419525 0.0025462061166763
2452212.04730208 0.9996258020401002 0.0025467451196163
2452212.1236919025 1.0000057220458984 0.002547648968175
2452212.199387261 1.0007597208023071 0.0025476687587797
2452212.275082608 1.0003883838653564 0.0025483355857431
2452212.351472396 0.9997042417526244 0.0025489281397312
2452212.4271677188 1.0001272559165955 0.00254893780220295
2452212.50286303 1.0005717277526855 0.002549898577854
2452212.579252781 1.0000075101852417 0.0025506585370749
2452212.654948067 1.0007577538490295 0.0025515852030366
2452212.7306433413 1.0000761747360227 0.0025521679781377
2452212.807033054 1.0004644393920898 0.0025535488966852
2452212.882728303 1.000348448753357 0.0025548567064106
2452212.958423538 1.00027859210968 0.0025561298243701
2452213.0348132118 1.0010265111923216 0.0025580548681318
2452213.1105084214 1.0001277327537537 0.00255941739305845
2452213.186203617 1.0005719661712646 0.0025615524500608
2452213.2625932507 1.0007628202438354 0.0025640740059316
2452213.338288419 1.0004095435142517 0.00256666494533415
2452213.413983574 1.000067353248596 0.0025688481982797
2452213.4903731667 1.0001225471496582 0.0025716857053339
2452213.5660682945 1.000174701213837 0.00257493823301045
2452213.641763409 1.0001739263534544 0.002578328596428
2452213.718152961 0.9992309212684632 0.0025817840360105
2452213.7938480508 0.9997692704200745 0.00258565775584425
2452213.8494040715 0.9994613528251648 0.00258787162601945
2452215.4695622236 1.0010347366333008 0.0025504662189632
2452215.540396707 1.001117706298828 0.0025498706381767
2452215.6160923736 1.0004996061325073 0.0025485907681286
2452215.6917880313 1.0012285709381104 0.00254852254875
2452215.768178134 1.0002764463424685 0.002548060612753
2452215.843873771 0.9999084174633026 0.002547359210439
2452215.9195693964 1.0013355016708374 0.0025473358109593
2452215.9959594654 1.000784993171692 0.0025466389488428
2452216.071655067 1.000214397907257 0.00254620867781335
2452216.147350657 1.001003980636597 0.002546091331169
2452216.223740689 1.0007113218307495 0.0025457085575908
2452216.2994362544 1.000711441040039 0.0025454744463785997
2452216.3751318073 1.0002326965332031 0.0025450754910707
2452216.4515218027 1.0005985498428345 0.0025448238011449
2452216.527217332 0.9999477863311768 0.0025446132058276998
2452216.602912849 1.000731348991394 0.0025444070342928
2452216.679302808 1.0006394386291504 0.0025443788617849
2452216.7549983007 0.9997478425502777 0.0025437016738578
2452216.830693782 0.9999289512634276 0.002543679671362
2452216.907083705 0.9993317127227784 0.0025432195980101
2452216.982779163 1.0002901554107666 0.00254355196375395
2452217.058474609 0.9994971752166748 0.0025438244920223
2452217.1348644975 0.999475598335266 0.0025437590666115
2452217.2105599213 0.9992984235286713 0.00254260282963505
2452217.2862553336 0.9992179274559022 0.0025426123756915
2452217.362645188 0.9994373321533204 0.0025431546382606
2452217.4383405778 0.9990943670272827 0.0025429797824471504
2452217.5140359565 0.9994834661483764 0.002542941365391
2452217.5904257777 0.9993767738342284 0.0025429886300116
2452217.6661211345 0.9989927709102631 0.0025428691878914
2452217.741816481 0.9984270930290222 0.002542377449572
2452217.8182062693 0.9975889325141906 0.0025422549806535
2452217.893901594 0.9959745407104492 0.00254076567944135
2452217.969596909 0.9985447525978088 0.0025417385622859
2452218.045986665 0.9992867112159728 0.0025423234328627
2452218.1223764103 0.999494194984436 0.0025420482270419
2452218.198071693 0.9992530345916748 0.0025417117867618
2452218.2737669656 1.0002354383468628 0.0025418235454708
2452218.3501566797 1.0002765655517578 0.0025422212202101
2452218.425851932 0.9995834231376648 0.00254191621206695
2452218.5015471736 0.9988832473754884 0.0025417013093829
2452218.5779368565 0.9999746680259703 0.0025420812889933
2452218.6536320783 1.0001848340034485 0.0025420250603928503
2452218.7293272894 1.0004317760467527 0.0025418901350349
2452218.805716942 1.0000886917114256 0.0025419904850423
2452218.8814121336 1.0005773901939392 0.0025428298395127
2452218.957107315 1.001431584358215 0.0025423157494515
2452219.0334969372 0.99997079372406 0.0025417611468583
2452219.1091920985 1.0007243752479553 0.00254160200711335
2452219.1848872504 1.000566840171814 0.0025422177277505
2452219.261276843 1.0004726648330688 0.0025417471770197
2452219.336971975 1.0007221698760986 0.00254126754589375
2452219.4126670975 1.0016523599624632 0.0025413774419575
2452219.4890566603 1.0014225244522097 0.0025419213343411
2452219.564751763 1.0010976195335388 0.0025418838486075002
2452219.640446856 1.0012036561965942 0.0025419385638087
2452219.7168363896 1.0013140439987185 0.0025417492724955
2452219.7925314633 1.001314342021942 0.0025415233103558
2452219.8682265272 1.0009517669677734 0.0025412077084183
2452219.944616032 1.0010488033294676 0.0025414894334971
2452220.0203110767 1.0010583400726318 0.00254132528789335
2452220.096006112 1.0012590885162351 0.0025419231969863
2452220.1723955874 1.0007797479629517 0.0025419471785426
2452220.2480906034 1.0012611746788025 0.0025418234290554504
2452220.32378561 1.0008399486541748 0.002541598631069
2452220.4001750564 1.0009416341781616 0.0025418994482606
2452220.475870044 1.0010550022125244 0.002541433670558
2452220.551565022 1.001798391342163 0.0025416607968509
2452220.62795444 1.002014398574829 0.0025412929244339
2452220.703649399 1.0021491646766663 0.0025414481060579003
2452220.7793443482 1.0019512176513672 0.0025408747605979
2452220.8557337373 1.0024563074111938 0.0025404766201972
2452220.931428668 1.0023373365402222 0.00254037429112935
2452221.007123589 1.001373291015625 0.0025408314540982
2452221.0835129493 0.9908384680747984 0.0025344497989863
2452221.1592078516 0.9732215106487274 0.0025231603067367497
2452221.2349027446 0.991499364376068 0.0025334369856864
2452221.3112920765 1.001779079437256 0.0025401406455785
2452221.3869869504 1.002555787563324 0.0025398639263585
2452221.4578206763 1.0010661482810974 0.0025402174796909
2452221.5390711175 1.0003360509872437 0.0025399988517165
2452221.614765963 1.0005850195884705 0.00254007894545785
2452221.6904607993 1.000481367111206 0.0025408980436623
2452221.7668500734 1.00016987323761 0.0025400929152965
2452221.842544891 1.0007358193397522 0.00254010711796575
2452221.9182396983 1.0010931491851809 0.0025400919839739
2452221.9946289444 1.0002081394195557 0.0025401380844414
2452222.0703237327 1.0000336170196533 0.00254015182144935
2452222.146018512 1.0003260374069212 0.002539874985814
2452222.2224077294 1.0004801750183103 0.002540272893384
2452222.2987969364 1.0018903017044067 0.0025409592781215
2452222.3737972397 1.000693678855896 0.0025401948951184
2452222.450186428 1.0016381740570068 0.0025406409986317
2452222.52588116 1.0013603568077087 0.002540887100622
2452222.6015758817 1.00102436542511 0.0025407932698726
2452222.6779650412 1.0009640455245972 0.0025408957153558
2452222.753659744 1.0008994936943054 0.002540529705584
2452222.829354437 1.001482605934143 0.0025410484522581
2452222.9057435673 1.0012810230255127 0.0025404780171811
2452222.981438241 1.0015441179275513 0.0025404981570318
2452223.0571329053 1.001365303993225 0.0025409453082829
2452223.1335220067 1.001036524772644 0.0025407036300748
2452223.2092166515 1.0008665323257446 0.00254054542165245
2452223.2849112866 1.0013374090194702 0.002540621208027
2452223.361300358 1.000694990158081 0.0025402717292308
2452223.4369949736 1.0012605786323545 0.0025407419307157
2452223.5126895797 0.9999287128448486 0.0025398386642336
2452223.5890786215 1.0002974271774292 0.0025397734716534
2452223.6647732076 1.0000563859939575 0.00254006334580475
2452223.7404677835 0.9998229146003724 0.0025394761469215
2452223.8168567955 0.9999141693115232 0.0025399855803698
2452223.892551352 0.9994096457958221 0.0025392581010237
2452223.9682458984 0.9991613626480104 0.0025396102573722
2452224.04463488 0.99897164106369 0.002539420267567
2452224.120329406 0.9988828301429749 0.00253909348975865
2452224.196023922 0.9992044568061828 0.0025395664852112
2452224.272412873 0.999383509159088 0.0025395646225661
2452224.3481073687 0.9984506070613861 0.0025387550704181003
2452224.423801854 0.9946195483207704 0.0025362581945955
2452224.5001907735 0.9971566200256348 0.0025376961566507
2452224.5758852386 0.9992566406726836 0.0025394116528332
2452224.651579693 0.9992722868919371 0.0025388535577803
2452224.727968581 0.9998536109924316 0.0025392305105924
2452224.8036630144 0.9991832077503204 0.0025386899942531497
2452224.879357437 0.9994427561759948 0.002539220964536
2452224.9557462935 0.9994939565658568 0.0025396936107426
2452225.0307462504 0.9992993474006652 0.0025390591472387
2452225.1071350854 1.0003648996353147 0.0025399478618055
2452225.1835239087 1.0003421306610107 0.0025394959375262
2452225.2592182774 0.9992729425430298 0.0025391600793227
2452225.3349126354 0.9997333884239196 0.002539763925597
2452225.411301425 1.0001115798950195 0.0025400340091437
2452225.486995761 1.0007819533348083 0.0025398130528628497
2452225.562690085 1.0004671812057495 0.0025394456461071
2452225.6390788406 1.0001614093780515 0.0025399557780474
2452225.714773142 0.999764025211334 0.0025395755656063
2452225.7904674313 1.0006316900253296 0.0025401513557881
2452225.866856152 1.001148700714111 0.0025398845318704
2452225.942550418 1.0011451244354248 0.00254033319652075
2452226.0182446726 1.001309871673584 0.0025401981547474
2452226.094633357 1.0014179944992063 0.0025416095741093
2452226.170327587 1.000528633594513 0.00254093797411765
2452226.2460218044 0.9995963573455808 0.0025406652130186
2452226.3224104517 1.0003037452697752 0.002540233079344
2452226.398104644 1.0009589791297913 0.0025407641660421497
2452226.4737988235 1.0008909702301023 0.002540749264881
2452226.550187432 1.000657558441162 0.0025416095741093
2452226.625881586 1.0008575320243835 0.0025414546253159
2452226.7015757267 1.001421809196472 0.0025421974714845
2452226.7779642954 1.001407027244568 0.0025419825688004
2452226.853658409 1.0006701350212097 0.0025416014250367
2452226.929352509 1.00021755695343 0.0025416947901248
2452227.005741036 0.9987896680831908 0.0025406768545508
2452227.0814351086 0.9999009370803833 0.00254020292777565
2452227.1571291666 0.9998295307159424 0.0025403378531336
2452227.233517652 0.9994335174560548 0.0025397217832505
2452227.3092116825 0.9996305108070371 0.0025400237645953503
2452227.3849057 0.9989966154098512 0.0025398465804755
2452227.4612941444 0.997440218925476 0.0025399301666766
2452227.5376825756 0.9984102249145508 0.0025394305121153
