2451354.1522726817 1.090795636177063 0.0015972211840562
2451354.2279699827 0.8665160536766051 0.0014937444357201
2451354.303667261 1.1215319633483887 0.0016078246990218
2451354.3793645166 0.8911702632904052 0.0015051552327349
2451354.455756221 1.0939089059829712 0.0015964993508532
2451354.5314534344 0.863558441400528 0.00149175035767255
2451354.6071506287 1.1217968463897705 0.0016081796493381
2451354.6828478053 0.8896151483058929 0.00150333106284955
2451354.758544963 1.097612977027893 0.0015968191437423
2451354.8349365727 0.8678945302963258 0.0014925169525668
2451354.909939228 1.1296967267990112 0.0016102003864943
2451354.986330806 0.8939222693443297 0.0015043027233332
2451355.062027899 1.1016640663146973 0.0015977963921613501
2451355.1377249784 0.8725886344909669 0.0014937754021957
2451355.2141165114 1.1275739669799805 0.0016085457755252
2451355.2898135628 0.892353355884552 0.00150229776045305
2451355.3655106016 1.1023749113082884 0.0015996769070625
2451355.4425965627 0.8742609620094299 0.00149546336615455
2451355.5175991077 1.127019226551056 0.00160881708143275
2451355.5932961083 0.8938503265380859 0.0015048705972731
2451355.6689930973 1.1062363982200623 0.00159874634118745
2451355.743995607 0.8723656535148621 0.0014944851282052002
2451355.8210815084 1.126671314239502 0.001608211081475
2451355.8967784634 0.893352597951889 0.00150519597809755
2451355.9724754076 1.1025129556655884 0.0015980555908754
2451356.048172342 0.8679946660995483 0.00149160751607265
2451356.124563732 1.1268396377563477 0.0016082916408777
2451356.1981772445 0.9057392776012421 0.0015093187103047
2451356.2780409493 1.1054461002349851 0.0015993306878954
2451356.353043375 0.8695261478424072 0.0014921410474926
2451356.4280457916 1.1288840770721436 0.0016086389077827
2451356.5030481983 0.8984009623527527 0.0015064859762787
2451356.5794395288 1.1063442230224607 0.00159893266391
2451356.659997649 0.8888539671897888 0.0015007542679086
2451356.730833229 1.1290675401687622 0.0016098744235932
2451356.8072245317 0.9000717401504515 0.0015068618813529
2451356.8829213586 1.1060377359390259 0.0015998043236321998
2451356.9593126425 0.8684643507003784 0.0014927802840247
2451357.0343149854 1.1327839493751526 0.00161183637101195
2451357.1100117853 0.896415650844574 0.001508024870418
2451357.186403042 1.1044164896011353 0.0015979664167389
2451357.262099825 0.8687120676040649 0.0014943567803129
2451357.3384910645 1.1309797167778015 0.0016106260009109501
2451357.413493364 0.898741066455841 0.0015060523874126002
2451357.489190121 1.1069604158401487 0.0015996283618733
2451357.5641924036 0.8798518776893615 0.0014985200250521
2451357.641278074 1.1309058666229248 0.00161075743380925
2451357.717669271 0.8975101709365845 0.0015074210823513
2451357.793365994 1.103271484375 0.0016000563045963
2451357.8690627087 0.8659234941005707 0.0014911054167896002
2451357.9433704847 1.1296306848526 0.0016094334423542
2451358.0218450436 0.9022317826747894 0.0015086762141436
2451358.0961528034 1.1071585416793823 0.0016001185867935
2451358.172543951 0.8721041083335875 0.0014939523534849
2451358.2482406246 1.1299260258674622 0.0016106381081044
2451358.323937291 0.8990122675895691 0.0015073620015755
2451358.3996339487 1.1084161400794983 0.0016021424089558
2451358.475330598 0.8661456704139708 0.0014929969329386
2451358.5517217047 1.128264546394348 0.0016105007380247
2451358.627418339 0.8967811167240143 0.00150703039253125
2451358.7038094294 1.1047078371047974 0.0015991561231203
2451358.7788115833 0.8633242249488831 0.00149108871119095
2451358.8558971225 1.127569794654846 0.0016107176197692
2451358.930899261 0.8994017839431762 0.0015086482744663
2451359.0065958556 1.101337969303131 0.0015978891751728
2451359.082986907 0.8694671988487244 0.0014960059197619
2451359.163544734 1.114708662033081 0.0016048641991801
2451359.234380058 0.8972641825675964 0.0015079303993843001
2451359.309382158 1.0978289246559143 0.0015986433718353
2451359.385773178 0.8796467781066895 0.00149995391257105
2451359.4614697266 1.1303551197052 0.001610928797163
2451359.537860732 0.9083383679389953 0.0015129627427086
2451359.612862802 1.0886061191558836 0.0015935872215777
2451359.6892537917 0.8983997106552125 0.0015077746938914
2451359.76495031 1.123892366886139 0.0016087461262941
2451359.840646821 0.9195850491523744 0.0015169298276305
2451359.917037788 1.0778580904006958 0.0015894570387899
2451359.992734284 0.9143710434436798 0.00151497742626815
2451360.0684307725 1.11476731300354 0.0016070164274424
2451360.144821717 0.9387356042861936 0.0015276237390935
2451360.220518191 1.0724324584007263 0.001586744969245
2451360.2955201943 0.9264308214187621 0.0015212709549813999
2451360.3712166534 1.1106871366500854 0.0016040035989135
2451360.4483020306 0.950169861316681 0.001532842637971
2451360.523998475 1.0585455894470217 0.0015812795609235
2451360.5996949123 0.947539895772934 0.0015314869815483
2451360.675391342 1.097076177597046 0.0015986339421942
2451360.7510877643 0.9588921070098877 0.00153663719538595
2451360.827478642 1.0531308054924011 0.0015783195267431
2451360.903175051 0.964665949344635 0.0015385159058496
2451360.9788714517 1.086342990398407 0.00159305921988555
2451361.0545678455 0.9748424291610716 0.0015428134938701
2451361.128180845 1.0592057704925537 0.001581143354997
2451361.2101273844 1.0057077407836914 0.0015572174452245
2451361.282351446 1.078086018562317 0.0015896972035989
2451361.3580478113 0.9841421544551848 0.0015477101551368499
2451361.43374417 1.03646981716156 0.0015704453689977
2451361.5080515975 0.978573203086853 0.0015447478508576
2451361.588609175 1.0505055785179138 0.00157824321649965
2451361.666388897 1.0294570922851562 0.0015671091387048
2451361.737223995 1.0299712419509888 0.00156841031275685
2451361.8129203185 1.0027635097503662 0.0015561463078483
2451361.8893110966 1.0573765039443968 0.0015804705908522
2451361.9650074067 1.0085089206695557 0.0015599722974002
2451362.0407037092 1.019227147102356 0.0015634958399459
2451362.1164000053 1.014225423336029 0.0015622952487319
2451362.1920962953 1.0510240793228147 0.0015788079472258
2451362.268487039 1.0198087692260742 0.0015635098097845
2451362.3441833146 1.0109014511108398 0.00156006438191975
2451362.419185123 1.0212756991386411 0.0015643535880371499
2451362.496270308 1.0383055210113523 0.0015729124424979
2451362.5719665634 1.0311830043792725 0.0015699978685006
2451362.647662813 1.0009373426437376 0.001557934214361
2451362.723359056 1.0360986590385437 0.001572041073814
2451362.799055292 1.0302770137786863 0.001570429187268
2451362.875445983 1.0392241477966309 0.00157437461894
2451362.952531128 0.9844398498535156 0.00155043700942765
2451363.0268384237 1.0471898317337036 0.0015769867459312
2451363.1025346345 1.0178330540657043 0.0015669741551391498
2451363.178230839 1.04604172706604 0.0015797209925949
2451363.254621498 0.9821799993515016 0.0015498055145144
2451363.33031769 1.058154046535492 0.0015833120560273
2451363.4060138757 1.0056452751159668 0.0015596427256241
2451363.482404516 1.0616027116775513 0.0015885066241025
2451363.5581006906 0.9646000862121582 0.00154491560533635
2451363.6275467165 1.033402919769287 0.00157524121459565
2451363.7129653213 0.967107594013214 0.0015457647386938
2451363.785883637 1.067335605621338 0.00159263424575325
2451363.8615797875 0.9529887139797211 0.0015434913220815
2451363.9365814724 1.0715543031692505 0.0015965102938935
2451364.0129720718 0.983446717262268 0.0015580402687191
2451364.0900571253 1.0788208842277527 0.00160082028014585
2451364.1692255526 0.8984790444374084 0.0015207047108559998
2451364.240754917 1.0802955627441406 0.0016034038271754
2451364.3164510345 0.9651433229446412 0.00155186181655145
2451364.3907582276 1.07514226436615 0.0015994078712537
2451364.4685377143 0.9202871322631838 0.0015308583388105
2451364.5442338167 1.09153151512146 0.0016085862880572499
2451364.6199299144 0.9496104121208192 0.0015479467110708
2451364.6956260074 1.0907598733901975 0.0016114659956656002
2451364.7713220953 0.9138782620429992 0.001534568844363
2451364.8477126393 1.0964926481246948 0.0016182127874344
2451364.923408719 0.9354670643806455 0.00155035167699675
2451364.999104794 1.0931860208511353 0.0016189801972359
2451365.0748008653 0.8959362506866455 0.0015311602037399999
2451365.1504969327 1.1082149744033811 0.0016259528929367
2451365.226887456 0.9211669564247132 0.0015462560113519
2451365.301889057 1.0997455120086668 0.0016242093406617
2451365.3789740326 0.874195396900177 0.0015211107092909
2451365.453975627 1.1129520535469055 0.0016262019053101002
2451365.529671679 0.9122313261032104 0.0015399155672639
2451365.6060621864 1.1025758981704712 0.0016281816642731
2451365.6817582324 0.8626388907432555 0.0015247149858623001
2451365.7574542766 1.118908405303955 0.0016398489242419
2451365.833844778 0.896035134792328 0.0015479197027161
2451365.9109297367 1.1077139973640442 0.0016402557957917
2451365.9838479403 0.8736360669136046 0.0015372678171843
2451366.057460602 1.108464241027832 0.001642644056119
2451366.1359344767 0.89994877576828 0.00155225530033925
2451366.2130194334 1.1020572185516355 0.0016374952392652
2451366.29010439 0.8544414937496185 0.0015293500036932
2451366.3651059708 1.125038206577301 0.0016454544384032
2451366.4408020116 0.8945183753967285 0.0015439913840964
2451366.5171925128 1.1050019264221191 0.0016369381919503
2451366.5914996387 0.8677888810634613 0.0015341282705775999
2451366.6727513596 1.137414813041687 0.0016567207640036
2451366.7442806545 0.8957679569721221 0.0015518885920755001
2451366.8199767084 1.1042964458465576 0.0016441593179479
2451366.8956727656 0.8623650372028351 0.0015357256052084
2451366.9713688265 1.127465844154358 0.0016482626087963
2451367.047064892 0.8956532776355743 0.0015458572306670001
2451367.121372042 1.1043888330459597 0.0016335644759237
2451368.6415421683 1.0954488515853882 0.00159760710084805
2451368.71584906 0.8592856526374816 0.0014902097173035
2451368.7915448453 1.1217820048332214 0.0016084564267657
2451368.8672406096 0.8900581598281859 0.0015052177477627
2451368.943630811 1.0973854064941406 0.0015990686370059
2451369.019326536 0.857270210981369 0.0014909925521350998
2451369.095022243 1.1250314712524414 0.0016106811817735
2451369.171412388 0.8968061804771422 0.0015080580487847
2451369.24710806 1.1004995703697205 0.00160057790344575
2451369.3228037157 0.8644965887069702 0.0014915881911292
2451369.3984993547 1.125532627105713 0.00161117175593965
2451369.4741949784 0.8985490798950195 0.0015096542192623
2451369.550585042 1.10024094581604 0.0016007509548217
2451369.6262806365 0.8620109260082245 0.0014915361534803499
2451369.7019762164 1.1277676820755005 0.0016114847967401
2451369.7776717823 0.8955550193786621 0.00150756590301165
2451369.8533673347 1.1037518978118896 0.001600655959919
2451369.9304517824 0.8699816763401031 0.0014958642423152499
2451370.006841763 1.129086971282959 0.00161299726460125
2451370.0818428225 0.8955003619194031 0.00150768912862985
2451370.1582327783 1.1059367656707764 0.00160205789143215
2451370.233233813 0.8643865287303925 0.00149374705506485
2451370.30892929 1.129916429519653 0.0016123773530125
2451370.383930302 0.8968061208724974 0.001509191468358
2451370.46032021 1.1036378145217896 0.0016019017202779
2451370.5367101063 0.8651640415191649 0.001493452116847
2451370.6124055386 1.1258126497268677 0.0016116272308863001
2451370.688100959 0.9169344305992126 0.0015181391499936
2451370.7651852756 1.1081624627113342 0.0016035492299124
2451370.840880675 0.8741583824157715 0.0014955338556319
2451370.91588161 1.1251864433288574 0.001611502142623
2451370.9915769883 0.8954803347587585 0.0015070068766361998
2451371.069355715 1.1010958552360537 0.0015994884888641
2451371.1492177895 0.8960667252540588 0.0015054049436002
2451371.2193575148 1.1285528540611267 0.0016118907369673
2451371.295052852 0.8997981548309326 0.0015093398978933
2451371.37074818 1.107215940952301 0.00160357326967635
2451371.446443498 0.8696599602699279 0.0014958113897591
2451371.522833259 1.1276129484176636 0.0016114678001031
2451371.5985285575 0.8989292085170746 0.0015084894257597
2451371.6742238463 1.1073157787322998 0.00160283211153
2451371.749919126 0.8650475740432739 0.0014931745245120999
2451371.8256143965 1.1301357746124268 0.0016128494171425
2451371.902004109 0.8987977504730223 0.0015089807566255
2451371.977699361 1.108302116394043 0.0016028392128646
2451372.0533946026 0.8665786981582642 0.0014942896086722
2451372.129784287 1.130910038948059 0.001611947431229
2451372.205479511 0.8997432589530945 0.0015098465955815498
2451372.281174726 1.0994768142700195 0.0015987136866897
2451372.356869932 0.8702753186225891 0.00149648747174065
2451372.4332595794 1.1308637857437134 0.00161309057148165
2451372.509649219 0.9076551198959351 0.00151327240746465
2451372.5853443975 1.0937141180038452 0.0015965820057317
2451372.6603451166 0.8888421654701234 0.0015040420694276
2451372.736040278 1.1315343379974365 0.0016130498843267
2451372.8117354303 0.9099280834197998 0.0015149276005104
2451372.8881250247 1.0880441665649414 0.0015949048101902
2451372.96382016 0.9030553996562958 0.00151172035839405
2451373.039515286 1.1256945133209229 0.0016107115661725
2451373.1152104046 0.926349490880966 0.00152374606113875
2451373.1909055132 1.0803359746932983 0.0015916265547275
2451373.265211713 0.9023465216159821 0.0015116223949007
2451373.3409068054 1.1249815225601196 0.0016120574437081
2451373.4193796907 0.9414705336093903 0.0015292499447241
2451373.4950747658 1.067072510719299 0.001585457008332
2451373.5721587325 0.9509089291095731 0.0015331735485233
2451373.6513260407 1.08493310213089 0.00159265013644465
2451373.7221599407 0.9499285519123076 0.00153344328282395
2451373.7978549823 1.066020369529724 0.0015848847106099
2451373.874244465 0.957901656627655 0.0015383932041004
2451373.9485505903 1.105639398097992 0.0016031742561608
2451374.025634507 0.9632201790809632 0.0015396997332572
2451374.1013295157 1.0577952861785889 0.00158139556879175
2451374.1770245163 0.9669710993766784 0.0015423874137923
2451374.2534139575 1.0942107439041135 0.0015968941152095
2451374.3291089414 0.9768885970115659 0.00154545012628655
2451374.4048039173 1.0480929613113403 0.0015770405298098
2451374.4811933343 0.9850502014160156 0.001548527739942
2451374.5568882944 1.084138512611389 0.0015941791934892
2451374.632583245 0.9860008358955384 0.0015500630252063
2451374.708278189 1.0389102101325989 0.00157280627172435
2451374.783973125 0.9937577843666076 0.0015525507042184
2451374.8582791546 1.0848456025123596 0.0015937493881210498
2451374.9353629723 0.9956063628196716 0.0015542566543444
2451375.011752332 1.02877140045166 0.0015684072859585
2451375.0874472363 1.0096334218978882 0.0015596477896906002
2451375.163142132 1.0666862726211548 0.0015863890293985
2451375.239531469 1.008203387260437 0.0015608132816851
2451375.314531901 1.0243415832519531 0.0015690997242927
2451375.390921221 1.0201095342636108 0.0015650705900043
2451375.4673105343 1.053145408630371 0.0015791159821674
2451375.5423109434 1.0184727907180786 0.0015648963162675
2451375.615922448 1.024614930152893 0.0015687240520492
2451375.694395082 1.0336927771568298 0.0015704327379353
2451375.769395468 1.0508521795272827 0.00157921208301555
2451375.8457847424 1.0268136262893677 0.0015685969265177
2451375.9221740086 1.0016869604587555 0.00155696144793175
2451375.997174372 1.0388405323028564 0.00157364958431565
2451376.0728691756 1.040972888469696 0.0015740350936538998
2451376.154814 1.0662288665771484 0.0015852375654503
2451376.225647655 0.986977994441986 0.001550892367959
2451376.301342436 1.0523460507392883 0.00158084172289815
2451376.3770372095 1.0241888761520384 0.0015663104131817
2451376.4534264235 1.0510408878326416 0.0015798002714291
2451376.529121182 0.9781254827976227 0.0015462646260857
2451376.6048159334 1.0635855197906494 0.0015830633928999
2451376.6805106774 1.015785038471222 0.0015641903737559
2451376.7562054144 1.057902216911316 0.0015819759573787
2451376.8325945917 0.9664475917816162 0.0015405204612761
2451376.9082893133 1.0714789032936096 0.0015897926059551
2451376.983984029 0.999530494213104 0.0015560459578409
2451377.058984291 1.0592026710510252 0.0015833376673981
2451377.1353734387 0.9556367993354796 0.0015339911915361
2451377.21384592 1.0942623019218445 0.00159748422447585
2451377.287457267 0.9869207143783569 0.00155186065239825
2451377.363151947 1.0741260051727295 0.001589938532561
2451377.4395410675 0.932233452796936 0.0015257539926096
2451377.515235734 1.090781569480896 0.0015978242736309
2451377.59162484 0.9678235650062561 0.0015421044081449001
2451377.666625047 1.0784994959831238 0.0015910671791061
2451377.741625247 0.9299017786979675 0.0015274851466528499
2451377.8180143335 1.096484661102295 0.0016021837946027001
2451377.8930145213 0.9706115126609802 0.0015458313282579
2451377.9707924863 1.0891141891479492 0.00159936182899395
2451378.0464871065 0.9027968049049376 0.0015156584559008
2451378.1214872748 1.1031947135925293 0.0016064983792603
2451378.198570775 0.9401379227638245 0.0015356414369307
2451378.2742653764 1.09303617477417 0.0016026636585593
2451378.3485710807 0.8958969414234161 0.0015148913371376
2451378.42426567 1.1113662719726562 0.0016120632644742
2451378.504126928 0.9089932143688201 0.00152453134069215
2451378.5687103756 1.0646746754646301 0.00159459759015585
2451378.662460534 0.8213464617729187 0.0014859859365968999
2451378.728432862 1.1232286691665647 0.0016223496058955
2451378.8048218684 0.9216675758361816 0.0015347739681601
2451378.880516424 1.09705251455307 0.00161528360331425
2451378.9562109746 0.8650585412979126 0.0015143004711717
2451379.03190552 1.1293449997901917 0.00163187243742865
2451379.10760006 0.9109880328178404 0.00153795897495
2451379.18398904 1.0976905822753906 0.0016203745035454
2451379.259683571 0.8597330749034882 0.00151473941514265
2451379.3339892062 1.1330887079238892 0.0016350169898942
2451379.413155954 0.9013245105743408 0.0015346771106123
2451379.487461581 1.097778558731079 0.001622233132366
2451379.563156094 0.8660138845443724 0.0015218842308968
2451379.6388506033 1.1398792266845703 0.00164601352298625
2451379.71454511 0.9024831652641296 0.0015426111640408
2451379.792322947 1.0949729681015017 0.0016315741231665
2451379.866628557 0.860564947128296 0.0015290583251043998
2451379.943711943 1.1391435861587524 0.0016553142340853
2451380.018017547 0.8995331823825836 0.00155342806829135
2451380.0923231496 1.092257738113403 0.0016405370552092
2451380.1701009744 0.866801917552948 0.0015427053440362
2451380.2464899076 1.1421501636505127 0.0016628412995487
2451380.323573284 0.8902952373027802 0.00155307835666455
2451380.397878881 1.094973087310791 0.0016423492925241
2451380.474962257 0.8483222126960754 0.0015355647774413
2451380.5478789634 1.1363131999969482 0.0016643991693854
2451380.6235734504 0.9055364429950715 0.0015692060696892
2451380.6999623827 1.0965986251831055 0.0016569858998991501
2451380.777740206 0.8628152906894683 0.0015564602799713
2451380.852045808 1.1359262466430664 0.0016791560919955
2451380.928434747 0.8991739749908446 0.0015830415068194
2451381.004129244 1.0954542756080627 0.0016714655794203
2451381.077045965 0.8778888583183287 0.0015795914223417
2451381.1610738095 1.1484373807907104 0.0016939936322159501
2451381.231907204 0.8993624448776246 0.0015864584129303499
2451381.3076017187 1.098500609397888 0.0016687825554981
2451381.3832962383 0.8613227903842926 0.0015586470253765
2451381.458990763 1.137430191040039 0.0016694637015461
2451381.5082963724 1.0092742443084717 0.0016136157209984498
2452088.2721916414 0.9496817588806152 0.0014063720591366
2452088.341638599 1.0755277872085571 0.0014671265380457
2452088.4180302033 0.9448385834693908 0.0014042551629245
2452088.493727291 1.1018861532211304 0.00147965131327505
2452088.5694243363 0.913049042224884 0.0013885363005101
2452088.6451213425 1.0729575157165527 0.00146638165460895
2452088.720818312 0.950464963912964 0.0014066123403608
2452088.797904182 1.0918693542480469 0.001475213386584
2452088.8729066206 0.929276704788208 0.0013960225041955501
2452088.9486034974 1.061708688735962 0.001461049541831
2452089.0249948143 0.9710776805877684 0.0014161791186779
2452089.1006916394 1.0865997076034546 0.0014733475982211001
2452089.1756939758 0.938286542892456 0.0014008914004079499
2452089.252085222 1.0556060075759888 0.0014585597091354
2452089.3277819813 0.9792512059211732 0.0014209639048203
2452089.4041731865 1.0774556398391724 0.0014680692693218
2452089.4798699077 0.957840234041214 0.0014105416485108001
2452089.555566611 1.0477447509765625 0.0014540009433403
2452089.631263297 0.9944711327552795 0.0014285409706644501
2452089.7069599666 1.0742268562316897 0.0014671847457066
2452089.78404555 0.9741754531860354 0.0014181417645886
2452089.8590477235 1.0385321378707886 0.0014502237318083
2452089.934744347 1.010900378227234 0.0014366323594003
2452090.010440957 1.0639265179634094 0.00146214279811825
2452090.085443088 0.9727191030979156 0.0014186024200171
2452090.1625285977 1.0292418003082275 0.0014460480306297
2452090.238225166 1.0224362015724182 0.00144196412293235
2452090.313921722 1.0530303716659544 0.0014583679148927
2452090.390312729 0.993266463279724 0.001428251969628
2452090.466009259 1.0212461352348328 0.00144181313225995
2452090.541705778 1.0330110788345337 0.001448247465305
2452090.6174022853 1.0475210547447205 0.0014554061926901
2452090.6937932433 1.001454085111618 0.0014325699885375499
2452090.769489727 1.0085551738739011 0.001436274847947
2452090.845186199 1.0444373488426208 0.0014537554234266
2452090.920882661 1.0383796691894531 0.0014504616847261
2452090.996579111 1.0068721771240234 0.00143513089278705
2452091.0722755506 1.002116322517395 0.0014327670214697
2452091.148666443 1.056323766708374 0.0014586594188585
2452091.2243628614 1.0264689326286316 0.0014450977905653
2452091.300059269 1.0187828540802 0.0014424256514757
2452091.37645013 0.9858101606369016 0.0014243277255445
2452091.452146518 1.066542625427246 0.0014635869301855
2452091.5278428956 1.014510154724121 0.0014393299352377
2452091.6035392634 1.0262255668640137 0.0014448100700974
2452091.679235622 0.9785515069961548 0.0014213980175554
2452091.7556264317 1.076466679573059 0.0014700783649459
2452091.8313227706 0.9992704391479492 0.00143131357617675
2452091.907019099 1.0333248376846311 0.0014482921687886
2452091.9827154195 0.9673315286636353 0.00141581997741005
2452092.0584117295 1.0816407203674316 0.0014705575304105
2452092.134802492 0.9871193766593932 0.0014254400739446
2452092.2098043216 1.038464069366455 0.0014509151224046
2452092.286195066 0.9551845788955688 0.0014101088745519
2452092.3625858002 1.0942662954330444 0.0014774940209463
2452092.438282064 0.9718500673770905 0.0014191563241182999
2452092.5139783192 1.0501185655593872 0.0014558846596628
2452092.589674566 0.9424607157707214 0.00140448601450765
2452092.665370803 1.0951578617095947 0.0014788482803851
2452092.7417614916 0.956965923309326 0.0014122824650257
2452092.8174577113 1.0602487921714783 0.00146167224738745
2452092.893153922 0.9257625341415404 0.0013960429932922
2452092.9688501246 1.1070218086242676 0.00148462416836985
2452093.044546318 0.944997787475586 0.0014056412037461
2452093.1209369632 1.068730354309082 0.0014666195493191
2452093.196633139 0.9132856726646422 0.0013895194279029501
2452093.2723293067 1.1158912181854248 0.0014888903824612
2452093.348025466 0.9289592206478119 0.0013976210611872
2452093.4237216166 1.0734137296676636 0.0014682855689898
2452093.500112219 0.8995618224143982 0.0013835184508934
2452093.5758083523 1.1222736835479736 0.0014927713782526
2452093.651504478 0.912025451660156 0.0013898645993322
2452093.727895055 1.0802353620529177 0.0014725850196555
2452093.803591164 0.8861735165119171 0.00137599691515785
2452093.8792872643 1.1324502229690552 0.0014965647133067
2452093.9549833573 0.8960061967372894 0.0013826412032358001
2452094.030679441 1.0840320587158203 0.0014755798038095
2452094.1070699766 0.8845049142837523 0.0013769175857305
2452094.1827660445 1.1309403777122498 0.0014962558634579
2452094.2584621045 0.879235804080963 0.001374481478706
2452094.334158156 1.0917759537696838 0.0014781368081457
2452094.4098542 0.885098397731781 0.0013772478559985
2452094.4862446953 1.133153796195984 0.0014973654178902
2452094.561940723 0.8771582543849945 0.0013730918290093
2452094.637636743 1.0946165323257446 0.0014795801835134
2452094.714027214 0.8886091113090515 0.0013776329578831
2452094.7897232184 1.1309226155281067 0.0014966527232899499
2452094.864724756 0.8789799809455872 0.0013737733243033
2452094.9452819554 1.1023966073989868 0.0014835188048890999
2452095.016811185 0.8866780996322631 0.001377846696414
2452095.0932016163 1.1310402154922483 0.0014972310746088
2452095.168897582 0.8775399029254913 0.0013731374056078
2452095.2445935397 1.093006610870361 0.0014784387312829
2452095.3202894907 0.8815113604068756 0.0013758403947576499
2452095.3959854334 1.1298019886016843 0.0014977572718635
2452095.4723758264 0.878725826740265 0.0013764556497335
2452095.548071754 1.0948169827461243 0.00148091727169225
2452095.623767675 0.8818809986114502 0.0013775692787021
2452095.7001580456 1.1325280666351318 0.0014986336464062
2452095.775853951 0.8789500892162323 0.00137482804711905
2452095.851549849 1.0936222076416016 0.0014815112808719
2452095.92724574 0.8822923600673676 0.00137612287653605
2452096.002941624 1.1301047801971436 0.0014987230533733
2452096.0793319573 0.8862367272377014 0.0013810645323246
2452096.1550278272 1.096475303173065 0.00148576893843705
2452096.230723689 0.8869833946228027 0.0013833049451932
2452096.306419544 1.1339277029037476 0.00150512065738435
2452096.3821153915 0.8846311569213867 0.0013849112438037
2452096.45850569 1.0972659587860107 0.0014891561586409
2452096.534201524 0.8808865249156952 0.0013837814331054
2452096.6098973514 1.1309378147125244 0.0015079126460477
2452096.6855931715 0.8805634677410126 0.00138835801044475
2452096.761288985 1.098060131072998 0.0014951415359973
2452096.837679249 0.8813550472259521 0.001391633762978
2452096.913375049 1.1324584484100342 0.0015138522721826501
2452096.989070843 0.8844077587127684 0.0013939847704023
2452097.0654610866 1.0933605432510376 0.0014962082495912
2452097.141156867 0.8815836906433105 0.00139491865411395
2452097.2168526407 1.1325595378875732 0.0015175981679931
2452097.2925484087 0.8825609683990479 0.0013980877702124
2452097.3682441707 1.0937819480895996 0.0015008501941338
2452097.444634382 0.8799642324447632 0.0013984941178932
2452097.520330132 1.133892834186554 0.0015250660944729501
2452097.5960258753 0.8879963755607605 0.0014105503214523
2452097.671721612 1.0976019501686096 0.00151828088564795
2452097.747417344 0.884046733379364 0.0014201792655512
2452097.8238075264 1.130396604537964 0.0015439440030604
2452097.899503247 0.8822970986366272 0.0014295591390691
2452097.9751989613 1.0944677591323853 0.001531203277409
2452098.051589127 0.8823529481887817 0.0014320682967081
2452098.127284832 1.1329176425933838 0.0015539561863988
2452098.202980531 0.8849009871482849 0.0014421200612559
2452098.278676225 1.0952178239822388 0.0015421224525198
2452098.3543719146 0.8856772780418397 0.0014419853687286
2452098.4307620553 1.1314483880996704 0.0015610707923769
2452098.506457736 0.8833327591419221 0.00145283679012205
2452098.5821534116 1.0938615798950195 0.0015680821379646
2452098.6578490837 0.8812144994735718 0.00148392567643895
2452098.733544752 1.1339128017425537 0.0016165896086022
2452098.7828511028 0.8912587463855743 0.00151995336636895
2452102.334301903 1.156973958015442 0.00150959158781915
2452102.378747022 1.073060691356659 0.00146926200250155
2452102.452359223 0.9760023057460785 0.0014222448226064001
2452102.526665847 1.0498541593551636 0.0014592764200642
2452102.602361348 0.9791879057884216 0.0014253824483602502
2452102.67805682 1.0838943719863892 0.0014747151872143
2452102.7544467184 0.9805001616477966 0.0014250713866204
2452102.830142136 1.0426892042160034 0.00145548366708675
2452102.90583753 0.9958808422088624 0.0014333686558529
2452102.980143995 1.083378493785858 0.0014751293929293
2452103.057228249 0.9846388697624208 0.0014282037736847
2452103.133618029 1.03409206867218 0.0014508736785501
2452103.209313336 1.0082014203071594 0.0014389552525244
2452103.285008624 1.0697549581527708 0.0014684691559523
2452103.3613983453 1.0046385526657104 0.0014370526187121
2452103.436399145 1.0286754369735716 0.0014493823982775
2452103.5127888317 1.0215939283370972 0.0014456572243943
2452103.5884840493 1.0605409145355225 0.00146452523767945
2452103.664179251 1.0114872455596924 0.0014399124775081
2452103.7405688884 1.0127313137054443 0.0014421496307477
2452103.8169585103 1.0362995862960815 0.0014521856792271
2452103.8919592155 1.0523339509963987 0.0014596926048398
2452103.967654357 1.018421232700348 0.00144436472328375
2452104.044043936 1.0019005835056305 0.0014360111090354001
2452104.1204335 1.0488937497138977 0.0014590909704565499
2452104.1954341503 1.0427589416503906 0.0014560137642547
2452104.271129237 1.0317466259002683 0.0014515966176986
2452104.3468243117 0.9943887591362 0.0014325708616524501
2452104.4225193737 1.0522561073303225 0.0014600462745875
2452104.4989088727 1.0327198505401611 0.0014508087188005
2452104.5746039096 1.0366881489753723 0.00145220785634585
2452104.6502989344 0.984387159347534 0.0014284149510785
2452104.726688397 1.0669317245483398 0.0014676616992801
2452104.802383398 1.0204969644546509 0.00144548242678865
2452104.878078388 1.0452443361282349 0.0014571759384125
2452104.9537733663 0.9717710912227631 0.00142078107455745
2452105.029468333 1.071699857711792 0.0014698748709633
2452105.1058577374 1.008501887321472 0.0014397158520296
2452105.181552682 1.052548587322235 0.0014612988452427
2452105.257247616 0.9612433910369872 0.0014156884280964
2452105.332942539 1.0835492014884949 0.0014756295131518999
2452105.4086374515 0.9987228512763976 0.0014341006753966
2452105.4850268015 1.0573736429214475 0.0014644125476479
2452105.5607216926 0.9459024965763091 0.0014080104301683
2452105.636416573 1.0949149131774902 0.0014814872993156
2452105.7128058923 0.9791904687881468 0.0014244130579754
2452105.7885007523 1.0682458877563479 0.0014687497168779
2452105.864195602 0.9333152770996092 0.0014019982190802
2452105.9398904424 1.103184163570404 0.0014851459418423001
2452106.0155852726 0.9687499403953552 0.001420649816282
2452106.0919745406 1.0750598907470703 0.0014719906030222
2452106.1676693503 0.9194467067718506 0.0013959646457806
2452106.2433641516 1.1120387315750122 0.001489398535341
2452106.319058942 0.9527765810489655 0.0014119315310381002
2452106.394753723 1.0804245471954343 0.0014736938755959
2452106.471142942 0.9056496024131776 0.0013895706506446
2452106.5468377043 1.118949055671692 0.0014925265568307999
2452106.622532457 0.9373048543930051 0.0014050195459276
2452106.6989216474 1.090590476989746 0.0014793929876759
2452106.774616381 0.8900668025016785 0.0013813073164783
2452106.8503111056 1.1256266832351685 0.0014957481762394
2452106.9260058207 0.9206158518791199 0.0013966278056614001
2452107.001700527 1.0907829999923706 0.001479304744862
2452107.0780896707 0.8794034123420715 0.0013750826474279
2452107.1537843584 1.1325721144676208 0.0014994658413343001
2452107.229479037 0.9047145247459412 0.0013888909015804
2452107.305173707 1.1007023453712463 0.001484393782448
2452107.380868368 0.880415678024292 0.0013762617018073
2452107.457257466 1.1313889026641843 0.0014992270153015
2452107.5329521094 0.8907021284103394 0.00138124619843435
2452107.6086467435 1.1010546684265137 0.0014842847594991
2452107.6850358145 0.8835304379463197 0.001377293956466
2452107.7607304314 1.1346039175987244 0.0015005436725914001
2452107.8364250395 0.8984784483909608 0.0013842420885339
2452107.912119638 1.1009777188301086 0.00148469430860125
2452107.987814229 0.8855595588684082 0.0013789554359391
2452108.0642032567 1.1327898502349851 0.0015000067651271
2452108.1392033845 0.8943312764167786 0.0013836368452757
2452108.215592395 1.1026933193206787 0.0014850762672722
2452108.290592506 0.8807243108749389 0.0013762038433924
2452108.367675945 1.1349337100982666 0.00150075549026945
2452108.44406493 0.8903740048408508 0.0013811110402457
2452108.5239261324 1.1116807460784912 0.0014898016816005
2452108.594759539 0.8828621506690979 0.0013771605445072
2452108.671148499 1.1315375566482544 0.0014993487857282
2452108.7468430055 0.8895033299922943 0.0013804898480884
2452108.822537503 1.103819727897644 0.0014858609065413
2452108.898231994 0.8809369802474976 0.00137711112620305
2452108.9739264757 1.1326218843460083 0.0014999399427324
2452109.050315394 0.8939656019210814 0.0013831973774358
2452109.12600986 1.1058508157730103 0.00148759555304415
2452109.201704318 0.8857739567756653 0.0013801938621327
2452109.277398768 1.1316280961036682 0.00149941135896365
2452109.3530932097 0.8962400555610656 0.0013850291725248
2452109.429482089 1.104581594467163 0.0014866632409393
2452109.5051765153 0.8794470727443694 0.00137584796175355
2452109.5808709334 1.1310411691665647 0.0014992324868217
2452109.6572597884 0.8949066996574403 0.0013844009954482
2452109.732954192 1.102494239807129 0.00148583087138825
2452109.808648587 0.8822447657585144 0.0013774347025901
2452109.884342975 1.1317325830459595 0.00150126073276615
2452109.960037356 0.8952299356460571 0.0013883021892979
2452110.036426172 1.1052685976028442 0.0014907917939126
2452110.112814981 0.8783429265022279 0.0013798531144857
2452110.1878148955 1.12868595123291 0.0015028849011287
2452110.26420369 0.8922663331031798 0.0013878406025469
2452110.33920359 1.103520393371582 0.0014910534955561
2452110.4155923696 0.8827255368232726 0.0013853252166882
2452110.4912866987 1.1320822834968567 0.00150805688463145
2452110.566981021 0.892989993095398 0.0013939655618742
2452110.643369779 1.1064296960830688 0.0014984327135607
2452110.7190640867 0.8816813230514525 0.00138896843418475
2452110.794758389 1.12999427318573 0.0015116540016606
2452110.870452683 0.8928195238113403 0.00139932479942215
2452110.94614697 1.1074609756469729 0.0015033627860248
2452111.0225356948 0.8807919025421143 0.0013937823241576
2452111.098229969 1.1296905875205994 0.00151541800005355
2452111.1739242366 0.8980410695075988 0.0014059820678085
2452111.2496184986 1.1085696816444397 0.0015080320299603002
2452111.3253127537 0.8837226033210753 0.0013988610589876
2452111.401701445 1.1286103725433347 0.001518846489489
2452111.4780901307 0.8953993320465088 0.0014128559269011
2452111.5530899256 1.1064610481262207 0.0015183918876573
2452111.629478599 0.8839327096939088 0.001416532555595
2452111.705172824 1.1318108439445496 0.0015385220176539999
2452111.780867044 0.8963161110877991 0.0014322375645861
2452111.8565612584 1.1078856587409973 0.0015366345760412
2452111.932255467 0.8823680877685546 0.0014350464334711
2452112.008644113 1.1283842325210571 0.0015513973776251
2452112.084338312 0.8954850435256958 0.00144505599746475
2452112.1593380636 1.1091750860214233 0.00155336636817075
2452112.2357266946 0.8788838088512421 0.00144871603697535
2452112.3114208793 1.1268136501312256 0.0015645351959392
2452112.3878095015 0.9017584323883056 0.0014607072807848
2452112.463503678 1.109946846961975 0.0015696643968112
2452112.53919785 0.8806906938552856 0.0014857156202197
2452112.615586461 1.12973415851593 0.0016228476306423
