2451354.152801579 1.0007992386817932 0.00090586996520865
2451354.2284968575 1.000532150268555 0.0009056336130015
2451354.304192114 1.0005784034729004 0.00090563009143805
2451354.379887349 1.0005431175231931 0.0009056119597516
2451354.4562770156 1.000558853149414 0.0009055283153429
2451354.531972212 1.0002737045288086 0.0009054391121026001
2451354.6076673917 1.000157594680786 0.0009053423418663
2451354.683362554 1.000464916229248 0.00090537790674715
2451354.7590577006 1.0002440214157104 0.0009052805253304
2451354.835447284 1.0001431703567505 0.0009052674868144
2451354.9104479514 1.0001288652420044 0.0009053099784068
2451354.986837507 1.0002436637878416 0.0009053246467374
2451355.062532599 0.9951197803020476 0.00090377946617075
2451355.1382276798 0.9995188117027282 0.0009051503147929
2451355.2146171983 0.9999337196350097 0.0009053018293343
2451355.2903122557 1.0002018809318542 0.00090532196918495
2451355.366007302 1.0000770092010498 0.0009052381501533
2451355.442396787 0.9998907446861268 0.0009051961242221
2451355.5173973627 0.99977970123291 0.0009052467066794
2451355.5937868273 1.000295639038086 0.0009052781388163
2451355.669481833 0.9998830854892731 0.00090519411605775
2451355.7444823794 1.0003084540367126 0.00090530936722635
2451355.820871815 0.9999433755874634 0.00090513934264885
2451355.8965667924 0.999903917312622 0.0009052961831912
2451355.97295621 1.0000841617584229 0.0009053587564267
2451356.048651169 1.0000927448272705 0.0009053807007148
2451356.1250405684 1.0000699460506437 0.0009053173998836001
2451356.197957714 0.9999895095825196 0.0009052197565324
2451356.277819341 1.0000649094581604 0.00090523628750815
2451356.3535142653 1.0001813173294067 0.0009053815156221
2451356.427820284 1.0001608729362488 0.0009054351539816
2451356.5028207432 1.0002604126930237 0.0009054368420038
2451356.579210092 1.000112771987915 0.0009053467365447
2451356.659766123 1.0002453923225403 0.0009055628615896999
2451356.731294316 1.0002514123916624 0.0009055134141817
2451356.806989191 0.9999078512191772 0.0009054085239767499
2451356.8826840585 0.9980722069740297 0.0009048548527061
2451356.9590733666 1.0006701946258545 0.000905739609152
2451357.03407377 1.0003927946090698 0.0009057405404746
2451357.110463062 1.0005147457122805 0.0009056296548806
2451357.186157898 1.000375747680664 0.0009056896960828
2451357.2618527263 1.000426173210144 0.0009057075949385
2451357.3389364425 1.0004093050956726 0.0009057209535966999
2451357.4139368087 1.000234603881836 0.000905749911908
2451357.4896316137 1.0005502700805664 0.0009058637660928
2451357.5639375164 1.0005005002021787 0.00090577290393405
2451357.641021202 1.000635027885437 0.0009058787836693
2451357.7181048794 1.0002732276916504 0.00090584243298505
2451357.7931052065 1.000417947769165 0.000905863038497
2451357.868799974 1.000068426132202 0.0009057658025994
2451357.94310584 1.0002900958061218 0.00090590494801285
2451358.021578382 1.0000417232513428 0.0009058507857844
2451358.09657868 1.0000380277633667 0.0009058293653652
2451358.172273418 1.000031054019928 0.00090582680422805
2451358.247968148 0.9999931454658508 0.0009059197618626
2451358.3236628715 0.9998794198036194 0.0009059130970854
2451358.3993575866 0.9997928738594056 0.000905938562937
2451358.475746742 0.9996950030326844 0.0009060407173819
2451358.551441443 0.9996227622032163 0.0009060881275217501
2451358.627136137 0.9941736459732056 0.0009044944308698
2451358.70352527 0.9999552369117738 0.0009061595774255
2451358.777831056 0.9996702671051025 0.00090622279094525
2451358.8556090677 1.0000739693641663 0.0009062724420800001
2451358.930609286 0.9999021589756012 0.0009063277684617
2451359.006303943 0.9998161792755128 0.0009063669713214
2451359.08269304 1.0002565383911133 0.0009065670310519
2451359.16255436 1.00016850233078 0.00090671601356
2451359.2340823184 1.00015389919281 0.0009068551589734
2451359.309082501 1.0002778768539429 0.0009069198858924
2451359.385471569 1.0001380443572998 0.0009069291991181
2451359.4611661835 1.0004314184188843 0.0009071540262084
2451359.536860791 1.0000263452529907 0.0009071450913324
2451359.613249837 1.0005345344543457 0.0009073907276615
2451359.68894443 1.0003845691680908 0.0009074472764040501
2451359.7646390162 1.0005106925964355 0.0009076170972548
2451359.8410280407 1.000749945640564 0.0009076872956939
2451359.9167226125 1.0004196763038635 0.0009077925642486
2451359.9924171777 1.0001544952392578 0.0009078226285055
2451360.0681117354 1.000499188899994 0.00090799576719285
2451360.1438062866 1.0005089044570925 0.0009080696036107
2451360.2201952757 1.0004318952560425 0.0009081606403924
2451360.295195367 1.0004376173019407 0.0009081928292289
2451360.3708898975 0.9954332113265992 0.0009067231148947
2451360.4479733105 1.0004851818084717 0.0009084122139029
2451360.5229733814 1.0001492500305176 0.0009082920732907
2451360.5993623356 1.0006394386291504 0.0009084633784368
2451360.675056838 1.0009751915931702 0.00090848977561105
2451360.7507513333 1.0003595352172852 0.0009084505727514
2451360.8271402675 1.0008479356765747 0.0009085015626624
2451360.902140304 1.000579595565796 0.0009083888726308
2451360.9785292237 1.0008633136749268 0.0009084145422093
2451361.054223692 1.0007102489471436 0.00090842117788265
2451361.1278348193 1.0007593631744385 0.0009084393968805001
2451361.2097792746 1.0005325675010681 0.0009081828757189
2451361.2813070556 1.0004563331604004 0.0009082016767933
2451361.357695941 1.0002641677856443 0.0009081297321245
2451361.433390375 1.0006557106971743 0.00090813898714255
2451361.507001471 1.000240445137024 0.0009079981828108001
2451361.587557001 1.0003951191902163 0.00090784096391865
2451361.665334748 1.0001073479652405 0.0009079291776287501
2451361.736862491 1.0000183582305908 0.0009078686125576
2451361.812556892 0.9998188316822051 0.0009078252478502
2451361.888251287 1.0000234842300415 0.0009077622671611
2451361.9639456747 1.0000593066215515 0.0009076918649952501
2451362.0396400564 0.9997145533561704 0.00090755475685
2451362.1160288756 0.9996498227119444 0.0009074342087842
2451362.1917232443 0.998242676258087 0.0009068502404261001
2451362.267417607 0.9999102950096128 0.0009073498658835
2451362.3431119625 0.9999307394027709 0.00090733781689775
2451362.4181118687 0.999974399805069 0.0009072178509086
2451362.4951950987 0.999957799911499 0.0009071219246834
2451362.5708894357 0.9997328221797942 0.0009069514635484501
2451362.646583766 0.9999687671661378 0.0009069333900697
2451362.7229725337 1.0001927614212036 0.0009069269290193
2451362.7986668525 1.0000589489936829 0.0009067560022231
2451362.8750556074 1.0003011226654053 0.00090678920969365
2451362.9521387997 1.0003089904785156 0.0009065853082574
2451363.02574977 1.0002592802047727 0.0009065532358363
2451363.1021385067 1.0003662109375 0.0009065121412277
2451363.1778327944 1.0001166462898254 0.0009063193283508999
2451363.253527076 1.0000108480453491 0.0009062397293746
2451363.329221352 1.0002567768096924 0.0009062181343324
2451363.404915622 0.9999333620071412 0.0009061590535566
2451363.4813043294 0.9999538660049438 0.0009059954900294
2451363.5569985877 1.0001450777053833 0.0009060151933225999
2451363.627137299 1.0000890493392944 0.0009060508455149
2451363.7118593007 1.000364363193512 0.00090603285934775
2451363.784775771 1.0001464486122131 0.0009059101575985
2451363.8597755646 1.0005202293395996 0.0009060472948476
2451363.935469795 0.9944366812705993 0.0009041607845574
2451364.0118584624 1.0005840063095093 0.0009060584125109
2451364.0889415666 1.0005865097045898 0.00090607051970435
2451364.168107993 1.0005467534065249 0.0009061860037035999
2451364.2396355486 1.0002119541168213 0.000906266446691
2451364.3153297524 1.0005509853363037 0.0009064107434824001
2451364.389635067 1.0006084442138672 0.0009066339116543
2451364.466718145 1.0004929304122925 0.00090681391884565
2451364.5424123346 1.0003914833068848 0.0009071501553989
2451364.618800961 1.0004581212997437 0.0009075542911887
2451364.6944951406 1.0003356337547302 0.0009078710863832
2451364.7701893155 1.0001981258392332 0.0009080677409656
2451364.8458834863 1.0003904700279236 0.00090865656966335
2451364.9215776525 1.0001876354217527 0.0009090775856748
2451364.997966256 1.0002739429473877 0.0009092919644899
2451365.0736604137 1.00014990568161 0.0009095759305637
2451365.1493545673 1.000179409980774 0.000909807276912
2451365.2257431583 0.99984472990036 0.0009099404560402
2451365.3014373044 0.9998631477355957 0.0009099581511691
2451365.3785203295 0.9999342560768129 0.0009099362650886
2451365.4528255854 1.0001404881477356 0.0009101295727305
2451365.528519721 0.9998963475227358 0.0009108046069741
2451365.604908294 0.9998185634613036 0.0009118004818446
2451365.680602423 0.9942744970321655 0.00091138470452275
2451365.756296549 0.9992696642875672 0.0009137371671386
2451365.8319906723 0.999865174293518 0.000914889445994
2451365.909073676 1.0001612901687622 0.0009164088987745
2451365.98268447 0.9997871518135072 0.0009172903955914
2451366.0562952613 0.9996621012687684 0.0009181121713481
2451366.134767141 1.0001683235168457 0.0009187609830405
2451366.211155695 1.0002638101577759 0.00091884643188675
2451366.288238688 1.000475525856018 0.0009186164825223
2451366.363932796 1.0002483129501343 0.00091862850240425
2451366.4396269033 1.000384211540222 0.0009186308016069
2451366.51601545 1.0004307031631468 0.0009190426208078
2451366.58962623 1.0001240968704224 0.0009194134036079
2451366.670875863 1.0003497004508972 0.00092095730360595
2451366.743097758 1.0005109310150146 0.0009212131844833
2451366.8180974163 1.0003411173820496 0.0009202801156788501
2451366.893791514 0.999959886074066 0.0009193394798785
2451366.969485609 1.0000858902931213 0.0009182175563182
2451367.045179701 1.0003482103347778 0.0009170900448225
2451367.1208737893 1.0002444982528687 0.0009156719606835
2451368.6410021125 1.0001518726348877 0.0009059472358785
2451368.713918037 1.0001466870307922 0.0009059753501786999
2451368.789611691 1.0000842809677124 0.0009058315772563
2451368.865999764 1.000131607055664 0.000905959168449
2451368.9416933814 0.999953895807266 0.0009058542491402
2451369.0173869827 1.000354528427124 0.0009059958392754
2451369.093080567 0.9998984038829803 0.0009058635332621001
2451369.168774137 0.9998887777328492 0.0009058319847099
2451369.245162128 0.9941545724868774 0.0009042168385349
2451369.3208556687 1.0001830458641052 0.00090583044220685
2451369.396549196 1.000049352645874 0.000905780645553
2451369.47224271 1.0000205934047697 0.0009056923445314
2451369.5479362123 1.0003576278686523 0.0009058404830284
2451369.624324138 0.9999433159828186 0.0009057003771886
2451369.700017616 1.0003042817115784 0.00090581650147205
2451369.7757110833 1.0002878904342651 0.0009058104478754
2451369.8514045393 1.0002132654190063 0.0009057763963937
2451369.9277924197 1.0003930926322937 0.0009057930146809
2451370.0048747244 1.0004911422729492 0.0009057978168129
2451370.0798737137 1.0005966424942017 0.0009057647548615
2451370.155567128 1.0004838109016418 0.0009057913848664
2451370.2312605325 1.0006121397018433 0.0009058070136234
2451370.3069539275 1.0003655552864075 0.00090573119814505
2451370.381952878 1.0004278421401975 0.00090561824617905
2451370.458340689 1.0005233883857727 0.0009056637936737
2451370.534034056 1.0004057884216309 0.000905658933334
2451370.6104218485 1.0005930662155151 0.0009056098060682
2451370.6833374603 1.0008296370506287 0.0009056800336111001
2451370.763197406 1.0003130435943604 0.0009055323898792
2451370.8388907374 1.0008519291877747 0.0009055872214957499
2451370.913195192 1.0005192756652832 0.0009055795962922
2451370.9895829395 0.9952654838562012 0.0009038970456458
2451371.0673595476 1.0002410411834717 0.0009054912952706
2451371.146525014 1.0005148649215698 0.0009057475836016
2451371.216662832 1.0006158351898193 0.0009057408315129
2451371.292356113 1.0005304813385008 0.0009057524730451
2451371.3687438187 1.0003385543823242 0.0009057959541678
2451371.444437083 1.0009005069732666 0.0009059086150955
2451371.5201303395 1.0006499290466309 0.0009058547439053
2451371.595823588 1.0007032752037048 0.0009057847782969
2451371.6715168282 1.000870943069458 0.0009058149880729
2451371.7479044935 1.0005799531936643 0.0009057415300048
2451371.823597718 1.0000692009925842 0.0009056602430064
2451371.8992909347 1.0004348754882812 0.0009057677234522
2451371.974984144 1.0005283951759338 0.0009057737188413
2451372.050677344 1.000133752822876 0.0009056500857695
2451372.1270649703 1.0001087188720703 0.0009056327980943
2451372.2027581558 1.0000044107437134 0.00090565398568285
2451372.278451334 1.0001204013824463 0.0009058222058229
2451372.3541445043 1.0000121295452118 0.00090562342666085
2451372.4298376665 1.0001636743545532 0.00090561271645125
2451372.5069196867 0.9996057748794556 0.0009055654809344
2451372.5826128344 0.9997041821479796 0.0009056142880581
2451372.657611542 0.9998958110809326 0.0009056676062755
2451372.7339991066 0.9991514086723328 0.0009053653921
2451372.809692231 0.9983502626419067 0.0009049701911862499
2451372.885385349 0.9997867941856384 0.0009055997361429
2451372.961078459 1.0000970363616941 0.0009056954295374
2451373.0367715615 0.9997625350952148 0.0009056105627678
2451373.112464657 1.0000473856925964 0.0009056601847987
2451373.1867688806 1.0003188848495483 0.0009056340786628
2451373.2631563935 0.9999967217445372 0.0009055292466655
2451373.3388494668 1.0003274083137512 0.0009057686838787
2451373.4166258285 0.9999697506427765 0.00090563725098035
2451373.4923188873 0.99966961145401 0.0009056269191205
2451373.5694008013 1.0001510977745056 0.00090563806588755
2451373.648566003 1.000142514705658 0.0009058142022695
2451373.7193980194 0.9997678697109222 0.00090567255392665
2451373.7950910493 1.0000097751617432 0.0009057124261744
2451373.871478503 1.0002866983413696 0.0009057701099663
2451373.945782656 1.000184714794159 0.0009058481664396
2451374.0228645266 1.0000078678131104 0.0009057224378921
2451374.098557528 0.9998717606067655 0.0009057238348759
2451374.174250522 1.0001170635223389 0.0009057514835149
2451374.25063794 1.0001872777938845 0.0009057271527126
2451374.3263309198 1.0001632571220398 0.0009056764247361
2451374.402023893 1.0003710985183716 0.0009058114956133
2451374.477716859 1.000187337398529 0.0009056607377715
2451374.553409818 0.994635045528412 0.0009040069417096
2451374.6297972007 1.0003737211227417 0.000905767083168
2451374.705490145 1.0002893209457397 0.0009057991264853
2451374.7811830835 1.0003602504730225 0.0009056861163116
2451374.8568760147 1.0002448558807373 0.00090581609401845
2451374.9346522302 1.000380754470825 0.0009058095456566
2451375.009650717 1.0005236268043518 0.00090572933549985
2451375.084649197 1.0006688237190247 0.00090583850396795
2451375.1603421005 1.000502109527588 0.0009057578863576
2451375.2367294277 1.0004559755325315 0.0009057655697688
2451375.311727888 1.0006594657897947 0.0009057286079041
2451375.388115201 1.000538945198059 0.0009057321585714
2451375.4638080774 1.0007055401802063 0.00090564979473125
2451375.5388065176 1.0002450346946716 0.0009056785493157
2451375.613110521 1.000236749649048 0.0009055939153768
2451375.6915810974 1.0003942847251892 0.0009056488634087
2451375.766579517 1.000192642211914 0.0009055544505827001
2451375.8422723603 1.0001723766326904 0.0009056439157575
2451375.9186596265 1.0000983476638792 0.0009055048576556
2451375.994352457 1.0003880262374878 0.00090563308913255
2451376.069350851 1.000086784362793 0.0009054596011992
2451376.151987963 1.0001224279403689 0.0009057027637027
2451376.2221253375 0.9999930560588837 0.0009056466806213999
2451376.2978181415 0.9941658973693848 0.0009039437281899
2451376.3742053686 0.9996041059494016 0.0009056064300239
2451376.44989816 0.9998803436756135 0.0009056768612935499
2451376.525590945 1.0002771615982056 0.000905780296307
2451376.6012837235 1.0001083612442017 0.0009056335256900001
2451376.676976496 1.0003257989883425 0.0009057540446519
2451376.753363691 1.0000611543655396 0.0009055342525243
2451376.829056451 0.9999913275241852 0.0009056210983544
2451376.9047492044 1.000333547592163 0.0009056982235051
2451376.9811363807 1.0004557371139526 0.0009057748829945
2451377.0561346933 1.000462770462036 0.0009056854178197
2451377.1325218575 1.0002360343933103 0.0009055914124473
2451377.210297873 1.0002799034118652 0.000905628199689
2451377.28390731 1.00018048286438 0.0009055621339939
2451377.3602944557 1.00031578540802 0.0009057317511178
2451377.4359871675 1.000441074371338 0.00090564379934215
2451377.5116798733 1.0003143548965454 0.0009055886766873
2451377.5880670017 1.000174045562744 0.0009055361151695
2451377.6630652673 1.000301957130432 0.0009056461858563
2451377.7387579554 1.000255048274994 0.0009055928094312
2451377.8144506384 1.0002737045288084 0.0009056497365236
2451377.888060031 1.000722289085388 0.0009057961287908
2451377.967224844 1.0007086992263792 0.0009057544521056
2451378.04291751 0.998769849538803 0.0009052539826369999
2451378.1186101707 0.9992117881774902 0.0009052506648004
2451378.194997254 1.0002775192260742 0.0009056718554347
2451378.270689904 1.000468909740448 0.0009057228453457
2451378.3449936938 1.0003397464752195 0.000905779947061
2451378.419991906 1.000482439994812 0.0009058322757482
2451378.5005455352 1.00063955783844 0.0009058826835826
2451378.566516176 1.0006911754608154 0.0009058803843799499
2451378.66095835 1.0006102323532104 0.00090618155081755
2451378.724845699 1.0006920099258423 0.000906333385501
2451378.800538315 1.0007206201553345 0.000906481698621
2451378.876925353 1.000554084777832 0.0009066098718903
2451378.9526179596 1.0002745389938354 0.0009068567596841001
2451379.0283105616 1.0005260705947876 0.0009073769324459
2451379.104697587 1.000402808189392 0.0009078945731744
2451379.1803901806 1.0000078678131104 0.0009081085445358499
2451379.2560827695 1.00028920173645 0.0009081980097107
2451379.330386501 0.999957114458084 0.0009083306358661
2451379.408856792 0.9999451637268064 0.0009087120997719
2451379.4838549425 0.9998769760131838 0.0009091434767469
2451379.5595475174 0.9999996721744537 0.00090969158918595
2451379.6352400878 1.000074028968811 0.0009100250317715
2451379.710932656 0.9998678267002103 0.0009103444463107
2451379.786625221 0.9997202157974244 0.0009108181693591
2451379.86301221 0.9935020208358764 0.0009101164177991
2451379.9400936235 0.9998489618301392 0.00091293515288265
2451380.014397326 0.9998391270637512 0.00091416813666
2451380.088701026 0.9999617040157318 0.00091551075456655
2451380.1657824325 0.9999544620513916 0.0009165616356767
2451380.2428638367 1.0001184940338135 0.0009175712184514
2451380.320639666 1.0002599358558655 0.00091827780124725
2451380.3942489317 1.0002921819686887 0.0009191244607791
2451380.4706359045 1.0003178119659424 0.0009203765948768
2451380.543550741 1.0002530813217163 0.0009223303641192
2451380.6199377114 1.000051736831665 0.0009243349777534
2451380.6963246814 1.000157594680786 0.0009260806837119
2451380.773406077 0.9997715353965759 0.000927593500819
2451380.8477097643 0.999775528907776 0.0009292915347032
2451380.924096733 1.0004453659057615 0.0009318595402874
2451381.0004837005 1.000127196311951 0.0009328995365649
2451381.073398533 0.9998660087585447 0.00093292520614335
2451381.156729769 1.0000721216201782 0.0009318641677964
2451381.2275613183 1.0000773072242737 0.00093062382075
2451381.3032538556 1.0000199079513548 0.0009284928091801
2451381.3796408176 0.9999790787696838 0.0009255293989554
2451381.4553333493 1.0001661777496338 0.0009229450370184999
2451381.5060265106 1.0000855922698977 0.0009213988669216
2452088.250409504 1.0010162591934204 0.0009032733505591
2452088.2948543606 1.000468373298645 0.0009032273082993
2452088.3712439146 1.0002989768981931 0.0009031246299855
2452088.446938969 1.0007100105285645 0.00090331150568085
2452088.5226339796 1.0002597570419312 0.0009031459339894
2452088.59832895 1.0001251101493833 0.0009032262023538
2452088.6740238843 0.9998766779899596 0.0009031649678945
2452088.750413235 1.000062108039856 0.0009031629306264
2452088.8268025555 0.999882161617279 0.0009031471563503
2452088.9018029524 0.9998804926872252 0.0009031994268298
2452088.97819222 1.0001239776611328 0.0009032129892148
2452089.053887017 0.9999996721744536 0.00090319663286205
2452089.1295817923 0.9997673034667968 0.0009031982044689
2452089.2059709947 1.0000873804092407 0.0009031929657794
2452089.280971284 0.9943101406097412 0.0009014584938995
2452089.3573604496 0.9996713399887086 0.0009031018707901
2452089.433055151 1.0003815293312073 0.0009033695678225999
2452089.508749836 0.9999350309371948 0.0009032596717588
2452089.584444506 0.9999177455902097 0.00090325638302595
2452089.660139161 1.0000333786010742 0.0009033001842908
2452089.735833802 1.000162959098816 0.0009033685200847
2452089.8122228747 1.000070035457611 0.0009032197995111
2452089.887917489 1.0004326105117796 0.000903359206859
2452089.96361209 1.0003718733787537 0.0009033328678924499
2452090.0393066783 1.0002801418304443 0.0009033963433466
2452090.1163901454 1.0005978345870972 0.0009034208778756999
2452090.191390265 1.0003144145011902 0.0009033001842908
2452090.2670848174 1.000385046005249 0.0009033581591211
2452090.342779359 1.000491201877594 0.0009034867107402
2452090.418473889 1.0004407167434692 0.0009034188697114
2452090.494862854 1.0004805326461792 0.0009034959366545
2452090.5705573624 1.0002230405807495 0.0009033473033923001
2452090.6455574157 1.000245451927185 0.0009033677342813
2452090.721946349 1.0002731084823608 0.0009034812392200999
2452090.7976408266 1.0004891157150269 0.0009035286493599
2452090.874029739 1.0004268884658811 0.0009034352842718
2452090.9497241965 1.0000750422477722 0.0009033872338477
2452091.025418645 0.9986974000930786 0.0009028805652633
2452091.101113083 0.999095320701599 0.0009030986984725499
2452091.1768075116 1.0003648996353147 0.0009035157854668
2452091.253196375 1.000234842300415 0.0009034046088345
2452091.3288907856 1.0002939105033875 0.00090346412616775
2452091.404585186 1.0003379583358765 0.0009034916874952
2452091.4809740214 1.0004464387893677 0.0009035437833517
2452091.5566684036 1.0003861784934998 0.0009034391259774
2452091.632362777 1.0004098415374756 0.0009034218965098
2452091.708057141 1.000365436077118 0.0009035036200657
2452091.7837514966 1.0006632804870603 0.0009036160190589
2452091.8601402873 1.0008974075317385 0.0009035564144141
2452091.9358346253 1.0004826188087463 0.00090350146638225
2452092.0115289544 1.0003262758255005 0.0009034488466568
2452092.087223275 1.0008425116539001 0.0009035738185048
2452092.162917587 1.000519633293152 0.0009034496033564
2452092.240000777 1.0004193186759949 0.0009034603717736501
2452092.3150006286 1.000424325466156 0.0009035519324242501
2452092.3906949153 1.0004034042358398 0.000903463573195
2452092.466389193 1.0004015564918518 0.000903553183889
2452092.542083463 1.0006642341613767 0.0009035255061462
2452092.6184721673 1.0003273487091064 0.0009034826653078
2452092.694166421 1.0004879236221313 0.0009034941031131501
2452092.769860666 1.0003018379211424 0.0009034944814629
2452092.8455549027 0.9945220649242401 0.0009017185366245999
2452092.921249131 1.0002391338348389 0.0009034379036165
2452092.997637795 1.0008938312530515 0.0009036242263391
2452093.073332007 1.0005415081977844 0.00090366599033585
2452093.1490262114 1.0004327297210691 0.0009035085095092
2452093.224720408 1.0006056427955627 0.0009035454422701001
2452093.300414597 1.0005608797073364 0.0009034390677697
2452093.37680322 1.0008374452590942 0.0009035720140673
2452093.4524973924 1.0007984042167664 0.0009036278643179
2452093.5281915576 1.000788927078247 0.0009035760886035
2452093.603885715 1.0007858872413635 0.00090374477440485
2452093.6795798643 1.0008200407028198 0.0009036451228894
2452093.7559684473 1.0005209445953367 0.0009034982067532
2452093.8316625813 1.0005961656570435 0.000903578067664
2452093.907356708 1.000102400779724 0.0009034461691044
2452093.9837452676 1.00066876411438 0.000903676263988
2452094.0594393783 1.0003293752670288 0.0009034935792441999
2452094.135133482 1.000256299972534 0.0009034929680638
2452094.210827578 1.000236690044403 0.00090344337513665
2452094.2865216658 0.9999098777770996 0.0009033175301738
2452094.362910188 1.0001943111419676 0.0009034808608703
2452094.4386042613 1.0000803470611572 0.0009034555696416
2452094.514298327 0.9998257756233216 0.0009032256202772
2452094.5899923854 0.9940789639949799 0.00090163195272905
2452094.6656864365 0.9994983673095704 0.0009033474489115
2452094.7420749213 0.999575078487396 0.0009032873203977
2452094.8177689575 0.9996105134487152 0.00090340254246255
2452094.8886019024 0.9996332228183746 0.00090342585463075
2452094.9691570085 1.000125527381897 0.0009034950344357501
2452095.0448510232 1.0000876188278198 0.0009035569382831
2452095.1212394712 1.0001033544540403 0.0009036388946697
2452095.196933472 1.0000610947608948 0.0009036177361848999
2452095.2726274654 1.000002145767212 0.000903571548406
2452095.3483214513 0.9998878240585326 0.00090364672360005
2452095.424015431 1.0000780820846555 0.0009037288837134
2452095.5004038434 0.9999008178710936 0.0009037928539328
2452095.576097809 0.9997452199459076 0.00090381153859195
2452095.651791767 1.0001471042633057 0.0009039986762218
2452095.727485719 0.9999437928199768 0.0009040490549523
2452095.8031796636 0.9997736215591432 0.0009040482109412
2452095.8795680413 0.9998587965965272 0.0009040943696163
2452095.9552619727 0.999615341424942 0.00090420417836865
2452096.0309558976 0.9998066425323486 0.0009042625897563
2452096.106649815 0.9997781813144683 0.0009044184989761
2452096.1823437265 0.9999110102653505 0.000904690939933
2452096.258732071 0.9999701976776124 0.0009048181818798
2452096.3344259695 0.9980500638484954 0.0009044127655215
2452096.4101198614 0.998916208744049 0.0009051788365468
2452096.4858137467 1.0000810623168945 0.0009059304138645001
2452096.561507626 1.0000486373901367 0.0009063800098374
2452096.637895938 0.9999531507492064 0.0009068569052033
2452096.7135898047 0.9998421370983123 0.00090736462152555
2452096.7892836654 1.0001423358917236 0.000907955225557
2452096.865671959 1.0001043081283567 0.0009084416087716
2452096.9413658073 1.000329554080963 0.00090883497614405
2452097.01705965 1.0004905462265017 0.0009090803796425
2452097.0927534867 1.00040864944458 0.0009097943257074
2452097.168447317 1.000288724899292 0.0009105062927119
2452097.244835581 1.000272750854492 0.000910808739718
2452097.3205294004 1.00038081407547 0.00091093464288855
2452097.3962232145 0.9999585151672364 0.0009112356347031
2452097.471917023 1.000458776950836 0.00091239044559185
2452097.547610826 1.000738739967346 0.0009136931621469
2452097.623999062 1.0000262260437012 0.0009153439896181
2452097.6996928547 1.000380516052246 0.0009171978745143501
2452097.775386642 1.000567317008972 0.0009188547846861
2452097.8510804246 1.0002027750015259 0.0009207732509821499
2452097.926774203 1.0002171993255615 0.00092196528567
2452098.003162414 1.000421166419983 0.0009228188428096
2452098.0788561823 0.9998070597648621 0.0009242257801815501
2452098.154549946 0.9947600960731504 0.0009259621147066
2452098.230243706 1.0003119111061096 0.0009315795032307
2452098.3059374616 1.0003641843795776 0.0009358702227473
2452098.3712146417 1.0008561611175537 0.0009483286412432
2452102.346179513 1.0007641315460205 0.000903351814486
2452102.4024287714 0.9998759031295776 0.00090316223213445
2452102.4774277546 1.0001379251480103 0.00090319680748505
2452102.5531211435 0.9999842643737794 0.0009031137451529
2452102.629508938 0.9996078610420228 0.000903133128304
2452102.705202272 0.9996630251407623 0.00090307998470955
2452102.7808955824 0.999823808670044 0.0009031574591062
2452102.85658887 0.999824732542038 0.0009030838846228501
2452102.932282136 0.9996970295906068 0.0009030398796312
2452103.010058682 1.0003355741500854 0.0009031312656588
2452103.0843630424 0.9999326169490814 0.0009030735818669
2452103.160056251 0.9998661279678344 0.0009030604851432
2452103.235749443 0.9999869465827942 0.0009030281216837
2452103.3114426183 1.0000591278076172 0.000903062580619
2452103.387830211 0.9997164607048034 0.00090287666535
2452103.4628289226 0.9937402606010436 0.0009011575602926
2452103.539216485 1.0005427598953247 0.0009031899971887
2452103.614909601 1.0006244778633118 0.00090319331502535
2452103.690602703 1.000377178192139 0.00090310908854
2452103.766990224 1.000810146331787 0.0009032685193233
2452103.8433777317 1.0008052587509155 0.0009032146772369
2452103.9183763633 1.0008326768875122 0.0009031374938786
2452103.9940694147 1.0006094574928284 0.00090326485224065
2452104.069762454 1.0008071660995483 0.0009032032103277
2452104.1461499133 1.0006582736968994 0.0009031351073645
2452104.2218429293 1.0011395812034607 0.00090327454381615
2452104.2975359345 1.0009779930114746 0.0009031810332089
2452104.3739233594 1.0009905099868774 0.0009032486123032
2452104.449616343 1.0009010434150696 0.00090313403052275
2452104.525309315 1.0008436441421509 0.0009031663648784
2452104.601002277 1.0010050535202026 0.00090307768550695
2452104.676695229 1.000852346420288 0.0009031085646711
2452104.753082601 1.0004035234451292 0.0009031080408021
2452104.828775532 1.0007080435752869 0.000903169682715
2452104.9044684535 1.000811219215393 0.0009030985529534
2452104.9801613656 1.0007137060165405 0.0009031423251144
2452105.0558542674 1.0005123615264893 0.0009029901120811
2452105.13224159 1.0003836154937744 0.0009029762004502
2452105.2079344727 0.9946887791156769 0.00090134594938715
2452105.2836273466 1.0003315210342407 0.0009030254441313
2452105.3593202108 1.0000882148742676 0.0009029064094647501
2452105.4350130656 1.0003966093063354 0.0009030234068632
2452105.511400342 1.0004445314407349 0.0009028403437696
2452105.5870931786 1.000401794910431 0.000902893661987
2452105.6627860065 1.0002835988998413 0.0009027816122397
2452105.7384788254 1.0002322793006897 0.0009027636842801499
2452105.814171636 1.0003596544265747 0.0009028329513967
2452105.890558867 1.0002996921539309 0.0009026988409459
2452105.966251659 1.0002660751342773 0.00090276243281545
2452106.041944444 1.0002092123031616 0.0009027406922541
2452106.1183316484 1.0002040863037107 0.0009027601918205
2452106.1940244157 1.0002139210700989 0.0009026482875924
2452106.269717174 1.000287652015686 0.0009027176420204
2452106.3454099246 1.000076174736023 0.0009027729975059501
2452106.4211026663 1.0003526210784912 0.0009026660118252
2452106.4974898286 0.9998160004615784 0.0009026595507748
2452106.573182554 1.0000610947608948 0.0009027519845403
2452106.6488752714 1.0000395774841309 0.000902623287402
2452106.7245679805 1.0001371502876282 0.0009027363266795
2452106.800260681 0.9998193979263305 0.0009025554754771
2452106.8766478025 1.0000439882278442 0.0009026484913192
2452106.9523404874 0.9976359009742737 0.0009018841665238001
2452107.0280331643 0.9996178150177002 0.0009022507001645
2452107.103725834 1.0002998113632202 0.0009026796615216499
2452107.1794184945 1.0002386569976809 0.0009027083870023
2452107.2558055758 1.0001361370086668 0.0009024531464092
2452107.331498221 1.0000524520874023 0.0009026128100230501
2452107.407190859 1.0001674890518188 0.0009025111212395
2452107.4828834888 1.000056803226471 0.0009025193576235
2452107.558576111 1.0001536607742307 0.0009024430182762
2452107.634963154 1.0000510215759275 0.0009023752645589
2452107.710655761 1.0001797676086424 0.0009024415630847001
2452107.78634836 0.9999596476554872 0.0009023222955875
2452107.862040952 0.9998775422573087 0.0009023086749948
2452107.937733537 0.9999426007270814 0.0009023012826219
2452108.014120541 1.0001707077026367 0.0009024158935062
2452108.0898131104 0.9998382925987244 0.0009021350415423001
2452108.1662001004 1.0000957250595093 0.0009023096063173999
2452108.241198228 0.9999892711639403 0.00090223195729775
2452108.317585203 0.9998952150344849 0.00090224144514645
2452108.393277743 0.9997445940971376 0.0009022841695696
2452108.463414861 0.9995439648628234 0.00090234598610545
2452108.545357229 1.000063955783844 0.00090249802451575
2452108.621049748 1.0001343488693235 0.0009023728780448
2452108.69674226 0.9997050166130066 0.0009023426973726501
2452108.7724347645 0.9948474168777466 0.0009007568005472
2452108.848127262 1.0002715587615967 0.0009025138861034
2452108.923819753 1.0000654458999632 0.0009024437749758
2452109.0002066637 0.9999083280563352 0.0009024264290928
2452109.0758991404 0.9999770522117615 0.0009025282633956
2452109.15159161 1.000073790550232 0.0009026183979585
2452109.227284074 0.9998869895935059 0.00090249572531315
2452109.3029765305 1.0003559589385986 0.0009025771287269
2452109.3793634064 1.0000224113464355 0.0009025200852192
2452109.4550558496 0.9997578561305999 0.00090247241314495
2452109.5307482863 1.0001084804534912 0.0009025155450217
2452109.6064407164 1.000248670578003 0.0009025059989653001
2452109.6821331396 0.9998531937599182 0.0009024753817357
2452109.758519983 1.0001254081726074 0.0009025097242556
2452109.834212393 1.000001460313797 0.00090257611009285
2452109.9099047976 0.9999820590019226 0.0009024663595482
2452109.985597195 0.9996648132801054 0.0009026313782669
2452110.0605951613 1.000056803226471 0.00090294861001885
2452110.1376763983 0.9998328685760498 0.0009030246874317
2452110.212674352 1.000174045562744 0.0009032766101881
2452110.289061151 1.000199317932129 0.0009032903471961
2452110.3647535183 0.9999338090419769 0.0009034094400703499
2452110.4404458795 1.000205159187317 0.0009038517600856
2452110.51683266 0.9937121868133546 0.0009023956954479
2452110.59252501 1.0007068514823911 0.000904859858565
2452110.668217354 0.9999831318855285 0.0009051827946677
2452110.7446041172 0.9993569850921632 0.0009055923437699
2452110.8202964496 0.9996395409107208 0.00090590611216605
2452110.8959887773 1.0000936985015867 0.0009062284370884
2452110.9716810985 1.0005884766578674 0.00090640498092395
2452111.047373415 1.000291109085083 0.0009064250625669
2452111.123760151 1.0000544786453247 0.0009071280946955
2452111.1994524575 0.9997357428073883 0.0009076331334654
2452111.275144758 0.9999962449073792 0.0009074453846551
2452111.3508370547 1.0004684329032898 0.00090763941989275
2452111.4265293456 1.0005831718444824 0.0009084992343559
2452111.5036104815 1.000321090221405 0.000910046568606
2452111.5786083387 1.0007658004760742 0.0009119890455622
2452111.654300616 1.000451683998108 0.000913506897632
2452111.729992889 1.0006703734397888 0.0009148693352471499
2452111.805685158 1.0005034208297727 0.00091677805176
2452111.8820718476 1.0004559755325315 0.0009189422125928
2452111.957764108 1.0000710487365723 0.0009202391665894499
2452112.033456365 1.000341773033142 0.0009213793091475
2452112.1091486188 1.0004928708076477 0.0009243001404683499
2452112.184146445 1.000550925731659 0.00092766302987
2452112.26122754 0.9980166554450988 0.0009281821548938
2452112.3369197836 0.9994337558746338 0.00092985559604125
2452112.412612025 1.0004010200500488 0.0009343053679913
2452112.488998688 0.9999318718910216 0.0009428824414499
