2451385.9779988616 0.8716765642166138 0.0003269712033215
2451386.056472119 1.1927393078804016 0.00037722392880814996
2451386.1349453707 0.9651992321014404 0.0003414654638618
2451386.2134186174 0.785381942987442 0.00031100041815075
2451386.2918918584 1.1969118118286133 0.0003771576739381
2451386.3703650944 1.0288634896278381 0.0003518208104651
2451386.448838325 0.7597109079360963 0.0003058993606828
2451386.5273115505 1.175900161266327 0.0003740062384167
2451386.605784771 1.076611280441284 0.0003591299755498
2451386.6842579856 0.7357218563556671 0.00030090135987844997
2451386.761342289 1.1450122594833374 0.0003689042350742
2451386.8405099465 1.1255711317062376 0.000366233754903
2451386.9189831456 0.7616072595119476 0.00030550688097715
2451386.998150792 1.1094578504562378 0.0003630518331192
2451387.075929528 1.1708309650421143 0.00037234854244155
2451387.1544027114 0.7347427010536195 0.0003011126536875
2451387.232875889 1.0603437423706055 0.00035536459472495
2451387.3106546095 1.202572524547577 0.00037645093107125
2451387.3905166825 0.7745302319526672 0.0003080258611589
2451387.4676009393 1.0121806263923645 0.00034719321411099996
2451387.5460740966 1.2070443630218504 0.0003772216441575
2451387.6245472487 0.8386326432228088 0.00031844158365855
2451387.7030203952 0.9395206570625304 0.0003356668457854
2451387.7863547048 1.2073347568511963 0.0003780522674787
2451387.8599666734 0.9227531552314758 0.0003337562375236
2451387.938439804 0.882530927658081 0.0003270566521678
2451388.01691293 1.202331304550171 0.0003770232724491
2451388.0953860506 0.9693808853626251 0.00034150145074815
2451388.1731647137 0.7815728187561035 0.00030997679277785
2451388.251637824 1.1987727880477903 0.0003771151532419
2451388.330110929 1.042585015296936 0.00035252695670345
2451388.408584029 0.7691761255264281 0.000305905501591
2451388.4870571233 1.1817300915718079 0.00037375985994
2451388.5655302126 1.0889724493026731 0.0003596508759073
2451388.6440032963 0.7382327318191527 0.00030103362223594997
2451388.7224763753 1.1509879827499387 0.0003694834013003
2451388.8009494487 1.133567988872528 0.0003663437237264
2451388.8801169693 0.7715850174427032 0.0003064536867896
2451388.95789558 1.106090247631073 0.00036267870746085
2451389.0356741864 1.170877456665039 0.00037266388244455
2451389.112063884 0.7448116838932037 0.00030287522531575
2451389.1926202863 1.0527416467666626 0.00035483502142589997
2451389.2710933285 1.200091004371643 0.0003765727160498
2451389.3495663647 0.7909288108348846 0.0003099478635704
2451389.428733848 1.0108814239501953 0.0003478651196928
2451389.505817971 1.2056514024734497 0.0003774774086195
2451389.584290992 0.8424088060855865 0.0003194237942807
2451389.663458459 0.9393925070762634 0.00033567243372085
2451389.741237018 1.2095821499824524 0.00037740032712460004
2451389.8190155714 0.9399222731590271 0.0003355258959345
2451389.8988774735 0.8898289799690247 0.0003269806329626
2451389.9787393706 1.2055410742759705 0.0003771525953197
2451390.056517908 0.9740358293056488 0.00034089956898235
2451390.133601989 0.8049606680870056 0.0003101154870819
2451390.209991614 1.2238147258758545 0.0003775396617129
2451390.2940201955 1.0249598622322083 0.00034978298936035
2451390.369020907 0.756224513053894 0.00030572734249285
2451390.446799418 1.1716840863227844 0.00037360518763305
2451390.5252723745 1.0856847763061523 0.0003603392106015
2451390.6037453255 0.7351970374584198 0.0003011537628481
2451390.6822182713 1.1450732946395874 0.0003690262674354
2451390.7606912116 1.1310074329376223 0.0003669201541924
2451390.8391641458 0.7646833062171936 0.000306344270939
2451390.9176370753 1.100213348865509 0.00036215620639265
2451390.9961099983 1.1748032569885252 0.0003727198054548
2451391.0745829167 0.7404958605766296 0.00030096751288505004
2451391.153055829 1.0562463998794556 0.0003547819214873
2451391.2308342853 1.1983832120895384 0.0003768031310755
2451391.310001637 0.788576602935791 0.0003099069290328
2451391.3877800824 1.0039880275726318 0.0003466269699856
2451391.4662529724 1.2024855613708496 0.00037725658330595
2451391.5440314068 0.8430345952510833 0.00032018208003135
2451391.6231987355 0.9248611629009247 0.00033467757748434997
2451391.7016716083 1.2023905515670776 0.0003770393086597
2451391.7780611254 0.9440892338752744 0.0003368319012224
2451391.8593117874 0.8867928385734558 0.00032703985925759997
2451391.937090193 1.2020279169082642 0.00037742101994805
2451392.014868593 0.9758974611759187 0.00034270682954225
2451392.0933414367 0.7837644815444945 0.0003089593665208
2451392.172508725 1.2101358175277708 0.0003774015640374
2451392.244037059 1.0808959007263184 0.00035779793688555
2451392.3301488333 0.7758389711380005 0.0003059498703805
2451392.408621654 1.1930660009384155 0.0003740061074495
2451392.4864000184 1.0990804433822632 0.0003595027665141
2451392.5641783774 0.7560535669326782 0.0003016671398654
2451392.640567831 1.1620581150054932 0.0003674807085189
2451392.7155683804 1.1848074197769165 0.0003699442604556
2451392.798207868 0.7675313055515289 0.00030629560933445
2451392.8773751017 1.0906282663345337 0.0003615229361457
2451392.95584788 1.1738663911819458 0.0003728591254912
2451393.0343206525 0.7348909378051758 0.00030085846083235
2451393.112793418 1.044575810432434 0.0003540299658197
2451393.1912661777 1.1941967010498047 0.00037647939461745003
2451393.2704333803 0.7809937000274658 0.00030967366183175
2451393.348211678 0.9985672831535339 0.0003464039473328
2451393.42598997 1.1971798539161682 0.00037715060170735
2451393.504462705 0.8405450582504272 0.000320604420267
2451393.5822409843 0.9190940856933592 0.0003343957068864
2451393.6614081557 1.1976733207702637 0.0003794893855229
2451393.739880871 0.9325944483280182 0.0003395418898435
2451393.8190480294 0.8902679979801178 0.0003328332968521
2451393.896826284 1.2182190418243408 0.00038566961302415
2451393.9752989807 1.0006628036499023 0.000354378222255
2451394.053771672 0.8083226382732391 0.00032462101080449996
2451394.1322443564 1.2280428409576416 0.0003929532540496
2451394.2107170345 1.065969467163086 0.0003710488672368
2451394.288495259 0.7769415974617004 0.0003265853156335
2451394.366967926 1.1777213811874387 0.0003899992734659
2451394.4454405867 1.0974881649017334 0.00037781699211335
2451394.5239132424 0.740152359008789 0.0003223904059268
2451394.5919691697 1.08660888671875 0.0003800684062298
2451396.66073162 0.9562263786792756 0.0003533575945766
2451396.718370962 0.7593305110931395 0.0003052312531508
2451396.7975382553 1.0855706930160522 0.0003610195708461
2451396.876011103 1.1703479290008545 0.0003731513425009
2451396.954483953 0.7372689247131348 0.0003016599803231
2451397.033651254 1.045810580253601 0.0003537276934366
2451397.111429656 1.1980626583099363 0.0003767331654671
2451397.1899025077 0.7936487197875977 0.00031137210316950004
2451397.267680908 0.9920514523983 0.00034518173197280004
2451397.3461537566 1.205251097679138 0.0003767673333641
2451397.4253210523 0.8499455451965331 0.00032000412466
2451397.5030994457 0.9237276315689088 0.0003327101585455
2451397.581572286 1.211830735206604 0.0003770239563891
2451397.6600451223 0.9480159878730772 0.0003358967951498
2451397.738517955 0.8832006752490997 0.0003240911028115
2451397.8169907834 1.2156360149383545 0.0003768733004108
2451397.8954636073 0.9976727962493896 0.00034359794517505
2451397.9732419774 0.7810369729995726 0.00030679292103734997
2451398.0524092414 1.2140806317329407 0.00037698108644685
2451398.1308820513 1.0613083839416504 0.0003533861599862
2451398.2086604065 0.7814416885375975 0.0003057574213016
2451398.2871332066 1.1904932856559753 0.00037253784830675
2451398.365606001 1.1119714975357056 0.0003610236453823
2451398.444078791 0.7509180903434753 0.00030078287818465
2451398.5218571257 1.1552583575248718 0.00036719386116595
2451398.601024354 1.1559392809867859 0.0003673314931802
2451398.673941533 0.7671637833118439 0.00030376095673995
2451398.7579698954 1.1068902015686033 0.0003608392144087
2451398.835748209 1.1950388550758362 0.00037351180799299996
2451398.9142209664 0.7506451606750488 0.0003008379717357
2451398.9933881676 1.0598454475402832 0.0003531292604748
2451399.0711664646 1.2118817567825315 0.0003768332826439
2451399.149639206 0.8127823770046234 0.0003122744819847
2451399.228111941 1.0108299255371092 0.0003449681098572
2451399.306584671 1.2191792726516724 0.0003770085604628
2451399.3850573953 0.8658933043479918 0.0003210892318747
2451399.463530114 0.937570422887802 0.00033267015533055004
2451399.541308379 1.219826519489288 0.00037699150561815
2451399.6197810867 0.9532854557037352 0.0003365068114362
2451399.698253789 0.879385769367218 0.00032309012021865
2451399.7767264857 1.2151484489440916 0.0003769899776671
2451399.8551991773 1.0035554766654968 0.0003442492743488
2451399.9329774147 0.7846639156341553 0.0003057163703488
2451400.012144543 1.2213200330734253 0.00037697231164195003
2451400.090617218 1.0674657821655271 0.0003537179436534
2451400.1690898873 0.778782844543457 0.0003052496613236
2451400.246868103 1.187026858329773 0.00037212774623179997
2451400.325340761 1.123723387718201 0.0003616160538513
2451400.403813414 0.7609705924987792 0.0003006688202731
2451400.482286061 1.1529878377914429 0.0003670888836495
2451400.560758703 1.1638726592063904 0.00036761860246765
2451400.636453547 0.7973703145980835 0.0003066547506023
2451400.723954003 1.13236927986145 0.0003646215482149
2451400.7961765956 1.1822036504745483 0.0003735450445674
2451400.8746492155 0.7481996417045593 0.00030076625989744997
2451400.9531218302 1.0483399629592896 0.0003525405772961
2451401.0315944394 1.2041930556297302 0.00037670836900355
2451401.1093725953 0.8153350353240967 0.00031309315818355
2451401.1878451933 0.999485731124878 0.000344220054103
2451401.2663177857 1.2112450003623962 0.0003769629984162
2451401.3447903735 0.8654649257659912 0.0003220326034352
2451401.423262955 0.9211257100105286 0.00033187064400405
2451401.5017355313 1.207444190979004 0.0003768698661588
2451401.5802081022 0.9481721520423889 0.00033652872662054997
2451401.6593751153 0.8745972216129303 0.0003239942307118
2451401.737847675 1.2091281414031982 0.000377112213755
2451401.814931335 1.0007085800170898 0.00034506806696295
2451401.8940983317 0.7747936248779297 0.00030677126778750003
2451401.9704875336 1.1997082233428955 0.0003762267297133
2451402.0503489664 1.0607073307037351 0.000354312127456
2451402.1288214996 0.7700173258781433 0.00030509452335529996
2451402.207294027 1.17733097076416 0.0003720475942827
2451402.286460996 1.1064189672470093 0.0003611844149418
2451402.364933512 0.7510120272636414 0.00030072640220165
2451402.4434060236 1.1603068113327026 0.0003677177301142
2451402.520489636 1.1629143357276917 0.00036806213029190005
2451402.5989621356 0.7894477844238281 0.0003056279674638
2451402.6704901624 1.082178771495819 0.00035456578189035004
2451402.756601567 1.1852521300315857 0.0003735002392204
2451402.834379604 0.7352827489376068 0.0003006998886121
2451402.9128520824 1.0381125211715698 0.0003519624297041
2451402.991324555 1.199305534362793 0.00037681334652
2451403.0697970227 0.8014043569564819 0.0003131068660877
2451403.1482694848 0.9842145144939423 0.0003441045409999
2451403.227436388 1.194853961467743 0.0003767475864151
2451403.3052143925 0.8535470962524414 0.00032202813599719997
2451403.3829923915 0.9043644368648529 0.0003310878237243
2451403.4614648316 1.1963233947753906 0.0003767297894228
2451403.539937266 0.9445965886116028 0.00033726997207845003
2451403.6177152493 0.8474329710006714 0.00032117836235549997
2451403.696882119 1.2005814909934998 0.0003769165341509
2451403.7753545367 0.9910113215446472 0.0003451031225267
2451403.8538269494 0.7657676637172699 0.00030580528255079995
2451403.93160491 1.2034446001052856 0.00037645417614835
2451404.010771758 1.0542385578155518 0.00035430015122975
2451404.088549707 0.7616965174674988 0.0003051490057259
2451404.1670220974 1.1682580709457395 0.0003717303334269
2451404.246188928 1.1031914949417114 0.0003615960013121
2451404.3239668612 0.7456720471382141 0.0003011088992934
2451404.402439235 1.1467894911766052 0.0003666494012577
2451404.4809116023 1.1613324880599976 0.0003677342610899
2451404.557995073 0.7842929661273956 0.00030522186716545
2451404.6399396574 1.1255404353141785 0.000361091850209
2451404.7211897904 1.1719394922256468 0.0003714207850862
2451404.794106571 0.7212868928909302 0.00030077283736315
2451404.87257891 1.0193548202514648 0.0003511505492497
2451404.9510512436 1.1892106533050537 0.0003769856411963
2451405.0295235715 0.7962614893913269 0.0003141069610137
2451405.107301448 0.971043825149536 0.0003429232747294
2451405.18646821 1.187466740608215 0.0003769169852603
2451405.2649405203 0.8495502173900604 0.0003229274443583
2451405.343412825 0.8979325294494629 0.000330940762069
2451405.4218851235 1.1882850527763367 0.00037693888589269997
2451405.5003574165 0.9333776831626892 0.0003373042563907
2451405.5795241487 0.853007972240448 0.0003229430585633
2451405.6566075394 1.1888816356658936 0.0003768587484955
2451405.7350798147 0.9858017563819884 0.0003457457933109
2451405.812163194 0.7370396852493286 0.00030289620917749996
2451405.891329902 1.188330054283142 0.0003762915439438
2451405.9698021594 1.0553499460220337 0.0003554621944203
2451406.048274411 0.756894439458847 0.00030512580997305
2451406.1267466554 1.167326807975769 0.0003711316385306
2451406.1906355587 1.1673688888549805 0.0003716790524777
2451410.926045179 0.7557660043239594 0.0002970098285004
2451410.9920174144 1.042923092842102 0.0003459104045759
2451411.0670174314 1.2628531455993652 0.0003766525187529
2451411.1441007825 0.9497276842594147 0.0003258135548094
2451411.2239619116 0.9829821586608888 0.0003299875825177
2451411.302434151 1.2788265347480774 0.00037685608549505
2451411.3809063877 1.030108332633972 0.0003383121511433
2451411.4593786225 0.9398192167282104 0.0003211462753824
2451411.5378508535 1.285601496696472 0.0003769687900785
2451411.6156286374 1.0842231512069702 0.0003466080815996
2451411.6941008614 0.8360744118690491 0.0003037476999452
2451411.771878637 1.2762811779975891 0.00037614497705360005
2451411.8503508526 1.1423851251602173 0.0003563367354217
2451411.928823064 0.8373897969722748 0.00030534045072265004
2451412.006600826 1.2407104969024658 0.00037058975431135
2451412.085767471 1.1951484680175781 0.00036335412005425005
2451412.164239668 0.819754958152771 0.0003013304958585
2451412.2357674176 1.1852120757102966 0.0003609101986512
2451412.3211840447 1.2445483207702637 0.0003691364836413
2451412.399656225 0.8539073467254639 0.00030543055618175
2451412.477433956 1.1771469116210938 0.00035814795410255
2451412.555906126 1.278415560722351 0.0003749225870706
2451412.6350727337 0.8239778876304625 0.0003001702716574
2451412.712850448 1.1205490827560425 0.0003498772275634
2451412.791322601 1.2987331748008728 0.00037721169064750004
2451412.8697947487 0.912453591823578 0.0003162635548505
2451412.9482668904 1.0680519938468933 0.00034229134325865
2451413.0267390264 1.2987364530563354 0.0003769630566239
2451413.1052111574 0.9652275443077086 0.00032492895843455
2451413.1829888383 0.9791593849658967 0.00032848506816655
2451413.2593776267 1.3053854703903198 0.00037667618016705
2451413.3399330713 1.0824608206748962 0.00033978545980055
2451413.418405179 0.9568845629692077 0.0003192265285179
2451413.496877281 1.3170784711837769 0.00037690953467969996
2451413.575349378 1.1217308044433592 0.0003471113159321
2451413.653821469 0.8600006401538848 0.00030284076638050004
2451413.732293554 1.3064405918121336 0.0003760003019124
2451413.8107656334 1.173671543598175 0.00035625885357145
2451413.8892377075 0.864425539970398 0.0003053229884244
2451413.9725708775 1.28319251537323 0.0003733603225555
2451414.046876282 1.2080049514770508 0.0003626949619501
2451414.1225705673 0.8305349946022034 0.000302008294966
2451414.2031259476 1.2119646072387695 0.0003658314526546
2451414.280903551 1.2357058525085447 0.0003695335472002
2451414.3586811484 0.843198001384735 0.0003050016530323
2451414.437153183 1.1574784517288208 0.0003575576556613
2451414.517014098 1.2585142850875854 0.000374509661924
2451414.5947916787 0.8003164529800414 0.0003010537184309
2451414.673263697 1.085986077785492 0.0003499843151075
2451414.7510412666 1.257196068763733 0.0003770908951992
2451414.8295132737 0.8709738254547118 0.0003172121942043
2451414.9072908326 1.0057668685913084 0.0003408921766094
2451414.988540598 1.23939847946167 0.00037678118678735
2451415.064929261 0.9099670052528381 0.000325575354509
2451415.144095688 0.9148918688297272 0.0003291168250143
2451415.22326211 1.2114146947860718 0.0003773468488361
2451415.3003451987 0.9670822024345396 0.00033971449011
2451415.378817167 0.8278524577617645 0.0003193287266185
2451415.4565946874 1.181256115436554 0.0003769008035305
2451415.5350666447 0.9853771328926086 0.000347824912751
2451415.6135385963 0.7040518820285797 0.0003016753325937
2451415.6920105424 1.1498843431472778 0.0003759281244128
2451415.770482483 1.0179298520088196 0.0003568110696505
2451415.8489544177 0.7033702731132507 0.0003060785529669
2451415.9274263475 1.086965560913086 0.0003706383722601
2451416.0058982717 1.0331491231918335 0.0003637986665125
2451416.0843701903 0.6446343064308167 0.0003006769256899
2451416.1628421033 1.0231868028640747 0.000365340791177
2451416.2413140107 1.0398786664009094 0.0003695408813655
2451416.319091471 0.6347156167030334 0.0003052797837881
2451416.3975633676 0.9427279233932496 0.0003577142197173
2451416.4760352583 1.0468403697013855 0.00037514051655299996
2451416.554507144 0.580139696598053 0.0003013861714862
2451416.6329790233 0.8551694750785828 0.00034929777029895
2451416.711450898 1.0277917385101318 0.0003771398914977
2451416.789922767 0.6421947181224823 0.0003170513082295
2451416.86839463 0.7749045491218567 0.0003413099329918
2451416.9517275766 1.0023521184921265 0.0003761540574487
2451417.038532722 0.5765832364559174 0.00030825615976935
2451417.103810187 0.6752114295959473 0.00032803219801275
2451417.18367091 0.9753602147102356 0.0003764395660255
2451417.2538094535 0.7667424082756041 0.0003461808228166
2451417.334364607 0.5504501461982727 0.00031301499984685
2451417.418391959 0.9489744305610656 0.0003770267067011
2451417.4975582184 0.7283817529678344 0.0003458217834122
2451417.573946709 0.4543401896953583 0.0003016328264493
2451417.6524185166 0.8959402441978455 0.00037577559123740003
2451417.7295014374 0.7678546905517578 0.000357781042112
2451417.807973234 0.44684323668479914 0.0003053609252674
2451417.8871394657 0.8301033675670624 0.00037018449802415
2451417.9656112506 0.7844370007514954 0.0003643053059931
2451418.04408303 0.3893994390964508 0.00030061954748815
2451418.1225548037 0.7650197148323059 0.000364764011465
2451418.201026572 0.7895767092704773 0.00037000651354899996
2451418.2788038943 0.39084786176681513 0.00030621603946195
2451418.357970091 0.6913453340530396 0.00035762354673345
2451418.436441842 0.7922130227088928 0.0003753414785023
2451418.482969338 0.5898429751396179 0.0003406424657441
2451421.216976811 1.8149735927581787 0.0002968961780425
2451421.2572542317 1.889603614807129 0.000314159085974
2451421.3371146284 2.0452005863189697 0.00037573388544835
2451421.415586142 1.5086902379989624 0.0003479805309325
2451421.494057648 0.9853731989860535 0.0003001787990797
2451421.572529147 1.1631150245666504 0.0003751300973817
2451421.650306201 0.9061986207962036 0.000357883516699
2451421.728777686 0.4769137501716614 0.00030542633612635
2451421.807249164 0.7763829827308655 0.0003701054956763
2451421.885720635 0.6845585703849792 0.0003652939049061
2451421.9641920985 0.2601137161254883 0.000301683176076
2451422.0426635547 0.6128093898296356 0.0003645159740699
2451422.121135004 0.6369946002960205 0.0003704662958625
2451422.1996064465 0.23277890682220453 0.00030599386082025
2451422.278077882 0.5396186113357544 0.0003590983105823
2451422.35654931 0.6635519862174988 0.0003799558617174
2451422.434326295 0.2236812636256218 0.0003111383557552
2451422.5127977105 0.5003176331520081 0.0003606802783906
2451422.557241695 0.6981649398803711 0.0003923678305
2451424.5738893584 0.9813778400421144 0.0003688438737299
2451424.630138941 0.6874405443668365 0.00031884411873755
2451424.707916144 0.8200399279594421 0.00033902013092299997
2451424.7863877867 1.078959345817566 0.0003767992020584
2451424.8606927935 0.8119427263736725 0.00033360692032145
2451424.951664343 0.8360288739204407 0.0003353549982421
2451425.0211082725 1.1127915382385252 0.000376474490622
2451425.0974965924 0.9154306650161744 0.0003441659500822
2451425.1815237417 0.7801493406295776 0.00031973104341884997
2451425.2572176163 1.1449640989303589 0.0003768243768718
2451425.335689245 0.9667419791221619 0.00034941767808044995
2451425.4134664293 0.6873772144317627 0.00030073059315324996
2451425.4919380494 1.1587215662002563 0.0003745724388863
2451425.571104104 1.0447704792022705 0.0003575832524802
2451425.648881276 0.7329512238502502 0.0003051342791877
2451425.7266584435 1.1332427263259888 0.0003687696007546
2451425.8058244837 1.1239811182022097 0.0003653457097243
2451425.8842960796 0.7374306321144104 0.00030062267614985
2451425.962767671 1.1230865716934204 0.0003634292806964
2451426.041239257 1.1699802875518799 0.00037032652471675
2451426.1197108375 0.7796742916107178 0.0003051422536373
2451426.198182413 1.0898094773292542 0.0003563271020539
2451426.275959545 1.228152573108673 0.00037607560807365
2451426.354431109 0.7884294390678405 0.0003032372915185
2451426.4329026686 1.0480366945266721 0.00034699629759415
2451426.5113742226 1.2459321022033691 0.0003767984453588
2451426.589845771 0.8963572084903717 0.0003196868055965
2451426.6683173142 1.0182708501815796 0.0003389671328477
2451426.746788852 1.2707933187484741 0.0003768979659071
2451426.825260384 0.9692119359970092 0.0003287106810603
2451426.903731911 0.9502905011177063 0.0003253746690461
2451426.9815089935 1.2819270491600037 0.0003767416492337
2451427.05998051 1.0595954656600952 0.0003422887821216
2451427.1384520205 0.9016597270965576 0.0003151490236632
2451427.216923525 1.2957727909088137 0.0003768108144868
2451427.2953950246 1.1223715543746948 0.00035004246456075
2451427.3738665185 0.8345451354980468 0.000300805986626
2451427.4523380073 1.2916591167449951 0.0003745767025975
2451427.5308094905 1.1893345117568968 0.0003579730109777
2451427.6148364707 0.8937401175498961 0.00030841503757975
2451427.68775244 1.2611818313598633 0.0003692652680911
2451427.7662239075 1.239449918270111 0.00036538619315244997
2451427.844000931 0.8510928153991699 0.000300769257592
2451427.922472387 1.226414918899536 0.0003629263956099
2451428.001638275 1.2784197330474851 0.0003705201961565
2451428.0787208453 0.8790460824966431 0.00030496512772509995
2451428.157886723 1.1845701336860657 0.00035574035427995
2451428.2363581574 1.3185765743255615 0.00037597186747
2451428.314135149 0.8778313994407655 0.0003041388699784
2451428.3933010106 1.1312587261199951 0.0003469044459052
2451428.4717724286 1.3255817294120789 0.00037677361979145
2451428.5495494045 0.9725848734378815 0.00032068777363739997
2451428.627326375 1.0728358626365662 0.00033733087184370004
2451428.705797778 1.3262042999267578 0.0003768102324102
2451428.784963612 1.0206948518753052 0.0003293908666819
2451428.863435004 0.9917988777160645 0.00032443525560665
2451428.9419063902 1.3247886896133425 0.0003766073787119
2451429.0203777715 1.0977581143379211 0.00034227444848505004
2451429.098849147 0.9310208559036256 0.0003150643315166
2451429.1773205176 1.3204489350318909 0.00037686651921825
2451429.255097446 1.1452838778495789 0.00035064118856095
2451429.333568806 0.8523458242416381 0.0003014818066731
2451429.412040161 1.3000004887580872 0.00037423279718489996
2451429.49051151 1.1913822889328003 0.0003586793609429
2451429.568982854 0.867015928030014 0.00030487448384515
2451429.647454193 1.254513382911682 0.000368600100046
2451429.725925526 1.2337340712547302 0.0003657929919427
2451429.8043968542 0.8436919450759887 0.0003015632973983
2451429.8828681773 1.2131763696670532 0.00036306199035600003
2451429.9613394947 1.2650853395462036 0.0003709940938279
2451430.0398108074 0.861370861530304 0.00030480601708400004
2451430.1175876777 1.1651796102523804 0.0003550966503098
2451430.1960589793 1.3073102235794067 0.0003761722473427
2451430.2745302757 0.8640300929546356 0.00030407449230545
2451430.353001567 1.115598440170288 0.0003460544394329
2451430.431472853 1.3130754828453064 0.00037685067218255
2451430.5099441335 0.9571082592010498 0.0003205634711775
2451430.593276461 1.0749354362487793 0.0003428049967624
2451430.6668866784 1.2825127840042114 0.0003768494934774
2451430.7453579432 0.9747911989688874 0.00032951160392255
2451430.823134767 0.9365468621253968 0.0003234554897062
2451430.9016060205 1.2718104124069212 0.0003767801390495
2451430.9800772695 1.052642047405243 0.0003429921198403
2451431.0585485124 0.8748968839645386 0.0003139675536658
2451431.1370197507 1.26252019405365 0.00037680342211385
2451431.2154909833 1.09048855304718 0.0003505974600557
2451431.2939622104 0.7945670485496521 0.0003007212944794
2451431.3724334324 1.2429269552230835 0.0003743660054169
2451431.450904649 1.1378145217895508 0.000358731354936
2451431.5293758605 0.813618242740631 0.000305436347844
2451431.607847066 1.199339747428894 0.0003686825948534
2451431.685623831 1.1790682673454285 0.00036621816980185
2451431.764095026 0.7832745313644409 0.0003007057239301
2451431.8425662154 1.1542134881019592 0.00036240144981995
2451431.9210373997 1.2071270942687988 0.0003713748301379
2451431.9995085783 0.7951237857341766 0.0003048354701604
2451432.077979752 1.0944746732711792 0.0003550981055013
2451432.15645092 1.2335673570632935 0.0003762125561479
2451432.2349220817 0.7868209481239319 0.0003040286828763
2451432.313393239 1.0325422286987305 0.00034620121004985
2451432.391169955 1.2302541732788086 0.0003768660099012
2451432.4696411006 0.8802481889724731 0.0003218411002308
2451432.5481122406 0.9747149646282195 0.0003373717627255
2451432.6265833755 1.2319778203964231 0.000376877200324
2451432.705054505 0.9380559027194977 0.0003303525736555
2451432.783525628 0.8980494141578673 0.0003233729221392
2451432.8619967457 1.2399993538856506 0.00037689198506989997
2451432.9404678578 1.0254923105239868 0.0003432720259297
2451433.018938964 0.8503176867961884 0.00031396912527265
2451433.0974100647 1.2420339584350584 0.0003766809240914
2451433.1758811595 1.0695036649703977 0.00035048057907255
2451433.253657814 0.7736202478408813 0.00030050281202415
2451433.332128898 1.218636989593506 0.000373988674255
2451433.4105999754 1.1241674423217773 0.0003591951390262
2451433.489071047 0.8040165901184082 0.0003052886168006
2451433.562681074 1.1630367040634155 0.0003652650339063
2451433.646013173 1.1442474126815796 0.0003663272364065
2451433.7244842267 0.747953861951828 0.00030066106410225
2451433.8029552745 1.1210399866104124 0.0003624873352237
2451433.8814263167 1.1782010197639465 0.00037135354068589996
2451433.959202918 0.7747238874435425 0.00030503213929475
2451434.0376739483 1.0709937810897827 0.0003545371873769
2451434.116144972 1.21491539478302 0.00037650442391165
2451434.1946159895 0.7755516171455382 0.0003050570085179
2451434.2730870005 1.0114717483520508 0.00034532693098295
2451434.3515580054 1.2182531356811523 0.0003768627066165
2451434.430029004 0.8695892691612244 0.00032178928086060003
2451434.508499996 0.9618397355079652 0.0003371472994331
2451434.5869709817 1.2167864441871643 0.00037674554914694997
2451434.664747528 0.9245064258575437 0.0003312134940642
2451434.7432185 0.8761712908744813 0.0003221885999664
2451434.821689466 1.2245263457298279 0.000376863652491
2451434.9001604253 1.007577419281006 0.0003438234562054
2451434.978631378 0.8202682137489319 0.00031308784673454997
2451435.057102324 1.2191102504730225 0.0003764751891139
2451435.1355732623 1.0529646277427673 0.00035123011912215
2451435.2140441947 0.7551731467247009 0.0003009577922057
2451435.2925151195 1.204258918762207 0.00037390018405855
2451435.3709860374 1.1064164638519287 0.0003594007575884
2451435.448762515 0.7793760299682617 0.0003046329075004
2451435.5272334185 1.1678827404975891 0.00036768402787855
2451435.605704315 1.162484645843506 0.0003664807300083
2451435.6841752036 0.772105872631073 0.000300458035781
2451435.762646085 1.1465632915496826 0.0003617474867496
2451435.841116959 1.2152634263038635 0.00037165125831954996
2451435.919587826 0.8138242959976195 0.0003055809647776
2451435.9980586846 1.1092338562011719 0.00035445331013755
2451436.0765295364 1.254235029220581 0.0003764161083381
2451436.1550003802 0.8171534836292267 0.0003050791419809
2451436.2327767853 1.0521102547645569 0.00034528622927604996
2451436.3112476147 1.26275634765625 0.0003791410417761
2451436.3897184376 0.9242539405822754 0.00033045462623699996
2451436.4570783414 0.9190693497657776 0.0003374317020643
2452088.245896521 0.7615612745285034 0.00030757435888510004
2452088.291036721 0.8143316507339476 0.0003172401047777
2452088.36951121 1.2063318490982056 0.00038162960845505
2452088.4479856817 1.0351543426513672 0.0003549034590832
2452088.5264601363 0.7408003211021423 0.0003035953704966
2452088.6049345727 1.1880922317504885 0.0003789269248954
2452088.6834089914 1.0883803367614746 0.0003634663735283
2452088.76118893 0.7661933302879333 0.00030844206048635
2452088.8403577786 1.1514400243759153 0.00037331959174475
2452088.918832148 1.1333521604537964 0.0003704020346049
2452088.9973065024 0.7404928803443909 0.00030363057157950003
2452089.075086379 1.1089200377464294 0.0003666938428068
2452089.1535607055 1.1698642969131468 0.0003761785046663
2452089.2327294815 0.7642027139663696 0.000308056914946
2452089.3105093194 1.0631693601608276 0.0003595472371671
2452089.388983608 1.2025312781333923 0.00038111032336015
2452089.4674578854 0.7613972425460814 0.0003075185231864
2452089.5459321514 1.004494309425354 0.0003499590529827
2452089.624406407 1.2060346603393557 0.0003816634125541
2452089.7028806526 0.8572688698768616 0.000324905879097
2452089.7813548883 0.9562635421752927 0.0003419389540795
2452089.859134652 1.2062439918518066 0.0003816669050138
2452089.9376088693 0.9120401442050934 0.00033441303821740004
2452090.016083077 0.8661269545555114 0.0003265480045229
2452090.093862815 1.2058198451995847 0.0003815274685621
2452090.173031468 0.9900925159454343 0.0003475717967376
2452090.2515056506 0.8153145909309387 0.00031744496664025
2452090.3299798258 1.206942796707153 0.0003817753749899
2452090.408453993 1.036483883857727 0.00035514391493045
2452090.486233691 0.7413251101970673 0.0003037690912606
2452090.5647078436 1.1864359378814695 0.000378703320166
2452090.6424875273 1.0961216688156128 0.0003646446566563
2452090.7216561274 0.7693559527397155 0.0003090691461693
2452090.8001302583 1.148569107055664 0.00037280390097285
2452090.878604383 1.137318730354309 0.0003710106830112
2452090.957078501 0.7407146692276001 0.0003035775298485
2452091.0355526125 1.1092690229415891 0.0003667685959953
2452091.114026718 1.171735405921936 0.00037638154753945
2452091.1918063555 0.7666337490081786 0.00030840132967565
2452091.270280448 1.059692144393921 0.0003588609106373
2452091.3487545345 1.2052624225616455 0.0003814480296568
2452091.427228615 0.7667877078056334 0.0003085684438701
2452091.50570269 0.999815821647644 0.0003492203104542
2452091.584176759 1.2062348127365112 0.0003814933006651
2452091.6626508217 0.8624775111675262 0.00032569027098360004
2452091.7411248796 0.9527425169944764 0.000341348350048
2452091.8195989314 1.2068055868148804 0.00038170019979585
2452091.8973785173 0.9175837934017181 0.0003353302017785
2452091.975852558 0.8607293963432312 0.0003255657211411
2452092.054326594 1.2065176963806152 0.0003815420059254
2452092.132800624 0.9939860105514526 0.000348135625245
2452092.2119691093 0.8158411383628845 0.0003174107405357
2452092.289748668 1.2065571546554563 0.0003817392571363
2452092.3682226827 1.0405797958374023 0.0003558197204256
2452092.446696692 0.7441807985305786 0.0003041960590053
2452092.5251706964 1.1864966750144958 0.00037861298187629995
2452092.6036446956 1.0919538736343384 0.000363968196325
2452092.6821186896 0.766499936580658 0.0003083888877881
2452092.7598982193 1.146918773651123 0.00037246241117825003
2452092.8383722035 1.140974521636963 0.0003716444480232
2452092.916846183 0.7408330738544464 0.0003036014240933
2452092.9953201576 1.1066540479660034 0.0003663265088107
2452093.0737941274 1.1738085746765137 0.00037672733014915
2452093.1522680926 0.7691999077796936 0.0003089940291829
2452093.230742053 1.0602298378944397 0.0003588843392208
2452093.3092160085 1.2063556909561155 0.0003815619274973
2452093.3876899593 0.7680208384990692 0.0003086008509853
2452093.465469446 0.9957117736339568 0.0003483969921944
2452093.5439433875 1.2062232494354248 0.0003815399832092
2452093.622417324 0.8677372932434082 0.00032664593891234997
2452093.700891257 0.9473381042480468 0.0003402976726647
2452093.7793651847 1.2078070044517517 0.00038186217716425
2452093.857839108 0.9170203804969788 0.0003352979256305
2452093.936313027 0.8617223501205444 0.00032574005308559997
2452094.0147869415 1.20578932762146 0.0003815613745246
2452094.093260851 0.9934185445308684 0.0003481139283394
2452094.171040297 0.8056322634220123 0.00031559662602375
2452094.249514198 1.2056857347488403 0.0003814012743532
2452094.3279880947 1.044374704360962 0.00035649270284915
2452094.406461987 0.7426124811172485 0.0003039512666873
2452094.484935875 1.1847087740898132 0.00037826222251165003
2452094.5634097583 1.095667004585266 0.0003646093828137
2452094.6418836378 0.7665565907955169 0.0003083699702983
2452094.720357512 1.1464314460754397 0.0003724574053194
2452094.7988313828 1.1401631832122803 0.0003714685008162
2452094.871749577 0.7246163487434387 0.0003004931204486
2452094.9550846517 1.1024374961853027 0.0003657594206742
2452095.0335585093 1.1753554940223694 0.0003769722679862
2452095.1120323627 0.7679958343505859 0.0003088255471084
2452095.190506212 1.0563207864761353 0.00035836630559055
2452095.268980057 1.2077500820159912 0.0003819136472884
2452095.347453898 0.7724227011203766 0.0003096368454862
2452095.425927734 0.996667504310608 0.0003487719804979
2452095.5044015665 1.2067164182662964 0.00038172333734105
2452095.5828753943 0.8664224147796631 0.0003265543491579
2452095.6613492183 0.9478565752506256 0.00034061541373370003
2452095.7391285794 1.2068774700164795 0.0003817869292106
2452095.817602395 0.9230306148529052 0.0003364067233633
2452095.896076207 0.8573397994041443 0.00032510000164615
2452095.9745500144 1.2059534788131712 0.0003817261895164
2452096.0530238175 0.9968824684619904 0.00034893052361435
2452096.131497617 0.8052538633346557 0.0003159407351631
2452096.2099714116 1.207125723361969 0.00038215958920765
2452096.2884452026 1.0444227457046509 0.0003569898835849
2452096.3669189895 0.7408778071403503 0.00030430647893805
2452096.444698314 1.1813592314720154 0.00037853638059454997
2452096.523172093 1.098638653755188 0.0003659449866972
2452096.6016458683 0.7658851146697998 0.00030960926960679996
2452096.680119639 1.1448578834533691 0.0003735109930858
2452096.7585934056 1.1431263089179993 0.00037340731068975
2452096.8370671687 0.7431488633155823 0.0003059386217501
2452096.915540927 1.1029006838798523 0.0003674299368867
2452096.9940146822 1.1745803356170654 0.0003783701686188
2452097.0724884328 0.7658221423625946 0.00031042109185355
2452097.150267722 1.053061604499817 0.0003597706527216
2452097.228741465 1.2063856124877927 0.0003836214891634
2452097.307215204 0.7787861824035645 0.00031298892281475
2452097.385688939 0.992496073246002 0.0003500461461953
2452097.464162671 1.2062958478927612 0.00038371978735080004
2452097.542636398 0.8709474802017213 0.0003302122058812
2452097.6211101217 0.9437635838985443 0.0003431293735047
2452097.6995838415 1.2066566944122314 0.0003849978093057
2452097.7780575575 0.9221375286579132 0.00034036808938249995
2452097.8558368124 0.8509967625141144 0.00032867232221175
2452097.934310521 1.2050268650054932 0.0003855813120026
2452098.012784226 0.999688982963562 0.0003536750155035
2452098.091257927 0.800153374671936 0.0003196706529706
2452098.1697316244 1.2054279446601868 0.0003860943106701
2452098.248205318 1.047831892967224 0.0003620265924837
2452098.3266790085 0.7411510050296782 0.00030929302738510003
2452098.4051526957 1.1813753843307495 0.0003822804137598
2452098.4836263787 1.0966057777404785 0.0003698299551615
2452098.562100059 0.767837107181549 0.0003152346180286
2452098.6364069916 1.1260129809379575 0.00037609564606095
2452102.3434250783 1.2220711708068848 0.00038396900345099997
2452102.4024541928 1.1049108505249023 0.000365850952221
2452102.481622638 0.7671079039573668 0.0003083224582951
2452102.5600966075 1.1366960406303404 0.00037097252788950003
2452102.6385705615 1.1486507654190063 0.0003729242598637
2452102.7170445006 0.7417013645172119 0.00030381380929609997
2452102.7955184258 1.0979387760162351 0.0003649323480203
2452102.873992337 1.178497314453125 0.0003773802891373
2452102.951077316 0.7662503123283385 0.0003083715855609
2452103.030940119 1.0479298830032349 0.0003568929096218
2452103.1087195324 1.2069611549377441 0.0003817260585492
2452103.1871933923 0.7883350253105164 0.0003124773502349
2452103.2656672406 0.984088659286499 0.00034653795592020004
2452103.344141078 1.2049773931503296 0.0003812259819824
2452103.422614904 0.8805131018161774 0.0003288873558631
2452103.501783179 0.9372234046459198 0.0003386928874533
2452103.579562526 1.2063648104667664 0.00038168572064015
2452103.658036322 0.9320876598358152 0.0003376514068804
2452103.736510108 0.8484460115432738 0.00032339850440615
2452103.814983885 1.2074363231658936 0.0003818259283434
2452103.892763194 1.0084843635559082 0.000350578513462
2452103.9712369526 0.788919508457184 0.0003126056544715
2452104.049710703 1.2004892826080322 0.0003807697503361
2452104.1281844443 1.055820345878601 0.00035825437225860005
2452104.2066581775 0.7452624440193176 0.0003042546159122
2452104.2851319024 1.178572952747345 0.00037740111292800004
2452104.36360562 1.1042317152023315 0.0003660002257674
2452104.442079329 0.7643671631813049 0.00030805886490265
2452104.5205530305 1.1365301609039309 0.0003709785232786
2452104.5990267247 1.1479291319847107 0.00037277603405525
2452104.6768059535 0.7423930764198302 0.00030387334118125
2452104.755279633 1.0937711000442505 0.0003642070805653
2452104.8337533055 1.1810611486434937 0.00037771329516540005
2452104.9122269703 0.7666807174682617 0.0003085157368332
2452104.9907006286 1.0445308685302734 0.00035640966962085
2452105.06917428 1.2047786712646484 0.000381397025194
2452105.1476479247 0.7883411049842834 0.0003124488721368
2452105.2261215625 0.9853801727294922 0.0003467241476755
2452105.304595194 1.2070987820625305 0.00038174050860105
2452105.382374362 0.8866438269615173 0.000329971226165
2452105.4608479803 0.9280691146850586 0.000337181991199
2452105.5393215925 1.2053736448287964 0.0003814060182776
2452105.617795198 0.9370241165161132 0.0003387388424016
2452105.696268798 0.8429474234580994 0.00032223074231295
2452105.7747423914 1.2049589157104492 0.0003813503426499
2452105.853215979 1.0094003677368164 0.0003507112996885
2452105.9316895604 0.7892043590545654 0.0003126408846583
2452106.010163136 1.2004239559173584 0.00038082050741645003
2452106.087942249 1.0592058897018433 0.00035881868097925
2452106.166415813 0.744160234928131 0.0003042467578779
2452106.244889371 1.1754165291786194 0.0003769531322177
2452106.323362923 1.1076319217681885 0.0003665308468043
2452106.40183647 0.7646879851818085 0.00030808735755265
2452106.4803100103 1.1327322721481323 0.0003702539252117
2452106.5587835456 1.1507736444473267 0.00037314365908965
2452106.6372570754 0.7457130551338195 0.0003042866010218
2452106.715730599 1.0931631326675415 0.00036403404374135
2452106.793509662 1.1833118796348572 0.0003781235573114
2452106.871983175 0.7673842310905457 0.000308475078782
2452106.950456683 1.0412532687187195 0.0003558401804184
2452107.0289301854 1.2065536975860596 0.000381544639822
2452107.1074036825 0.7937098741531371 0.0003133677237201
2452107.185877174 0.9797627925872802 0.0003458260325714
2452107.2643506606 1.2062863111495972 0.00038159548421385
2452107.3428241415 0.8859483003616333 0.0003298308292869
2452107.4212976173 0.928183525800705 0.0003371188649907
2452107.4997710884 1.2047905921936035 0.0003813906223513
2452107.578244554 0.9356253147125242 0.0003384276060387
2452107.656023558 0.8372872173786162 0.00032116733200375
2452107.734497014 1.2061599493026731 0.0003813655057456
2452107.812970464 1.012709379196167 0.00035129424941255
2452107.891443909 0.7837007641792297 0.0003114948340225
2452107.969917349 1.1985987424850462 0.00038039872015354997
2452108.048390784 1.0577541589736938 0.0003585196391213
2452108.126169759 0.739532470703125 0.0003031757369171
2452108.205337639 1.1750881671905515 0.0003768455935642
2452108.2831166037 1.109959363937378 0.0003668294812086
2452108.3622844736 0.7662062644958496 0.0003083177434746
2452108.4407578837 1.1331120133399963 0.00037035319837740003
2452108.523398018 1.1321402788162231 0.0003703195252455
2452108.5970102344 0.7437011003494263 0.0003039958537556
2452108.6754836296 1.0902278423309326 0.00036370610177979996
2452108.75395702 1.18342387676239 0.0003781043342314
2452108.8324304055 0.7656980752944946 0.0003082388138864
2452108.9109037863 1.040757417678833 0.0003557750605978
2452108.9893771624 1.206429660320282 0.00038159273390185
2452109.067156079 0.7979835569858551 0.00031423679320135
2452109.1456294456 0.9748459458351136 0.0003450197109486
2452109.224102807 1.2062059044837952 0.0003816171811195
2452109.302576164 0.8915757536888121 0.0003309374151285
2452109.3810495166 0.9237580001354218 0.00033641634217924997
2452109.459522864 1.2047699689865112 0.0003813946968875
2452109.5379962064 0.9408415257930756 0.00033933296799655
2452109.6164695444 0.837303340435028 0.0003213424060959
2452109.6949428776 1.206553041934967 0.00038161316479084996
2452109.772721752 1.0170537829399109 0.0003520640166243
2452109.851195076 0.7799699306488037 0.0003109899407718
2452109.9296683953 1.196197330951691 0.00038027740083625
2452110.00814171 1.0620334148406982 0.0003596199094317
2452110.085920566 0.7445518970489502 0.000304737186525
2452110.1650883257 1.172787308692932 0.0003770290641114
2452110.2442560806 1.1072882413864136 0.0003669497091323
2452110.322034923 0.7696411609649657 0.0003095897554885
2452110.4005082147 1.1296086311340332 0.0003705936396727
2452110.4789815014 1.1533104181289673 0.0003744082350749
2452110.5574547844 0.7414455115795135 0.00030515203252430003
2452110.6352336085 1.086357831954956 0.00036445229488885
2452110.713706882 1.185534119606018 0.0003797574609052
2452110.792180151 0.7663522362709045 0.00031018578738435003
2452110.870653416 1.0373624563217163 0.0003570493427105
2452110.9491266767 1.2054098844528198 0.00038309241062955
2452111.027599932 0.7979150414466859 0.0003162276116199
2452111.106073184 0.974989354610443 0.00034696937655095
2452111.1845464306 1.2060776948928833 0.000383398582926
2452111.2630196735 0.8928712606430054 0.00033314227766815
2452111.340798458 0.9188540577888489 0.00033758308563845
2452111.419271692 1.2041819095611572 0.0003832355723716
2452111.4984393753 0.9408289194107056 0.0003420812136027
2452111.5762181478 0.8314779996871949 0.0003237053169868
2452111.654691369 1.2056912183761597 0.00038477061025325
2452111.7331645857 1.0163382291793823 0.0003557502059265
2452111.811637799 0.7802699208259581 0.00031567655969405
2452111.8901110073 1.1975215673446655 0.0003846046747639
2452111.9685842125 1.0631861686706543 0.00036393257323645
2452112.04636296 0.7413412332534789 0.00030892345239405
2452112.1248361566 1.1705808639526367 0.0003809060144703
2452112.2040038025 1.110768437385559 0.0003719211381394
2452112.281782538 0.767343759536743 0.0003142197092529
2452112.3602557234 1.1287022829055786 0.00037441871245389997
2452112.438728905 1.1560741662979124 0.0003789293696172
2452112.51650763 0.7397379875183105 0.0003111010300926
2452115.906830268 0.9587141275405884 0.0003388693730812
2452115.970025759 0.7529119253158569 0.00030303442326835004
2452116.0450269897 1.1675297021865845 0.00037160690408195
2452116.1235004854 1.1168406009674072 0.000363883038517
2452116.2019739654 0.7668020129203796 0.0003055488778045
2452116.280447431 1.1264537572860716 0.0003654253960121
2452116.3596153357 1.1568856239318848 0.0003700556117109
2452116.437394316 0.7429261207580566 0.0003011593362316
2452116.515867736 1.0822566747665405 0.000358595905709
2452116.5936466875 1.1895366311073303 0.00037490659451569995
2452116.671425626 0.7710904777050018 0.0003063637850573
2452116.75059346 1.031177282333374 0.0003505611675791
2452116.829066827 1.207776427268982 0.0003776174853555
2452116.9075401807 0.8087445497512817 0.00031313722138285
2452116.986013523 0.9651092886924744 0.0003399077395442
2452117.0644868533 1.2062931656837463 0.0003774077340494
2452117.142960172 0.9013426303863524 0.0003293089393991
2452117.2214334793 0.9150633215904237 0.00033156643621620003
2452117.2992123226 1.2079667448997495 0.00037763221189375
2452117.3776856093 0.9549632668495176 0.0003382266149856
2452117.4561588857 0.8194679915904999 0.00031499534088645
2452117.534632152 1.2048310041427612 0.0003772238269448
2452117.613105409 1.023769497871399 0.00034937450254795
2452117.6915786564 0.7709073424339294 0.0003062922914978
2452117.7700518942 1.1959742903709412 0.0003758448583539
2452117.848525123 1.0707759857177734 0.0003567488165572
2452117.9269983433 0.7410728931427002 0.00030076337861825004
2452118.005471555 1.1674330234527588 0.0003715495986398
2452118.0839447584 1.1158663034439087 0.00036378364893605
2452118.1617234997 0.7661806643009186 0.00030537866405205003
2452118.2401966862 1.1248610019683836 0.0003651357546914
2452118.318669865 1.1640350818634033 0.0003711111057782
2452118.3971430357 0.7434868812561035 0.0003012415254488
2452118.4756161985 1.078058898448944 0.0003579193580662
2452118.554089354 1.1888474225997925 0.0003748742165043
2452118.633256954 0.7640148401260376 0.0003050621016882
2452118.711035642 1.0317996740341189 0.0003507370129227
2452118.789508775 1.2088266015052795 0.0003777830133913
2452118.8672874486 0.8145842850208281 0.0003141714696539
2452118.945760567 0.9597579836845396 0.000339010177413
2452119.0242336793 1.205171823501587 0.0003772628697333
2452119.102706784 0.9057757854461668 0.0003299613308627
2452119.181179882 0.9106386601924896 0.00033072798396455
2452119.259652973 1.2075562477111816 0.0003775726363528
2452119.3381260578 0.9555037021636963 0.00033823693229345
2452119.416599136 0.8192900419235228 0.0003149966942146
2452119.4950722074 1.2052193880081177 0.0003772499330807
2452119.57285082 1.027311623096466 0.00034979777410620004
2452119.6513238787 0.7654902935028077 0.0003053298569284
2452119.729796931 1.1943969130516052 0.00037560658529395003
2452119.8082699766 1.0753294229507446 0.0003574714064598
2452119.8867430165 0.7415962517261505 0.00030093103123359996
2452119.96521605 1.164474844932556 0.0003710879827849
2452120.0436890773 1.1187821626663208 0.0003641597722889
2452120.1221620985 0.7671396136283873 0.0003055187989957
2452120.2006351138 1.1246190667152405 0.0003650997241493
2452120.278413671 1.1666463613510132 0.0003714555641636
2452120.3568866747 0.7430358529090881 0.0003010798245668
2452120.4353596717 1.0742005705833435 0.0003572883288143
2452120.513832663 1.1910802125930786 0.0003749894094653
2452120.592305649 0.7684817910194397 0.0003058437723666
2452120.6700841775 1.0248421430587769 0.00034951233828899996
2452120.749251602 1.2094956636428833 0.0003778069949476
2452120.827724571 0.8158958554267883 0.0003144030342809
2452120.9061975335 0.9599265456199646 0.00033892675128295005
2452120.98467049 1.205008029937744 0.0003771419578697
2452121.0631434415 0.9063145220279694 0.0003299878444522
2452121.1409219364 0.9055301547050474 0.00032981463300525
2452121.219394876 1.2072666883468628 0.0003775253426283
2452121.2978678113 0.9602570235729218 0.0003391191567061
2452121.37634074 0.8140783309936523 0.0003140370827168
2452121.454813664 1.2045097351074219 0.0003771070769289
2452121.5332865813 1.0274162292480469 0.0003499238518998
2452121.611759494 0.7659339010715485 0.00030532205710184996
2452121.6902324012 1.1949470043182373 0.0003756577207241
2452121.7687053033 1.0755672454833984 0.00035752044641405
2452121.8464837493 0.7410621345043181 0.00030085092294025
2452121.92495664 1.160562753677368 0.0003705152776092
2452122.003429526 1.1214092373847961 0.00036465487210074997
2452122.081902406 0.7689061760902404 0.0003058559668716
2452122.1603752812 1.1212690472602844 0.0003645293036242
2452122.238848151 1.1658852100372314 0.0003714201156981
2452122.317321016 0.7410685122013092 0.00030075536051295
2452122.395793875 1.0731534957885742 0.0003570764092728
2452122.4742667293 1.1905623078346252 0.00037498754682015
2452122.5576007282 0.7475987672805786 0.00030210406112015
2452122.630517972 1.0242236852645874 0.0003494283591862
2452122.708990811 1.2093891501426697 0.0003779049875447
2452122.7874636445 0.8206560611724852 0.0003153307479806
2452122.865936473 0.954899549484253 0.00033824391721279997
2452122.944409296 1.204594612121582 0.0003772296477109
2452123.022882114 0.9110614359378815 0.00033093839010685
2452123.1013549273 0.9052080512046814 0.0003299055679235
2452123.179827735 1.208901047706604 0.0003778630198212
2452123.2583005377 0.9604129791259765 0.0003392116050235
2452123.336773336 0.8142137229442595 0.00031418792787005
2452123.414551679 1.2058505415916443 0.00037736326339649995
2452123.493024467 1.0296183824539185 0.0003504468768369
2452123.572191699 0.7649955153465272 0.0003052193496841
2452123.6499700276 1.1926696300506592 0.0003753984055947
2452123.7284428 1.078919768333435 0.00035814029979515
2452123.806915568 0.7454586625099182 0.0003016305563505
2452123.885388331 1.1619439721107483 0.00037085663643665005
2452123.963861089 1.1222525835037231 0.000364778767107
2452124.0423338423 0.7647205889225006 0.00030518468702210003
2452124.120112141 1.1180346012115479 0.0003641696093836
2452124.1985848844 1.1686455011367796 0.0003718748339451
2452124.277057623 0.7414674758911132 0.0003010268119396
2452124.3555303565 1.070800542831421 0.0003569437249097
2452124.434003085 1.1931776404380798 0.0003755355428438
2452124.512475809 0.7716653943061828 0.0003066145582124
2452124.5909485277 1.0236070156097412 0.00034946220694105
2452124.669421242 1.2074143886566162 0.0003776800876948
2452124.747893952 0.8208046555519103 0.00031545537058254997
2452124.8256722074 0.951190024614334 0.00033763787359925
2452124.9041449074 1.2047661542892456 0.0003773034841287
2452124.9826176027 0.9150243699550629 0.00033166055800390004
2452125.0610902933 0.8989706635475159 0.0003290068125352
2452125.139562979 1.2081413865089417 0.00037778554542455
2452125.21803566 0.9655625820159912 0.0003399369306862
2452125.2965083364 0.8094508647918701 0.00031342121656045
2452125.3749810085 1.2040673494338987 0.0003772429772652
2452125.453453676 1.030135691165924 0.0003505649365251
2452125.531926338 0.7693876028060913 0.0003062017494812
2452125.610398996 1.191390335559845 0.00037537273601625
2452125.6881772014 1.0831523537635803 0.0003589326952351
2452125.7666498506 0.7427987456321715 0.0003014779649674
2452125.845122495 1.1599888801574707 0.00037075091677245
2452125.9235951356 1.1245257854461668 0.0003655607288237
2452126.0020677713 0.7643225193023682 0.00030587420042135
2452126.080540403 1.1161571741104124 0.0003647478588391
2452126.15901303 1.1687871813774109 0.00037297228118399997
2452126.237485653 0.7448869347572327 0.0003029757644981
2452126.3159582717 1.0725087523460388 0.0003584466176107
2452126.3937364384 1.194263994693756 0.00037721639091610004
2452126.472209049 0.7759962677955627 0.0003099013702012
2452126.5506816553 1.0193601846694946 0.00035180436680085005
2452126.6291542584 1.206928849220276 0.0003810437920037
2452126.707626857 0.8263169229030608 0.00032103704870675004
2452126.786099452 0.951779007911682 0.0003430686483625
2452126.8645720435 1.2056024074554443 0.00038309479714365
2452126.9430446313 0.914752721786499 0.0003390122146811
2452127.021517216 0.8989144861698152 0.00033724341483315
2452127.09929535 1.2074099779129028 0.00038612262869715003
2452127.1777679278 0.969884157180786 0.0003509788948576
2452127.2492960272 0.7518837749958038 0.00031486155057785
2452130.2409809995 1.0937964916229248 0.00036041752900919997
2452130.313898308 1.1985702514648435 0.0003762588603422
2452130.3923712093 0.7814906537532806 0.00030819109815635
2452130.470844097 1.014654278755188 0.0003478683938737
2452130.5493169706 1.207414984703064 0.0003775391814997
2452130.627789831 0.8315780758857726 0.0003171527641825
2452130.7062626765 0.9466865956783292 0.0003367030003573
2452130.7847355087 1.206367015838623 0.0003774419019464
2452130.8625138775 0.9251646399497984 0.0003332365886308
2452130.9409866827 0.8883728682994841 0.0003269918088335
2452131.019459475 1.2065128087997437 0.0003774101787712
2452131.097932254 0.9735312759876251 0.0003412443766137
2452131.1764050215 0.7988218665122986 0.0003113638667855
2452131.2548777764 1.206644594669342 0.00037739360413975
2452131.3333505196 1.0384913682937622 0.0003516347787808
2452131.4118232513 0.7646228671073914 0.0003050405211979
2452131.4902959717 1.1855555772781372 0.0003743418201338
2452131.568768681 1.084967851638794 0.0003589355037547
2452131.6465469315 0.7412194907665253 0.0003007935447385
2452131.7250196203 1.156081199645996 0.0003698618093039
2452131.8034922983 1.1319859623908997 0.00036618513695425
2452131.881964967 0.7657883167266845 0.000305359455524
2452131.9604376256 1.1084222197532654 0.00036250357516105
2452132.038910275 1.1725194454193115 0.0003722290857695
2452132.1173829148 0.7408487498760223 0.00030067696934560004
2452132.1958555453 1.0648229122161863 0.0003557656891644
2452132.2743281666 1.1986092329025269 0.0003762461274163
2452132.352106332 0.7869656682014465 0.00030922226142135
2452132.430578936 1.0104193687438965 0.0003471266245469
2452132.509051532 1.2064926624298096 0.0003774042561417
2452132.5875241193 0.8363686800003051 0.00031793047674
2452132.6659966987 0.9426069557666779 0.00033603757037779997
2452132.744469269 1.2063841819763184 0.0003773206844925
2452132.8229418322 0.9261800944805143 0.0003332887572469
2452132.9014143874 0.8881292343139648 0.0003268917207606
2452132.979886935 1.2058135867118835 0.00037716283986805
2452133.058359475 0.9732988476753236 0.0003411027719266
2452133.1368320067 0.7998214364051819 0.00031134828168430005
2452133.214610085 1.207308292388916 0.00037745606095989997
2452133.293082602 1.0430524349212646 0.0003523163904901
2452133.3715551123 0.764635443687439 0.00030501109722529997
2452133.4500276153 1.1833058595657349 0.0003738981031347
2452133.528500111 1.0880666375160217 0.0003594582813093
2452133.6069726 0.7427640557289124 0.0003010712680406
2452133.6854450814 1.1560596227645874 0.00036979587457605
2452133.7639175565 1.1316614151000977 0.0003661282244138
2452133.842390024 0.7648244500160217 0.00030510878423225
2452133.9201680394 1.1061697006225586 0.0003621660289354
2452133.9986404935 1.1743364334106443 0.0003726448048837
2452134.0771129415 0.7411613166332245 0.00030076368420845
2452134.155585383 1.0607839822769165 0.0003551279951352
2452134.2340578176 1.2003123760223389 0.00037634071486535
2452134.312530246 0.78764671087265 0.0003091721155215
2452134.391002668 1.0097954273223877 0.00034695699287104996
2452134.4694750835 1.205315351486206 0.0003770900366362
2452134.5479474925 0.8362557888031006 0.00031785006285640004
2452134.6250310033 0.9328335523605346 0.0003343782445881
2452134.704197846 1.2056934833526611 0.0003772401250898
2452134.782670236 0.9308931231498718 0.0003340692346682
2452134.861142621 0.8833169341087341 0.0003259848454035
2452134.939614999 1.2054523229599 0.00037716113729395
2452135.018087371 0.9786413311958314 0.0003419378190301
2452135.096559737 0.7934287786483765 0.000310251081828
2452135.175032097 1.207489848136902 0.0003774601209443
2452135.2535044504 1.0431467294692993 0.00035239009594075
2452135.331976799 0.7663931846618652 0.0003053743275813
2452135.4104491407 1.182239055633545 0.00037370079371610004
2452135.4882270317 1.09084153175354 0.0003598264884203
2452135.566699362 0.7440886497497559 0.0003012120723724
2452135.6451716865 1.1524389386177063 0.0003692677855724
2452135.723644005 1.135480523109436 0.0003666609118226
2452135.802116318 0.7651672065258026 0.0003051873063668
2452135.880588625 1.105845928192139 0.0003622082294896
2452135.959060927 1.1735694408416748 0.00037240159872444997
2452136.038227667 0.7407350540161132 0.00030059543496455
2452136.116005513 1.060768485069275 0.0003550992114469
2452136.194477797 1.200721263885498 0.0003763585991691
2452136.271561186 0.7976960539817809 0.00031097067403605
2452136.351422349 1.0105724334716797 0.0003470655356068
2452136.4278112818 1.204285979270935 0.0003769835748244
2452136.506977989 0.8458823561668397 0.0003194559249095
2452136.58614469 0.9373583793640136 0.0003350836923345
2452136.6660058303 1.2065767645835876 0.00037720629188695
2452136.7375336294 0.9668874144554136 0.0003400361456442
2452136.8215614264 0.8833563327789307 0.0003260807425249
2452136.8993392163 1.2054620385169983 0.0003771926130866
2452136.9778114455 0.9826223254203796 0.0003426287148613
2452137.056283669 0.7881604433059692 0.00030931965738995
2452137.134755887 1.206047296524048 0.0003772796189878
2452137.2132281 1.0469986200332642 0.0003529854730004
2452137.2917003073 0.7692329287528991 0.0003059740993194
2452137.370172509 1.180854320526123 0.00037348100158845
2452137.4486447056 1.0914756059646606 0.0003599160700105
2452137.5271168975 0.740097850561142 0.00030051043722775
2452137.605589083 1.1521062850952148 0.0003692371828947
2452137.6840612637 1.1360515356063843 0.00036680222547145
2452137.761838995 0.766302764415741 0.0003053815598832
2452137.840311165 1.103729248046875 0.0003619100898504
2452137.91878333 1.176269292831421 0.0003728139708982
2452137.997255489 0.7437596321105957 0.000301204592688
2452138.0757276434 1.0563835501670837 0.00035442202351985
2452138.1541997925 1.2023003101348877 0.0003766531299334
2452138.232671936 0.7936023473739623 0.00031033337290855
2452138.311144075 1.0073784589767456 0.0003466628841124
2452138.389616208 1.2054495811462402 0.00037710808101105
2452138.467393893 0.8458609580993652 0.00031958430190565004
2452138.5458660163 0.93084317445755 0.0003340629918966
2452138.624338134 1.2079222202301025 0.0003775258082896
2452138.702810247 0.9363887906074526 0.0003350020560901
2452138.7812823546 0.8792208433151244 0.0003253364702686
2452138.859754457 1.206032156944275 0.0003771859919652
2452138.9382265545 0.9828619658946991 0.00034265071735715003
2452139.0166986473 0.7864575386047363 0.0003090966783929
2452139.0951707345 1.207407295703888 0.0003774686338147
2452139.173642817 1.047584891319275 0.0003529648238327
2452139.252114894 0.7662298083305359 0.000305319626932
2452139.3298925236 1.179435670375824 0.00037330250779625
2452139.4083645907 1.0954821109771729 0.0003605148231144
2452139.486836653 0.7416370511054993 0.0003006466431543
2452139.5653087106 1.148362159729004 0.0003685767878778
2452139.643780763 1.1387638449668884 0.0003671865415526
2452139.7222528104 0.7663977146148682 0.0003054443513974
2452139.800724853 1.1038125157356262 0.0003618232585722
2452139.8791968906 1.1773890256881712 0.0003729644522536
2452139.9583633663 0.7383018136024475 0.000300180457998
2452140.035446509 1.0521488785743713 0.00035376592131790003
2452140.113918532 1.203160524368286 0.0003767900343518
2452140.192390551 0.7982357442378998 0.0003111511759925
2452140.270862565 1.004000902175903 0.0003461776941549
2452140.3493345743 1.206961452960968 0.00037750380579375004
2452140.4278065786 0.8455055952072142 0.0003197450132574
2452140.5062785787 0.9299162924289701 0.0003343470889376
2452140.584750574 1.2056940793991089 0.000377808639314
2452140.6632225653 0.9359562098979951 0.00033576534769960004
2452140.7410001094 0.8744641244411469 0.00032560846011615
2452140.8194720913 1.2058888673782349 0.0003787869354709
2452140.8979440695 0.9867041110992434 0.00034531284472900004
2452140.976416043 0.7807638645172118 0.0003104040806647
2452141.054888013 1.2061440348625183 0.0003797941899392
2452141.133359978 1.049768090248108 0.0003566308296285
2452141.2118319394 0.7662828266620635 0.0003093662235187
2452141.2903038976 1.1806036233901975 0.0003769540635403
2452141.3687758516 1.0968400239944458 0.00036479922709985
2452141.447247802 0.7414949536323547 0.0003073423868045
2452141.525719749 1.1472709774971008 0.00037536374293259997
2452141.602802809 1.1429229974746704 0.0003762056294362
2452141.6743303305 0.7444673478603363 0.00031254612258629997
2452144.5298809414 1.1083082556724548 0.0003747446025954
2452144.5805754224 0.8033618927001953 0.0003388976037967
2452144.6611310234 0.7695276737213135 0.0003240325022488
2452144.739603275 1.1376469731330872 0.00037728942697864997
2452144.818075512 0.8986647725105285 0.000344342959579
2452144.8965477343 0.6464625298976898 0.00030755909392605
2452144.9757143864 1.100606918334961 0.00037702858389815
2452145.0534921363 0.932007372379303 0.0003540739853633
2452145.1319643166 0.6443160772323608 0.0003065858036279
2452145.2104364834 1.0286270380020142 0.00037302156852085
2452145.2882141937 0.9614337086677552 0.00036175848799755003
2452145.366686335 0.6232945919036865 0.0003012549132108
2452145.445158464 0.9864355623722075 0.0003675603365991
2452145.523630581 0.9649143815040588 0.0003675987536553
2452145.6021026867 0.6370364129543304 0.00030590819369535
2452145.680574781 1.0291464328765867 0.0003606613609008
2452145.7590468638 1.0969335436820984 0.0003736669605132
2452145.837518936 0.6525176763534546 0.0003014017420355
2452145.915990998 0.9704431891441345 0.00035289685183665
2452145.99446305 1.122698664665222 0.0003767848829738
2452146.0729350913 0.7113454043865204 0.00031230623426375
2452146.150712681 0.90130615234375 0.0003449886571615
2452146.2291847034 1.1188396215438845 0.0003772903291974
2452146.3076567166 0.7704160213470459 0.00032211895450014996
2452146.386128721 0.8118276596069336 0.0003324270946905
2452146.464600716 1.1074129939079285 0.00037702504778275
2452146.543072702 0.841924250125885 0.0003364937147125
2452146.6215446796 0.7927813529968262 0.00032377494790125
2452146.700016649 1.1509432792663574 0.0003772228374145
2452146.77848861 0.9598871469497681 0.00034431905078229996
2452146.8562661204 0.7077368497848511 0.00030668861290905
2452146.934738065 1.163580060005188 0.0003769405011553
2452147.013210002 1.0296958684921265 0.000354400021024
2452147.0916819307 0.7396309971809387 0.0003056427522096
2452147.1701538516 1.1401501893997192 0.0003724893322214
2452147.2486257656 1.0661625862121582 0.0003617427719291
2452147.3270976716 0.7141653895378113 0.0003011746885022
2452147.40556957 1.1258803606033323 0.0003674012841656
2452147.4840414617 1.1324303150177002 0.00036755323526445
2452147.562513346 0.7225133180618286 0.0003058066940866
2452147.6409852225 1.0407211184501648 0.00036082149017595
2452147.718762651 1.1392547488212585 0.00037390551005955005
2452147.796540073 0.6828378736972809 0.00030204189533825
2452147.8757063705 1.0102342367172241 0.00035234082315579996
2452147.9541782197 1.189611792564392 0.0003768810420297
2452148.032650062 0.7668210566043854 0.00031311914790415
2452148.1111218976 0.966812252998352 0.0003447010240051
2452148.190288168 1.2004060745239256 0.0003770901821553
2452148.2680655494 0.8610714077949525 0.0003220881917513
2452148.3465373656 0.9381937682628632 0.00033262481156265
2452148.4243147345 1.2066006064414978 0.00037691785837519996
2452148.502786537 0.9792381525039674 0.0003372351056896
2452148.581258334 0.889213055372238 0.00032287223439189997
2452148.6597301248 1.2117754220962524 0.0003770003677345
2452148.738201909 1.0113966464996338 0.00034501108166289996
2452148.8166736867 0.819639503955841 0.0003066160425078
2452148.895145458 1.2948776483535767 0.0003767711023101
2452148.973617224 1.125677466392517 0.0003543760103639
2452149.0520889834 0.8512885272502899 0.00030559183505825
2452149.129866297 1.2156084775924683 0.00037199680809854997
2452149.2083380446 1.129932165145874 0.0003623806114774
2452149.286809786 0.8255912661552429 0.00030114324181334997
2452149.3652815213 1.2146379947662351 0.0003670836740639
2452149.443753251 1.2217957377433777 0.00036781906965185
2452149.522224975 0.9030750393867492 0.0003063041658606
2452149.600696693 1.2318862080574036 0.00036018918035545
2452149.679168405 1.3506281375885008 0.0003736775252036
2452149.7576401113 0.9432685971260071 0.0003011090884683
2452149.836111812 1.3522487878799438 0.0003523516352288
2452149.9145835065 1.56558758020401 0.0003767753223655
2452149.992360756 1.1320326328277586 0.00031396941631095
2452150.0708324397 1.3860546350479124 0.000343929772498
2452150.149304117 1.5512763857841492 0.00037725886795665
2452150.2277757893 1.224609136581421 0.0003228815621696
2452150.306247456 1.3283283114433289 0.00033157471625595
2452150.384719117 1.613675594329834 0.000376842363039
2452150.4631907726 1.378988265991211 0.00033713983430054995
2452150.5416624225 1.290363907814026 0.0003225758264306
2452150.620134067 1.5746804475784302 0.0003769942268263
2452150.6979112667 1.3433743715286255 0.00034555589081715
2452150.7763829003 1.1195168495178225 0.0003055608831346
2452150.854854528 1.6459071636199951 0.00037648819852614996
2452150.9388816636 1.2018487453460691 0.0003503377374727
2452151.011797768 0.6504212617874146 0.0003055752604268
2452151.09026938 1.0797774791717527 0.0003720107197295
2452151.168740986 0.9967408776283263 0.0003622330114012
2452151.2472125874 0.64396733045578 0.0003019995347131
2452151.324295305 1.0280892848968506 0.0003661048976937
2452151.4034613348 1.0431854128837585 0.00036833687045145
2452151.48193292 0.6737781167030334 0.0003056142595596
2452151.5604044995 0.9488459825515746 0.00035946501884605
2452151.6388760745 1.0384312868118286 0.000374346069293
2452151.7173476433 0.5711891651153564 0.00030114532273725
2452151.795124769 0.8657869398593903 0.00035115389619014997
2452151.874290766 1.0363242626190186 0.00037700727989425
2452151.95276232 0.633319079875946 0.0003141111519653
2452152.0312338686 0.8492401540279387 0.00034389087522865
2452152.109705412 1.0874648094177246 0.0003770450421143
2452152.18817695 0.6958056092262268 0.00032286901841865
2452152.2659540446 0.7417309582233429 0.00033097372215700003
2452152.3444255725 1.0527166128158567 0.0003769324102904
2452152.422897095 0.808887392282486 0.00033795720082705003
2452152.5013686125 0.6992964744567871 0.0003216721233911
2452152.5798401255 1.0406052470207214 0.00037714681820940005
2452152.6583116325 0.8327000737190247 0.0003457620914559
2452152.7367831348 0.6156317889690399 0.00030567414069079997
2452152.8152546324 1.077216625213623 0.0003767956513911
2452152.8937261244 0.9551056027412415 0.0003550510446075
2452152.971503174 0.6270357966423035 0.00030556655838149995
2452153.049974656 1.0040485858917236 0.0003715866187121
2452153.1284461333 0.9397931993007659 0.00036275648744775
2452153.2069176054 0.5757533311843872 0.0003012598899658
2452153.285389073 0.945483237504959 0.00036666492815125003
2452153.3638605354 0.9878972768783568 0.000368595967302
2452153.442331993 0.6287985146045685 0.00030548725044350004
2452153.520803445 0.935322105884552 0.0003595115267671
2452153.599274893 1.0671510100364685 0.00037417838757385004
2452153.6777463355 0.6369492411613464 0.0003014016838278
2452153.756217773 0.9239756762981415 0.00035174214281135003
2452153.833994769 1.0610934495925903 0.00037708622403435
2452153.9124661973 0.6909192800521851 0.0003150218399241
2452153.9909376204 0.9025111496448517 0.0003432831872487
2452154.0694090393 1.1073583364486694 0.0003770454204641
2452154.1478804527 0.7662532925605774 0.00032379641197615003
2452154.2263518623 0.8337330818176268 0.0003309431194793
2452154.3048232663 1.1503564715385437 0.0003770950279431
2452154.383294666 0.8607645034790038 0.0003380424750503
2452154.4617660614 0.7528089582920073 0.00032173201907420004
2452154.539543015 1.1563251614570618 0.00037708033050869996
2452154.618014401 0.9408375620841982 0.0003464159672148
2452154.696485782 0.6948837637901306 0.0003048051876248
2452154.774957159 1.1320123672485352 0.0003766104055102
2452154.8534285314 1.033210575580597 0.00035567034501575
2452154.9318998996 0.7231833338737487 0.0003058088186662
2452155.010371263 1.0791645050048828 0.00037160259671505
2452155.0888426225 1.0680129528045654 0.0003626617544796
2452155.167313978 0.7190991044044495 0.00030133940163065004
2452155.2450908916 1.1031135916709898 0.00036645603540814997
2452155.323562239 1.1379441022872925 0.0003690714947879
2452155.4020335814 0.7289835810661316 0.00030562958272635
2452155.4805049207 1.0846959352493286 0.0003591678978409
2452155.558976256 1.2425192594528198 0.000374468130758
2452155.637447587 0.8352325558662415 0.0003021020384039
2452155.715918915 1.094100296497345 0.00035127918818030003
2452155.7943902393 1.2644661664962769 0.0003773404459934
2452155.8728615604 0.941561311483383 0.00031511631095775
2452155.951332879 1.1150784492492676 0.0003435083781369
2452156.0298041934 1.3604066371917725 0.00037756930396419996
2452156.1075810697 1.062225580215454 0.0003259946533944
2452156.1860523797 1.104816198348999 0.0003316116344649
2452156.264523687 1.4269739389419556 0.00037894655542909997
2452156.342994993 1.168330430984497 0.0003413039667066
2452156.4214662975 1.0126461982727053 0.0003247437853133
2452156.499937601 1.2936079502105713 0.0003819369303528
2452156.5784089034 1.084007441997528 0.00035275629488745004
2452156.6568802064 0.8655873537063599 0.0003132284618914
2452156.7047963124 1.271600067615509 0.0003662208182504
2452158.8769984674 0.8062711656093597 0.00032736276625649997
2452158.933942507 1.085028350353241 0.0003730234166141
2452159.0089419633 1.0494936108589172 0.00036311069561624997
2452159.087413603 0.6801769733428955 0.000301954394672
2452159.1658852287 1.010761320590973 0.0003662379313027
2452159.243662401 1.0406747460365293 0.00036935992829965
2452159.3214395596 0.6593095362186432 0.00030559052538585
2452159.4006055826 0.9600226879119873 0.0003585130325518
2452159.479077153 1.0484880208969116 0.0003747543087229
2452159.55754871 0.5886638760566711 0.00030125312332525
2452159.6360202543 0.8927834630012512 0.0003502782783471
2452159.714491786 1.084434151649475 0.00037716711813115
2452159.7936577434 0.7019948363304138 0.0003151288838125
2452159.8714348134 0.8673989176750183 0.0003426730399951
2452159.9492118713 1.114836037158966 0.00037688873999285
2452160.027683356 0.7661545276641845 0.0003253368486184
2452160.10615483 0.7930946052074432 0.0003291530447313
2452160.1846262934 1.0720970630645752 0.0003768207971006
2452160.2630977463 0.830612987279892 0.00033952314697665003
2452160.341569189 0.7136425971984863 0.0003200681821908
2452160.4200406214 1.082220733165741 0.00037683865230060004
2452160.499206482 0.8773522377014159 0.0003461252490524
2452160.5769834584 0.6065568625926971 0.0003037296410184
2452160.6547604254 1.0524842143058777 0.00037595847970805
2452160.7332318206 0.93261981010437 0.0003565598162822
2452160.8117032074 0.6364681124687195 0.00030554835393555
2452160.890174585 1.0686662197113037 0.0003706508432514
2452160.968645954 1.0110175013542175 0.0003634375025285
2452161.0471173148 0.6472882032394409 0.0003011610824614
2452161.1255886676 1.0085075497627258 0.0003656629705801
2452161.204060012 1.0152845382690427 0.0003692394529934
2452161.282531348 0.637755811214447 0.0003055431734537
2452161.361002677 0.970007598400116 0.0003583155048545
2452161.439473998 1.0933124423027039 0.00037441561289595
2452161.517250875 0.6508551239967346 0.00030091388907745
2452161.595722181 0.926069438457489 0.0003497782745398
2452161.674193479 1.0911630988121033 0.0003770446055568
2452161.75266477 0.7430775761604309 0.000316809862852
2452161.8311360544 0.9610361754894257 0.00034192315069955
2452161.909607331 1.142924189567566 0.0003768062160816
2452161.9880786007 0.7998274266719818 0.0003251561429351
2452162.0665498637 0.8525052070617675 0.0003290839085821
2452162.145021119 1.1956660747528076 0.00037699079257430003
2452162.222797933 0.952593982219696 0.00034008111106225
2452162.3012691755 0.855007767677307 0.0003192299045622
2452162.3797404114 1.2192293405532837 0.0003769219620153
2452162.458211641 1.0726772546768188 0.0003473397227935
2452162.5366828637 0.8671921491622925 0.00030271324794735
2452162.61515408 1.3001190423965454 0.0003758622042369
2452162.69362529 1.1732348203659058 0.0003564649668987
2452162.7720964937 0.8950567245483398 0.0003057979338336
2452162.850567691 1.2538142800331116 0.00037078712193755
2452162.9290388823 1.2506532669067385 0.0003634438908193
2452163.007510067 0.9316703379154205 0.00030076279654160003
2452163.085286811 1.2975935339927673 0.000365034371498
2452163.1637579836 1.2896125316619873 0.0003695346822496
2452163.2422291506 0.8849639594554901 0.00030540722946165004
2452163.320700311 1.195561408996582 0.0003579555777832
2452163.399171466 1.2736425995826721 0.0003747178416233
2452163.4776426153 0.887294590473175 0.0003013172245118
2452163.556113758 1.1682589054107666 0.0003494948759907
2452163.6345848953 1.3401622772216797 0.0003768148308154
2452163.713056027 0.964959979057312 0.00031667370058125
2452163.790832718 1.131930410861969 0.00034112212597384997
2452163.8693038383 1.3819780349731443 0.0003766474837902
2452163.9477749527 1.0384055376052856 0.00032611309143245
2452164.0262460615 0.9577146172523496 0.0003278755466453
2452164.1047171643 1.2980887293815613 0.00037685406277884997
2452164.183188262 1.0894891023635864 0.0003398576227482
2452164.261659354 0.9582962095737457 0.00031898827000984996
2452164.3401304404 1.3651572465896606 0.0003768759197555
2452164.4186015213 1.1983279585838318 0.00034727368620215
2452164.496378163 0.9713444411754608 0.00030143962067085003
2452164.575543667 1.4376152157783508 0.0003756453224923
2452164.6533202976 1.2570379972457886 0.00035681120061775
2452164.7324857907 0.893716424703598 0.00030638831958635
2452164.8109568446 1.4323476552963257 0.0003705051494762
2452164.888733459 1.381940484046936 0.0003636451147031
2452164.9665100686 1.0020618438720703 0.0003006433253176
2452165.044981106 1.3564895391464233 0.0003641524526756
2452165.1241465732 1.3682309985160825 0.00036954678944305
2452165.2019231664 0.9941108226776122 0.0003055543638765
2452165.2810886228 1.3477684259414673 0.00035802106140175004
2452165.358170772 1.4084665775299072 0.0003752591728698
2452165.4421972535 0.5424107909202576 0.00029825104866175
2452165.5158072244 0.8686520159244537 0.0003488124639261
2452165.5942782257 1.0659083127975464 0.0003766394220292
2452165.6727492223 0.6776746213436127 0.00031761960417495
2452165.7512202132 0.8021415472030639 0.0003412997175473
2452165.829691199 1.0285661816596985 0.00037690173485310004
2452165.9081621803 0.658883810043335 0.0003261056262999
2452165.986633156 0.6671178340911865 0.00032791907142375003
2452166.0644096937 1.017512857913971 0.0003768575552385
2452166.142880659 0.7618087530136108 0.0003407557669561
2452166.222046053 0.6494050621986389 0.0003192535077687
2452166.299822576 1.010450839996338 0.0003768038877751
2452166.3782935264 0.840468406677246 0.00034806143958115
2452166.456764472 0.5713517069816588 0.0003015116380993
2452166.5352354134 1.030752956867218 0.00037544712540690003
2452166.613706349 0.9185885787010192 0.0003570908738765
2452166.69217728 0.617781013250351 0.00030557365971615
2452166.7706482057 1.0170912742614746 0.0003705226990859
2452166.849119127 0.9730499982833862 0.00036387878935780003
2452166.92689561 0.6107072532176971 0.00030077419069125
2452167.0053665214 1.0195112228393557 0.0003643549862317
2452167.0838374277 1.0738279223442078 0.00036976684350520004
2452167.1623083293 0.6780842542648315 0.0003055163833778
2452167.2407792257 1.026898443698883 0.00035742153704625
2452167.3192501175 1.1451411247253416 0.0003753467753995
2452167.3977210047 0.6855412721633911 0.00030082657758605
2452167.4761918867 1.0030080080032349 0.0003488893562462
2452167.554662764 1.2402631640434265 0.00037680134118995
2452167.6324392045 0.8629432916641235 0.0003185568930348
2452167.710910072 0.9595927000045776 0.0003406359173823
2452167.7893809355 1.243499517440796 0.0003769680042751
2452167.8678517938 0.9149970412254332 0.0003270433808211
2452167.9463226474 0.8843306601047516 0.0003272354952059
2452168.0247934964 1.2420905828475952 0.000376557582058
2452168.10326434 1.0083308219909668 0.0003405524330446
2452168.18173518 0.90532648563385 0.0003182354557793
2452168.260206015 1.298532247543335 0.0003770111361518
2452168.3386768447 1.0849380493164062 0.0003479756996966
2452168.417147671 0.7845159471035004 0.00030164021882224997
2452168.494924059 1.2408817410469055 0.00037507407250805
2452168.5733948755 1.2208881378173828 0.0003570217231754
2452168.651865687 0.8817767202854156 0.00030556734418489995
2452168.7303364947 1.262700080871582 0.0003700194356497
2452168.808807297 1.2955548763275146 0.00036443721910465
2452168.8872780954 0.9216035604476928 0.0003009831707458
2452168.965748889 1.321390151977539 0.000364434250514
2452169.0442196783 1.3562215566635132 0.0003697820939123
2452169.122690463 1.0155037641525269 0.00030541537853420004
2452169.2004668117 1.373769164085388 0.00035692528763314995
2452169.2789375875 1.4286694526672363 0.0003753628407139
2452169.3574083587 0.8910465836524963 0.0003017327544512
2452169.4358791267 1.204192876815796 0.0003480756713543
2452169.5143498895 1.4209375381469727 0.00037666545540554995
2452169.5928206486 1.0346019268035889 0.0003184780071023
2452169.671291403 1.1980049610137937 0.00034055043943225004
2452169.7497621537 1.4079798460006712 0.0003768946044147
2452169.8282329002 1.1598735451698303 0.0003269273001933
2452169.906703643 1.0917271375656128 0.0003271194291301
