2451325.3374716765 1.000377535820007 0.0016424604691565
2451325.4110830133 1.0011672973632812 0.0016531499568372
2451325.48469433 1.0006790161132812 0.0016606895951554
2451325.5583056295 1.0006648302078247 0.0016725978348404
2451325.6319169146 0.9890325069427488 0.0016747328918427
2451325.705528186 0.9905098080635072 0.0016777475830167
2451325.7791394466 1.0003710985183716 0.0016922606155276
2451325.852750697 1.0009419918060305 0.0017003036336973
2451325.9263619385 1.0002626180648804 0.0016999305225908
2451326.0006676177 0.9994332790374757 0.00170361698837945
2451326.0735843983 0.9990315437316896 0.0017104856669902
2451326.147195617 0.9993777275085448 0.0017158342525362
2451326.2208068306 0.9993557929992676 0.0017183049349114
2451326.2944180374 0.9995205402374268 0.0017197342822328
2451326.368723684 0.9994606673717499 0.00172367878258225
2451326.4416404353 0.9995357394218444 0.0017296016449108
2451326.5152516263 0.9997192025184632 0.001734287245199
2451326.588862812 0.9993240833282472 0.0017400530632585
2451326.661085103 0.9997922778129577 0.001741778338328
2451326.7353907246 0.9993940591812132 0.00173751596594225
2451326.8083074517 0.9996687173843384 0.0017359437188133
2451326.8819186194 0.999931275844574 0.00173398735933
2451326.955529782 0.9992138743400572 0.0017217977438122
2451327.0291409404 0.9994474053382872 0.0017151953652501
2451327.1013632044 0.9998844861984254 0.00171625521034
2451327.178446578 0.999544084072113 0.00171610468532885
2451327.249974388 0.9999197721481324 0.0017105432925745
2451327.323585528 0.999574899673462 0.0017028934089466
2451327.3971966635 0.9995540380477904 0.0017013277392834
2451327.470807795 0.9997814297676086 0.0017043281113728
2451327.544418921 0.9998908042907716 0.0017095779767259
2451327.6180300433 0.9995912313461304 0.0017133170040324
2451327.6916411603 1.000053644180298 0.0017115274677053
2451327.7645578287 0.9998769760131836 0.0017100385157391
2451327.8340022704 1.0002345442771912 0.00170781119959425
2451327.912474484 1.0000040531158447 0.0017028079601004
2451327.985391138 0.9999119341373444 0.0016953638405539
2451328.058307788 1.0002765655517578 0.0016930883284658
2451328.1319188764 1.0000568628311155 0.001693767728284
2451328.205529961 1.000680446624756 0.0016922862268984
2451328.27914104 1.000250458717346 0.0016890085535123
2451328.352752114 1.0003955364227295 0.0016861539334058
2451328.4263631837 1.000813126564026 0.0016860356554389
2451328.500668692 1.0001167058944702 0.00168756686616685
2451328.573585307 1.000860571861267 0.0016925911186262
2451328.647196362 1.0002130270004272 0.001693760161288
2451328.7208074112 1.0002435445785522 0.0016931922873482
2451328.794418455 0.9999236464500425 0.0016935077728703
2451328.8680294943 1.000483512878418 0.0016918826149776
2451328.9416405284 0.9999445676803588 0.0016881021438166
2451329.0152515573 1.00032377243042 0.0016849165549501
2451329.0888625807 1.0002940893173216 0.0016853533452376
2451329.1624735994 1.0001285076141355 0.0016862510237842
2451329.2360846126 1.0002682209014893 0.0016862315824255
2451329.3090011766 1.000053107738495 0.0016837628791107999
2451329.381223293 1.000687599182129 0.0016811976674943499
2451329.45483429 1.0007180571556091 0.0016815646085887501
2451329.5291397255 1.0006743669509888 0.0016829933738335
2451329.6027507125 0.9999767541885376 0.0016865113284438
2451329.6763616935 1.000144600868225 0.0016866425285115
2451329.750667113 1.0006213784217834 0.0016860683099366
2451329.82358364 1.0001057386398315 0.0016854965360835
2451329.8965001623 0.9998654425144196 0.00168315070914095
2451329.9680277933 1.0004870891571045 0.0016797702992334
2451330.0471942914 0.9996454119682312 0.0016775021795183
2451330.118721911 1.0001181364059448 0.00167770980624475
2451330.1916384115 1.0005542039871216 0.0016783865867182
2451330.2652493496 1.0003021955490112 0.0016766202170401
2451330.3339991826 0.9984949827194214 0.0016725247842259
2451330.4124712087 0.9977893829345704 0.0016703563742339
2451330.4860821296 1.000789761543274 0.0016719287959858
2451330.5596930454 1.00075101852417 0.0016742438310757
2451330.632609513 1.0003081560134885 0.0016761670703999
2451330.705525975 1.0001473426818848 0.0016762259183451
2451330.7791368742 1.0004169940948486 0.0016753460513427
2451330.852747768 1.0005555152893066 0.0016743255546316
2451330.926358656 1.0002024173736572 0.0016722735017538
2451330.9999695383 1.000455379486084 0.0016703963046893
2451331.073580415 1.0006202459335327 0.0016696073580533
2451331.147191286 1.0004208087921145 0.0016701131826266
2451331.2214965937 1.0007094740867615 0.00167018501088015
2451331.2944130115 1.0007256269454956 0.0016680918633937
2451331.368023866 1.0004210472106931 0.0016654693754389
2451331.4416347137 1.0008090734481812 0.0016639140667393
2451331.515245557 1.0004713535308836 0.0016643601702526
2451331.589550836 0.9999742805957794 0.0016657091910019
2451331.662467226 0.9999563694000244 0.0016674575163051
2451331.736078052 1.0000998973846436 0.0016672668280079
2451331.8103833143 0.9998950660228729 0.0016667135641910001
2451331.8832996874 1.0004950761795044 0.0016659419052302
2451331.956216055 1.0004715323448181 0.0016649561584926999
2451332.029132417 1.0002890825271606 0.0016635747160762
2451332.1020487733 1.0006626844406128 0.0016631041653454
2451332.1763540073 0.9999318122863768 0.0016629507299512
2451332.251353677 0.9998960494995116 0.0016623855335637
2451332.3228811338 1.0006763935089111 0.0016608959413133
2451332.3971863505 1.0004174709320068 0.0016586511628702
2451332.4707971206 0.999937355518341 0.0016569476574659
2451332.5451023257 1.0006703734397888 0.0016586128040216499
2451332.618018643 1.000022292137146 0.0016602657269686
2451332.6923238374 0.9999433159828185 0.0016606689896434
2451332.7652401435 1.0000630617141724 0.0016597101930528
2451332.8353786804 1.0001658201217651 0.00165880931308485
2451332.9124616217 1.0001519918441772 0.0016581815434619
2451332.9860723526 0.9998219013214112 0.001656811335124
2451333.0596830775 1.0002973079681396 0.0016561569646
2451333.1332937973 1.0000183582305908 0.0016567970160394
2451333.206904511 0.9995396137237548 0.0016569501021876
2451333.2805152196 0.9993669986724852 0.0016563253011554
2451333.353431482 0.9995282292366028 0.0016540761571377
2451333.4270421797 0.9998199939727783 0.00165168847888705
2451333.499958431 0.9999195933341982 0.001651452621445
2451333.5735691176 0.9995610117912292 0.0016525832470506
2451333.6471797987 1.0002676248550415 0.0016537470510229
2451333.720790474 0.999883472919464 0.0016533883754163
2451333.7944011446 0.9999579787254332 0.0016532238805666
2451333.8680118094 1.000018835067749 0.0016523856902495
2451333.9416224686 1.000040888786316 0.0016512783477082
2451334.0152331227 0.9996372461318968 0.0016505300300195
2451334.0888437713 1.000453233718872 0.0016504874220117
2451334.1624544146 0.9999450445175172 0.0016506487736478
2451334.236065053 0.9998461604118348 0.0016506763640791
2451334.3096756856 0.999140977859497 0.0016492910217493
2451334.3832863127 0.999664306640625 0.0016477910103276
2451334.456896935 0.9832722544670106 0.0016379437875002
2451334.530507552 0.9975460171699524 0.0016454684082418
2451334.6041181637 1.000038743019104 0.0016462885541841
2451334.676339891 1.0004886388778689 0.0016460962360724
2451334.7499504923 0.9994487166404724 0.0016452844720333
2451334.8235610886 1.0001673698425293 0.0016442143823951
2451334.89647724 1.0001893639564514 0.0016430469695478001
2451334.967310068 1.0003122687339783 0.0016418378218076499
2451335.046476165 1.0004479885101318 0.0016409593517891499
2451335.118003423 0.999801516532898 0.0016406597569584
2451335.1916139936 0.9995524287223818 0.0016399323940277
2451335.2645301204 1.0006790161132812 0.0016387482755817
2451335.333974046 0.9993820488452911 0.00163724808953695
2451335.411751238 1.0003880262374878 0.001636661007069
2451335.4860562286 1.0002179145812988 0.0016357998829334
2451335.559666775 1.0008271932601929 0.0016354357358068
2451335.6325828778 1.0001988410949707 0.0016344799660146
2451335.706887854 1.0006351470947263 0.0016342870658263
2451335.780498386 1.0005861520767212 0.0016337427077814
2451335.8541089133 1.000732421875 0.0016336339758709
2451335.927719436 1.0010607242584229 0.0016334598185494
2451336.0006355154 1.0006226301193237 0.00163336709374555
2451336.0735515906 1.0007119178771973 0.0016332530649378
2451336.1471620994 1.0005005598068235 0.0016329655190929
2451336.220772604 1.000771164894104 0.0016330264043062
2451336.294383104 1.000702142715454 0.0016330617945641
2451336.3679935997 1.0005967617034912 0.0016328713390976
2451336.441604091 1.0009130239486694 0.0016329899663105
2451336.515214578 1.0006589889526367 0.0016329102218151
2451336.58882506 1.0006109476089475 0.0016327509656548
2451336.6617410993 1.0002904534339905 0.00163252186030145
2451336.737434888 1.0005558729171753 0.0016326934564858
2451336.8096564803 1.0008327960968015 0.0016325589967891
2451336.883266945 1.0009162425994873 0.0016328159254044
2451336.9568774053 1.0011459589004517 0.0016324896132573
2451337.0304878615 1.000410079956055 0.0016324932221323
2451337.1040983126 1.0000656843185425 0.0016320985741913
2451337.17770876 1.0005850791931152 0.0016319187125191
2451337.251319202 1.0003303289413452 0.0016319659771397
2451337.3228463256 1.0001121163368225 0.0016318951384164
2451337.397151197 1.0005856752395628 0.001631875289604
2451337.471456063 1.0003359913825989 0.0016315911198034
2451337.5443720478 1.0002598762512207 0.0016317317495122
2451337.618676903 0.9994088411331177 0.00163179170340295
2451337.6915928773 1.0003069043159485 0.0016320671420544
2451337.7645088453 1.0001077055931091 0.0016312767984345
2451337.8339526188 1.0012847781181333 0.00163165462436145
2451337.912424075 1.0004428625106812 0.0016318350099027
2451337.98603446 0.999918222427368 0.0016315896064043
2451338.0596448365 1.0001366138458252 0.0016316556138917
2451338.1332552037 0.9998013973236084 0.0016314514214172
2451338.2068655603 0.9999934434890748 0.0016316951951012
2451338.2804759047 1.0002130270004272 0.0016313208034262
2451338.354086236 1.0000369548797607 0.0016316231340169
2451338.4276965526 1.0003762245178225 0.0016314095119014
2451338.495751357 1.0005738735198977 0.0016312634106725
2451339.6874002875 1.0002354383468628 0.0016294522210955
2451339.7512879455 1.0001196861267088 0.0016294731758534
2451339.824897614 1.0007977485656738 0.0016303554875776
2451339.898507259 1.0001559257507324 0.0016321275616064
2451339.9721168834 1.000194072723389 0.0016372493701055
2451340.04503206 1.0003442764282227 0.0016428413218818
2451340.117947221 1.0006099939346311 0.0016483674990013
2451340.1915567974 0.9997929930686952 0.0016542132943868
2451340.2651663623 1.0004777908325195 0.0016607380239292
2451340.338775915 1.0005915164947508 0.0016662058187648
2451340.4123854577 1.000241994857788 0.0016701405402272
2451340.485994991 1.000338435173035 0.0016758602578192
2451340.5596045153 1.0010393857955933 0.0016820497112348
2451340.633908462 0.9999328255653381 0.0016834420966915001
2451340.7068235427 0.9999204874038696 0.0016838120063766
2451340.7804330457 0.999698519706726 0.0016884405631572
2451340.854042542 1.0002630949020384 0.0016923742368817
2451340.926263174 1.0000417232513428 0.0016907571116462
2451341.003344804 1.000051200389862 0.00168873660732055
2451341.0748709957 1.0001996755599976 0.0016918488545343
2451341.1484804694 1.0005080699920654 0.0016927048563957
2451341.222089938 0.999888837337494 0.0016898977337405
2451341.295699401 0.9993094205856324 0.0016880262410268
2451341.369308859 0.9996119141578672 0.0016872896812856
2451341.4422238832 0.99959596991539 0.0016905631055124
2451341.5151389027 0.9997983574867249 0.0016952567966654
2451341.588748346 0.999927580356598 0.0016997655620798
2451341.6595800705 0.9996235370635984 0.0017018866492435
2451341.738744933 0.9996087551116944 0.0016975933685898
2451341.809576648 0.9996283650398254 0.0016972289886325
2451341.883186072 1.00026273727417 0.0016945921233855001
2451341.9567954917 1.0000215768814087 0.0016892931889742
2451342.031099335 1.0001824498176575 0.0016870922991074
2451342.1060976014 1.000246524810791 0.00169326184550295
2451342.1727627236 1.0002743601799011 0.0017055364442057001
2451342.251233123 0.9982445240020752 0.001770841772668
2451342.3248425187 1.0054093599319458 0.0017814006423577
2451342.3984519094 1.0016459226608276 0.001785606262274
2451342.4720612955 0.9921355843544006 0.0017771765124052
2451342.545670677 0.9933117628097534 0.0017804105300456
2451342.619280054 1.0028581619262695 0.0017969765467569
2451342.692889426 1.003502368927002 0.0017926080618053
2451342.765804365 1.0017309188842773 0.0017840633518062
2451342.838719299 0.9971015453338624 0.0017771372804418
2451342.9123286563 1.0007303953170776 0.0017792332218959
2451342.9859380084 1.0001332759857176 0.0017771297134459
2451343.059547356 0.9979521036148072 0.001777347875759
2451343.1331566987 0.998605251312256 0.0017909749876707
2451343.206766036 0.9997039437294006 0.0017732034903019
2451343.2803753684 0.98643559217453 0.0016840765019878
2451343.353984696 1.0009225606918335 0.0016745789907872
2451343.4268995905 1.0009170174598694 0.0016705425223335
2451343.500508908 1.0022846460342407 0.0016688295290805
2451343.574812648 1.0033037662506104 0.0016706302994862
2451343.6484219558 1.0024681091308592 0.0016722009750083
2451343.7227256848 1.0003758668899536 0.0016704960144124001
2451343.7956405547 1.0016998052597044 0.0016699829138815
2451343.869249847 1.0002994537353516 0.0016690641641616
2451343.9428591332 0.999843418598175 0.001666996628046
2451344.017162842 1.001480221748352 0.0016637084190733
2451344.0900776912 1.0004127025604248 0.0016634392086416
2451344.162992536 0.9998170435428619 0.0016645367140881002
2451344.234518521 0.999178946018219 0.0016632007900625
2451344.311599917 0.9992821514606474 0.0016594447079114
2451344.381737038 0.9999107718467712 0.0016574267065152
2451344.456735142 1.0003488063812256 0.0016594564076513
2451344.52756668 0.9999903440475466 0.0016627797158434
2451344.6046480546 0.9993970096111298 0.0016653659404254999
2451344.6733963024 1.0001004934310913 0.0016653761267662
2451344.7511720923 1.0009922981262207 0.0016651045298203
2451344.8247813163 1.0006773471832275 0.0016648900927975
2451344.8983905353 1.0002574920654297 0.0016641523689031
2451344.971999749 1.000391125679016 0.0016617248766124
2451345.0456089573 1.0002996921539309 0.0016603986732661
2451345.119218161 1.0000309944152832 0.0016613377956673
2451345.192827359 1.0000114440917969 0.0016627111472189
2451345.266436551 0.9996914863586424 0.0016607507131993
2451345.340045738 0.9998399019241332 0.0016581343952566
2451345.41365492 1.0000053644180296 0.001657250104472
2451345.4865696705 1.0006663799285889 0.00165895005920895
2451345.559484416 1.0006079673767088 0.0016615614295005
2451345.633093582 1.0000447034835815 0.0016637743683531
2451345.7067027427 1.0004069805145264 0.0016629484016448
2451345.780311898 1.000067949295044 0.0016623795963823
2451345.853921048 1.0001435279846191 0.0016622142866253
2451345.9275301923 0.9998466968536378 0.0016605436103418
2451346.001139332 0.9998393058776855 0.001658909372054
2451346.0747484663 1.000263810157776 0.0016590639716014
2451346.148357595 1.000638127326965 0.0016606036806479
2451346.2219667183 1.0000993013381958 0.0016603756230324
2451346.2955758367 0.9999740719795228 0.0016579602379351
2451346.3691849494 0.9998719096183776 0.0016556018963456
2451346.4414052055 1.000043869018555 0.0016551866428926
2451346.5164031596 0.9993643164634703 0.0016564234392717
2451346.590012256 0.9997395277023317 0.0016585660632699
2451346.6629269226 0.9995780885219572 0.0016590093728154499
2451346.7379248594 1.0003578066825867 0.00165798061061645
2451346.81014509 0.9997062683105469 0.0016577647184021
2451346.883754166 1.0001788139343262 0.0016575740883126
2451346.9573632367 0.9998937547206878 0.0016562321106903
2451347.028889027 0.9990426898002625 0.0016548229614272
2451347.1052757874 0.9992256760597228 0.0016545456601306
2451347.172635017 0.9994884133338928 0.00165531341917805
2451347.2511050417 1.0000240802764893 0.0016551818698644
2451347.3254085113 0.999648928642273 0.00165220448980105
2451347.4059617994 0.9994421005249023 0.00164974527433505
2451347.462210213 0.9998055696487426 0.0016489062691107
2451347.54276349 1.0002980232238767 0.0016511651920154
2451347.6219279123 1.0003426074981687 0.0016520854551345
2451347.6920648073 1.0000874996185303 0.0016520351055077502
2451347.7823400125 1.0004664659500122 0.00165075814584265
2451347.8455326506 1.0003193616867063 0.0016514277085661
2451347.911502984 0.9997003972530365 0.0016513050068169498
2451347.9802510114 0.9949843287467957 0.0016482016071677
2451348.0941366223 1.00014528632164 0.0016506642568856
2451348.135802087 0.9998574256896972 0.0016492982394993
2451348.2024668264 0.9998419880867004 0.0016483194194734
2451348.273992532 0.9991514086723328 0.0016458741156384
2451348.3566290215 0.9992167055606842 0.0016437487793154498
2451348.4107941124 1.0003902912139893 0.0016437661834061
2451348.5100967716 1.0003615617752075 0.00164334534201765
2451348.5719005195 0.9990882277488708 0.0016448645619675
2451348.625371175 0.9994056224822996 0.00164579978445535
2451348.7378678713 1.0005989074707031 0.0016454489086754
2451348.8121712385 0.9989432692527772 0.0016433753771707
2451348.8448091648 1.0004299879074097 0.0016453892458230001
2451348.9482783284 0.999931514263153 0.0016436134465038
2451349.0163318673 1.0017597079277039 0.00164269545348355
2451349.09132964 1.0000089406967163 0.0016409915988332999
2451349.1413281527 0.9998754262924192 0.0016417973674833
2451349.2225757306 1.0008591413497925 0.0016396206337958
2451349.3309058268 1.0012730956077576 0.0016388632939196499
2451349.3843764476 1.0001658201217651 0.0016383363399654
2451349.4545132318 1.0003188252449036 0.0016370709054171501
2451349.532288671 1.0004132390022278 0.0016363752074539
2451349.6058975644 1.0004171133041382 0.0016359393484890001
2451349.6732566417 1.0004515647888184 0.0016351161757484
2451349.751032067 1.0004816055297852 0.0016349267680197
2451349.8246409474 1.0006346702575684 0.001633895561099
2451349.8982498236 1.000196099281311 0.0016331542283296
2451349.971858695 1.0010352134704588 0.0016322346637025
2451350.0454675625 1.0003925561904907 0.0016313068335875
2451350.1190764257 1.0005929470062256 0.0016305223107337
2451350.1926852847 1.0002083778381348 0.0016300030983984
2451350.2662941394 1.0005630254745483 0.0016296693356707
2451350.3392085675 1.000472605228424 0.0016293505323119
2451350.4135118374 1.0004732608795166 0.0016290930798277
2451350.48712068 1.0008597373962402 0.0016290991334244
2451350.5607295185 1.0003644227981567 0.0016290070489048
2451350.6343383538 1.0002373456954956 0.0016287892358377
2451350.707947185 1.0002723932266235 0.0016285170568153
2451350.7815560116 1.0002206563949585 0.0016284366138279
2451350.8551648357 1.0003920793533323 0.0016282583819702
2451350.9280792326 1.0003089904785156 0.0016281210118903999
2451351.0023824708 1.000195026397705 0.0016281568678095
2451351.073908015 1.0005743503570557 0.0016279087867587501
2451351.148211246 1.0007401704788208 0.0016281363787129
2451351.222514474 1.0008270144462585 0.00162810116307805
2451351.2947344296 1.0005469918251038 0.0016280648997053
2451351.3690376496 1.00091814994812 0.0016283517470583
2451351.4426464434 1.001053810119629 0.0016286186873912
2451351.5162552334 1.0007332563400269 0.0016286427853628
2451351.589169597 1.0008295774459839 0.0016287103644571999
2451351.664167224 1.0000357925891876 0.0016288573388009999
2451351.736387158 1.0003310441970825 0.0016290112398564
2451351.812079199 1.0013505220413208 0.0016294880770146
2451351.884299124 1.0012497901916504 0.0016295406967401
2451351.9579078895 1.0008556842803955 0.0016299752751365
2451352.0329054943 0.988596260547638 0.001624088268727
2451352.105125405 0.9920583367347716 0.0016257993411272
2451352.1745676226 1.0013145208358765 0.0016317891422659
2451352.252342899 1.0012797117233276 0.0016328138299286
2451352.325951636 1.0015097856521606 0.0016332624945789
2451352.3988659433 1.0016725063323975 0.001634610525798
2451352.4717802424 1.001660704612732 0.0016354660037904
2451352.545388954 1.00156033039093 0.0016365372575819
2451352.6189976544 1.001331090927124 0.0016384837217628
2451352.6919119214 1.0014384388923645 0.0016403020708820998
2451352.766215016 1.0019772052764893 0.0016424632631242
2451352.8398236725 1.0016493797302246 0.0016454689903184
2451352.8773224144 0.99853378534317 0.001645817537792
2452036.2957414356 0.9991134405136108 0.00164318748284125
2452036.3436597185 1.000360369682312 0.0016429895767942
2452036.417273302 1.00065016746521 0.0016426604706794
2452036.4908868745 1.0004878044128416 0.0016417475417256
2452036.5645004367 1.0001137256622314 0.0016410964308306
2452036.6381139904 1.000541925430298 0.001640889677219
2452036.711727536 1.0005886554718015 0.001640512375161
2452036.7853410733 0.9999918341636655 0.001639855094254
2452036.8589546033 1.0002906322479248 0.0016398190055042
2452036.932568127 1.0001674890518188 0.001639551250264
2452037.0054871766 0.9997520446777344 0.0016393348341807
2452037.07840622 1.0002772808074951 0.0016395798884332
2452037.1520197242 1.0009061098098757 0.0016396342543885
2452037.2256332226 1.00047504901886 0.0016393084079027
2452037.299246715 1.0002297163009644 0.0016391610261052
2452037.372860201 1.0006842613220217 0.0016390794189646
2452037.447168149 0.9998888969421387 0.0016386144561693
2452037.5193926906 1.0003427267074585 0.00163846521172665
2452037.5937006264 1.000012159347534 0.0016386593924835
2452037.6673140903 1.0006642341613767 0.0016386414645239
2452037.7409275486 1.0000901222229004 0.0016386818606406
2452037.8145410013 1.000117540359497 0.0016388099174946
2452037.8881544485 1.0002689361572263 0.0016394825652241
2452037.96176789 1.0000544786453247 0.001639571855776
2452038.0353813265 1.0003268718719482 0.0016405325150117
2452038.108994757 1.0001848936080933 0.0016410974785685
2452038.182608182 1.0004498958587646 0.0016424334608018
2452038.2562216017 1.0000262260437012 0.0016426870133727
2452038.3291405495 0.9997553229331969 0.0016423377091995999
2452038.402059492 0.9841127395629882 0.0016351375961676
2452038.475672895 0.9971488118171692 0.0016422963235527
2452038.549286293 1.0002505779266355 0.0016454738797619
2452038.622899685 1.000170350074768 0.0016471168491989
2452038.6965130717 0.999994218349457 0.0016476849559694
2452038.7701264527 0.9999681115150452 0.0016480613267049
2452038.843739828 0.9995535016059875 0.0016485629603266
2452038.917353198 0.9998801946640016 0.0016486006788909
2452038.9909665626 0.9995840191841124 0.0016481269849464
2452039.0645799213 0.9996715784072878 0.0016478253528475
2452039.1381932744 0.999945878982544 0.0016491248970851
2452039.211806622 0.999797523021698 0.0016497048782184
2452039.285419964 1.0004431009292605 0.0016490370035171
2452039.3590333005 0.9996835589408872 0.001647877972573
2452039.4326466313 0.9998344779014589 0.0016471423441544
2452039.5062599564 0.9998369812965392 0.0016479502664878
2452039.579873276 0.9998738765716552 0.0016494060400873
2452039.652792125 1.00019371509552 0.00165132631082085
2452039.725710968 1.0005009174346924 0.0016521805664524
2452039.7993242703 0.999781370162964 0.0016530697466805
2452039.8729375675 0.999799847602844 0.0016537522897124
2452039.946550859 0.9994579553604126 0.0016533024609088
2452040.0201641447 0.9998292326927184 0.0016525635728612
2452040.0937774247 0.9996032118797302 0.0016522798687219
2452040.167390699 0.9993423819541932 0.0016536596231162
2452040.241003968 1.0003793239593504 0.0016544094542041
2452040.314617231 1.0006449222564695 0.0016536476323381
2452040.3882304886 0.9993931055068968 0.00165194820147
2452040.4618437397 1.0000842809677124 0.0016518044285476
2452040.5354569857 0.9999223947525024 0.0016538936179131
2452040.609070226 0.9998037219047544 0.0016564638353884
2452040.682683461 0.9999816417694092 0.0016589128645136
2452040.7562966896 1.000178813934326 0.0016596821369603
2452040.8299099132 1.0005407333374023 0.0016613298794254
2452040.9028286664 0.9998745024204254 0.0016617433284409002
2452040.975747414 1.000385046005249 0.0016615241765975
2452041.0493606203 1.000196933746338 0.0016606237040832
2452041.122973821 0.9997353553771972 0.0016610248712822
2452041.1965870163 1.000578999519348 0.0016620458336547
2452041.270200206 1.0004478693008425 0.0016620329115539
2452041.3438133895 1.0006016492843628 0.0016605138080194
2452041.4174265675 0.9997047781944276 0.0016582576790824
2452041.4910397404 1.000865817070007 0.0016600789967924
2452041.564652907 1.0000108480453491 0.0016638336237519
2452041.6382660684 1.0003843307495115 0.0016683557769283
2452041.711879224 1.0009964704513548 0.0016712736105546
2452041.785492374 1.0001962184906004 0.0016725989989936
2452041.8591055186 1.0000646114349363 0.0016740579158067
2452041.9327186574 1.000382900238037 0.0016740490682423
2452042.0063317907 1.0000025033950803 0.0016726907342672
2452042.0799449184 1.0001680850982666 0.0016718748956918
2452042.153558041 1.0003803968429563 0.0016725700115785
2452042.2264766945 1.000286877155304 0.00167269539088005
2452042.293839636 1.0000613927841189 0.0016713124932721
2452042.373008448 0.9994016885757446 0.0016677172388881
2452042.4466215484 1.000069499015808 0.0016674862708896
2452042.5202346435 1.0001085996627808 0.0016710449708625
2452042.593847733 1.0001026391983032 0.0016777920536696
2452042.667460817 1.0002464056015017 0.0016849861713126
2452042.7410738957 0.9997957944869996 0.0016884660581126
2452042.814686969 1.0003715753555296 0.0016906338278204
2452042.888300037 1.000261306762695 0.0016924160299822
2452042.9619130995 1.0009909868240356 0.0016916280146688
2452043.035526157 1.0002582073211668 0.0016897282330319
2452043.109139209 0.9970626831054688 0.0016869616229087
2452043.182752256 0.998541474342346 0.0016869828104972
2452043.2563652974 1.00006365776062 0.0016868672100827
2452043.3299783343 1.000035524368286 0.0016842384357005
2452043.4035913656 0.999841809272766 0.0016828078078106
2452043.4772043917 1.0007286071777344 0.0016858404269441
2452043.55012295 0.9998995363712311 0.0016923021175898499
2452043.623041504 1.0001609325408936 0.0017005505505949
2452043.6966545153 1.000420331954956 0.0017071552574634
2452043.7702675215 1.0004348754882812 0.0017118934774771
2452043.843880523 1.000365138053894 0.0017154834931716
2452043.91749352 1.0008424520492551 0.0017168802442029
2452043.9911065116 1.001009821891785 0.0017131972126662
2452044.0647194986 1.0003098249435425 0.0017083788989111
2452044.1383324806 1.0002980232238767 0.0017038634978234
2452044.2119454583 1.0001680850982666 0.0017021027160808
2452044.2855584314 1.0004540681838987 0.0017024376429617
2452044.3591714 1.000019669532776 0.0017011448508128
2452044.432784364 0.9998495578765868 0.0017010725568979
2452044.506397323 1.0000008344650269 0.0017043882980942
2452044.5800102786 1.0002039670944212 0.0017110912594944
2452044.65362323 1.000635266304016 0.0017203232273459
2452044.7272361764 1.0000855922698977 0.0017258484149351
2452044.800154658 1.0005748271942139 0.0017308046226389
2452044.873073135 1.0002459287643433 0.0017360125202685
2452044.94668607 1.00045907497406 0.0017392177833244
2452045.0202990007 1.0006345510482788 0.0017353409202769
2452045.093911928 1.000308871269226 0.0017308463575318
2452045.167524852 1.000027418136597 0.0017276825383305
2452045.2411377723 1.0006318092346191 0.0017257677391171
2452045.314750689 1.0004843473434448 0.0017249601660296
2452045.388363603 1.0009324550628662 0.0017230783123522
2452045.4619765133 1.0004650354385376 0.0017234585247933
2452045.5355894207 1.0000326633453367 0.0017279338790103
2452045.6092023253 1.0006382465362549 0.0017365852836519
2452045.6828152277 1.0000702142715454 0.0017484008567407
2452045.7564281267 1.0004030466079712 0.0017579352715983
2452045.830041024 1.000411868095398 0.0017677262658253
2452045.9036539188 1.0000460147857666 0.0017763449577614
2452045.9772668118 1.0002557039260864 0.0017767820972949
2452046.0508797034 1.0005981922149658 0.0017685190541669
2452046.123798132 1.0006576180458069 0.00176166248274965
2452046.196716559 1.0004705190658567 0.001761600957252
2452046.2703294465 1.000491976737976 0.001762470928952
2452046.3439423335 1.0002424716949463 0.001759392209351
2452046.41755522 1.000628352165222 0.001754910685122
2452046.491168106 1.000260591506958 0.0017535634106025
2452046.564780993 1.0003620386123655 0.0017575335223227
2452046.6383938803 0.999889075756073 0.0017719032475724
2452046.7120067687 0.9999796748161316 0.0017905777785927
2452046.7856196584 1.0002570152282717 0.0018059477442875
2452046.8592325505 1.0006494522094729 0.0018180573824793
2452046.9328454453 1.0007683038711548 0.0018220925703644
2452047.006458343 1.000662326812744 0.0018143800552934
2452047.080071245 1.0006510019302368 0.0017954513896256
2452047.1536841514 0.9992549419403076 0.0017801069188863
2452047.2272970625 0.9846547842025756 0.0017707463121041
2452047.3009099807 1.0000418424606323 0.0017806047108024
2452047.3745229053 1.000505447387695 0.0017788542900234
2452047.4474413767 1.0009203553199768 0.0017725601792334999
2452047.5203598565 1.0007787942886353 0.0017650331137701
2452047.5939728087 1.0009257793426511 0.0017642095917835
2452047.667585772 1.0016112327575684 0.001774918870069
2452047.741198748 1.0008513927459717 0.0017943347338587
2452047.814811737 1.0014072656631468 0.0018096202984452
2452047.8884247392 1.0006583929061887 0.0018104513874277
2452047.9620377542 1.0016195774078367 0.0017865363042801
2452048.0356507804 1.0010030269622805 0.0017376695759594
2452048.1030136487 1.0005070567131042 0.0016768867499194502
2452049.1669234885 1.0003308057785034 0.0016391476965509
2452049.2120630243 0.9991223812103271 0.0016385860508307
2452049.285675175 0.9990767240524292 0.0016385570634156
2452049.3592873104 0.999686062335968 0.0016389284282922
2452049.4328994323 0.9995458722114564 0.0016388243529945
2452049.5065115415 0.9993160963058472 0.0016386603238061
2452049.58012364 0.999996781349182 0.0016396353021264
2452049.6537357285 0.999742090702057 0.0016395761631429
2452049.7273478075 0.9994354844093322 0.0016394178383052
2452049.8009598777 0.9996943473815918 0.0016393739497289
2452049.8745719395 0.9997750520706176 0.0016394830308854
2452049.9481839933 0.9996025562286378 0.0016397738363593
2452050.021101586 0.9999561309814452 0.0016398121370001999
2452050.0940191722 0.9999895095825196 0.0016396848950535
2452050.1676312042 1.00013530254364 0.0016398139996454
2452050.241243229 1.0003671646118164 0.0016398668522015
2452050.3148552473 0.9999934434890748 0.0016402343753725
2452050.388467259 1.0002505779266355 0.0016401298344135
2452050.4620792633 1.000404953956604 0.0016402166802436
2452050.5356912618 1.0004262924194336 0.0016404752386733
2452050.6093032537 1.0001808404922483 0.0016406300710514
2452050.682915239 1.000062108039856 0.0016404166817665
2452050.7565272185 1.000033974647522 0.001640593400225
2452050.8301391914 1.0001189708709717 0.0016404661582782
2452050.9037511577 1.0001736879348757 0.0016407867660745
2452050.9773631184 1.0000070333480835 0.0016410673270002
2452051.050975072 1.00041401386261 0.0016414539422839
2452051.1245870204 1.0001496076583862 0.001642073621042
2452051.198198962 0.9999939799308778 0.0016422214685007
2452051.2718108976 0.9999170303344728 0.0016428205417469
2452051.344728375 1.0003951787948608 0.00164346717065195
2452051.417645846 1.0001877546310425 0.0016442179912701
2452051.4912577635 1.000136375427246 0.001644980860874
2452051.5648696744 1.0000172853469849 0.0016463696956634
2452051.6384815793 1.0006895065307615 0.0016478653997182
2452051.712093478 1.000508427619934 0.0016487907851114
2452051.7857053704 1.0002830028533936 0.0016496481839567
2452051.859317257 0.9996970295906068 0.0016497045289725
2452051.932929137 0.9962589740753172 0.0016476593445986
2452052.006541011 0.9994500279426576 0.0016493191942572
2452052.080152879 1.0000827312469482 0.0016499370103701
2452052.153764741 1.0002970695495603 0.0016510462155565
2452052.227376597 1.0003430843353271 0.0016511838184669
2452052.3009884465 1.0004084110260008 0.0016510146670043
2452052.37460029 0.999834418296814 0.0016504788072779
2452052.448212127 0.9998632669448853 0.0016505935927852
2452052.5218239585 1.0002304315567017 0.0016521072247996
2452052.5954357837 1.0002130270004272 0.0016540226060897
2452052.6683531515 0.9999273121356964 0.00165555585408575
2452052.741270513 0.9999602437019348 0.0016563339158892
2452052.81488232 1.0003007650375366 0.0016578837530687
2452052.8884941204 1.0002371072769165 0.0016581064555794
2452052.9621059145 1.0002655982971191 0.0016570466104894
2452053.035717703 1.0002868175506592 0.0016568034188821
2452053.109329485 0.9995577931404112 0.0016574684996157
2452053.182941261 1.000291347503662 0.0016586879501119
2452053.256553031 0.9999802708625792 0.0016586848068982
2452053.3301647943 1.0003302097320557 0.001657890388742
2452053.403776552 0.999693214893341 0.0016570077277719
2452053.4773883037 1.0000001192092896 0.0016576750203967
2452053.551000049 1.0004024505615234 0.0016601623501628
2452053.624611788 1.0000382661819458 0.0016629513120278
2452053.698223521 0.9998421669006348 0.0016646006843075
2452053.771835248 0.9998891353607176 0.0016663047717884
2452053.845446969 1.000044584274292 0.0016679471591487
2452053.919058684 1.000478148460388 0.0016682927962392
2452053.9919759426 1.0000500082969663 0.0016666076262480999
2452054.064893195 1.0000491142272947 0.0016661665868014
2452054.1385048917 1.000224471092224 0.001667623524554
2452054.212116582 0.9998582005500792 0.0016683650901541
2452054.2857282665 1.0001579523086548 0.0016676635714247
2452054.359339945 1.0006365776062012 0.0016659044194966
2452054.4329516175 0.9998729825019836 0.0016651602927595
2452054.506563284 0.9995483756065368 0.0016667551826685
2452054.5801749444 0.9998965859413148 0.0016709298361092
2452054.6537865987 1.0001412630081177 0.0016755023971199
2452054.727398247 1.000043511390686 0.001678857486695
2452054.801009889 1.000285267829895 0.0016811838140711
2452054.874621526 1.0003973245620728 0.0016823175828903
2452054.943372011 0.9997844696044922 0.0016810324741527
2452055.021844781 1.0000507831573486 0.0016792219830676
2452055.096150849 0.9998128116130829 0.00168033037334675
2452055.1690680124 1.0002479553222656 0.0016820355085656
2452055.242679619 1.0008130073547363 0.0016825427301228
2452055.315596771 0.9999547600746155 0.0016790883382782
2452055.388513917 0.9999537467956544 0.0016765150940045
2452055.4621255067 1.0007517337799072 0.001677744090557
2452055.5357370903 1.000338435173035 0.0016829711385071
2452055.6093486683 1.0002262592315672 0.0016898915637284
2452055.6829602406 1.0004206895828247 0.0016956059262156
2452055.756571807 1.0001174211502075 0.0016980657819658
2452055.8301833677 1.0000320672988892 0.0017016337951645
2452055.903794923 1.0006173849105835 0.0017030936433002
2452055.9774064724 0.99155056476593 0.0016960178036242
2452056.0510180164 0.9876890778541566 0.00169248576276
2452056.124629555 1.0003747940063477 0.0017007652204483
2452056.1982410876 1.0008414983749387 0.0017030833987519
2452056.2718526144 1.000410079956055 0.001701115630567
2452056.3454641365 1.0002094507217407 0.0016956314211711
2452056.419075653 1.000227928161621 0.0016925956588238
2452056.492687164 1.00057852268219 0.0016970069846138
2452056.5662986697 1.0001704692840576 0.0017050943570211
2452056.6392157217 1.0005310773849485 0.00171397352823985
2452056.712132769 1.0005125999450684 0.0017205289332196
2452056.7857442587 1.0009964704513548 0.0017255536513403
2452056.8593557435 1.0008916854858398 0.0017288802191615
2452056.9329672237 1.0006084442138672 0.0017291656695306
2452057.0065786983 1.0007939338684082 0.0017240741290152
2452057.0801901678 1.000622510910034 0.0017212441889569
2452057.1538016326 1.0006308555603027 0.0017229054355993
2452057.2274130923 1.000715970993042 0.0017233788967132
2452057.3010245473 1.0007561445236206 0.0017197281122207
2452057.3746359977 1.0007332563400269 0.0017124322475865
2452057.4482474434 1.0005518198013303 0.0017112359637394
2452057.5218588845 1.0005929470062256 0.0017186538316309
2452057.595470321 1.000718593597412 0.001729984418489
2452057.669081753 1.0011662244796753 0.0017420938238501
2452057.7426931807 1.0004204511642456 0.0017479923553764
2452057.816304604 1.000678300857544 0.0017523153219372
2452057.8899160232 1.0005332231521606 0.0017565129091963
2452057.962832991 1.0004469156265259 0.0017554452060721
2452058.035749955 1.0008436441421509 0.001750613679178
2452058.109361362 1.0006461143493652 0.0017496539512649
2452058.182972766 1.0004926919937132 0.0017539500258862
2452058.2565841656 1.0007258653640747 0.0017558566760271
2452058.330195562 1.0008648633956907 0.0017499668756499
2452058.403806955 1.0003541707992551 0.0017447365680709
2452058.477418345 1.0008469820022583 0.001747676054947
2452058.5510297315 1.0004788637161257 0.0017595704412087
2452058.6246411153 1.0004090070724487 0.0017769337864592
2452058.6982524963 0.9999644756317138 0.0017883783439174
2452058.771863875 0.9994595646858216 0.0017938258824869
2452058.845475251 0.9996641874313352 0.0018040724098682
2452058.919086625 1.00040602684021 0.0018091603415086
2452058.993392444 1.0002869963645935 0.00180641317274415
2452059.0663093673 1.0000100135803225 0.0017980685224756
2452059.1399207357 0.9998632073402404 0.0017944526625797
2452059.213532103 0.9994929432868956 0.001799541991204
2452059.286449023 0.9995457530021666 0.0017999812844209
2452059.359365942 0.9997124075889589 0.0017925831489264
2452059.432977308 0.99987655878067 0.0017899321392178
2452059.5065886737 0.999718964099884 0.0017952560447156
2452059.58020004 1.000210523605347 0.0018078713910654
2452059.653811407 0.999995708465576 0.0018263680394738
2452059.7274227757 1.000187873840332 0.0018352927872911
2452059.801034146 1.000171422958374 0.0018426064634695
2452059.8746455186 1.0000433921813965 0.001850921078585
2452059.948256894 1.0002825260162351 0.0018548729130998
2452060.021868273 1.0002734661102295 0.0018508998909965
2452060.0954796565 1.0000219345092771 0.0018431688658893
2452060.1690910454 0.9988439083099364 0.0018418674590066
2452060.2427024394 0.9998047351837158 0.0018490460934117
2452060.316313841 1.0000706911087036 0.0018488492351025
2452060.3892308027 0.9996137917041779 0.0018370263278483499
2452060.4635366676 0.9994750618934632 0.0018266541883349
2452060.5371480947 0.9995115399360656 0.0018274235771968
2452060.610065086 0.9991869032382965 0.0018399709369987
