2451410.9389692284 0.9863211214542388 0.0006978108431212
2451411.0250842064 0.9850519597530366 0.000697165436577
2451411.099393074 0.9853766560554504 0.0006972277187742
2451411.1750908685 0.987869143486023 0.0006978460005484
2451411.2514831144 0.9917830526828765 0.0006988330278545
2451411.3271808615 0.9964773654937744 0.0007002858910709
2451411.40218411 0.9987834692001344 0.0007010260596871
2451411.478576284 1.0027682781219482 0.0007022535428404
2451411.554968434 1.0084552764892578 0.0007038016919977
2451411.6299716127 1.011942982673645 0.0007048797560855
2451411.7063637166 1.0166207551956177 0.0007060962961986
2451411.7820613245 1.0191662311553955 0.0007070309948175499
2451411.8577589104 1.0194655656814575 0.0007070911815389
2451411.934150948 1.0185699462890625 0.0007069113198667
2451412.009154019 1.017364501953125 0.0007064911769703
2451412.085546015 1.0125298500061035 0.0007052540895529
2451412.16193799 1.0057536363601685 0.0007031999994069
2451412.233468639 0.9996622502803802 0.00070155120920385
2451412.3174997675 0.993661105632782 0.0006996497395448
2451412.390419323 0.9895214140415192 0.000698578369338
2451412.463338861 0.9522693753242492 0.0006877276464365
2451412.541119682 0.9851735830307008 0.0006972960545681
2451412.6161225983 0.9835901260375975 0.000696932489518
2451412.693208911 0.9842398762702942 0.00069718415034
2451412.769600734 0.9866893589496613 0.00069786459789605
2451412.8446035977 0.9910153150558472 0.0006991423142608
2451412.920300915 0.9954231977462769 0.0007004596991464
2451412.9966926854 0.9986201524734496 0.0007013042923063
2451413.0723899687 1.0026237964630127 0.0007024818914942
2451413.1480872356 1.0079389810562132 0.0007041031494736
2451413.2244789563 1.0102765560150146 0.0007048605475574
2451413.3022596007 1.0144373178482056 0.0007052178843878
2451413.375873409 1.01711106300354 0.0007059657946228
2451413.452265081 1.0172997713088987 0.0007061365176923
2451413.527962268 1.0166707634925842 0.0007058909395709001
2451413.6036594384 1.0152933597564695 0.000705441692844
2451413.6800510637 1.0115889310836792 0.000704436621163
2451413.7557482044 1.0055157542228699 0.0007026728417258499
2451413.8314453303 1.0000172853469849 0.0007012409623712
2451413.9050590345 0.9961158037185668 0.0007000368204899
2451413.984228474 0.9910084009170532 0.0006984595092944
2451414.0592310866 0.9499679207801818 0.0006865274044685
2451414.134233685 0.9831408262252808 0.00069625957985405
2451414.211319674 0.9812959730625153 0.00069577206159005
2451414.287016711 0.9818277955055236 0.0006959761376492
2451414.362019267 0.9845961332321168 0.0006967024528421
2451414.4377162764 0.9881326556205747 0.00069773988798255
2451414.515496676 0.9917917847633362 0.0006988775567151
2451414.5904991897 0.9955269992351531 0.00070000387495375
2451414.666196157 1.0011250972747805 0.0007015260052867
2451414.7425875785 1.0069777965545654 0.0007032717112451
2451414.818284519 1.0099319219589233 0.00070413155481215
2451414.893981445 1.0102636814117432 0.0007043711375445
2451414.9731506933 1.0136646032333374 0.0007052305154502
2451415.046069725 1.0137085318565369 0.0007051867432891501
2451415.122461078 1.0139508843421936 0.0007053769077173999
2451415.198852418 1.0134069323539734 0.0007052527507767
2451415.273160344 1.0103895664215088 0.0007042637444101
2451415.349551657 1.0066701173782349 0.000703316356521
2451415.4252484906 1.0016357898712158 0.00070196166052475
2451415.5009453106 0.997902810573578 0.0007008936954662
2451415.577336584 0.9944049715995787 0.0006997720338404
2451415.6530333785 0.9508692026138306 0.0006871455698274
2451415.7287301603 0.9850924611091612 0.0006972501287236
2451415.805121395 0.9835304021835328 0.000696757226251
2451415.880818151 0.9838995337486267 0.0006968827510718
2451415.956514894 0.9861374497413636 0.000697533308994
2451416.0329060904 0.988234281539917 0.0006981780170463
2451416.108602808 0.9921256601810454 0.0006993912975303499
2451416.1842995128 0.9957480430603028 0.0007004077779129
2451416.260690671 1.001060366630554 0.0007018875330686
2451416.336387351 1.006036400794983 0.00070336155476975
2451416.412084019 1.0086185932159424 0.0007041033823043
2451416.488475139 1.0067013502120972 0.0007035892922431
2451416.5641717818 1.0119224786758423 0.0007051386637612501
2451416.639868412 1.012463092803955 0.0007053697481751
2451416.7155650305 1.0128316283226013 0.0007054574962239
2451416.791261636 1.012300968170166 0.000705239304807
2451416.867652694 1.0083022117614746 0.0007042592624202
2451416.9384880275 1.004368782043457 0.0007030539563857
2451417.020434773 1.0014715194702148 0.000702156627085
2451417.0877977647 0.9986837804317474 0.0007013687281869001
2451417.1704389476 0.9941629767417908 0.0007001355988904
2451417.24405209 0.9572398662567138 0.0006890195654705
2451417.323915392 0.9850174486637115 0.0006976030708756
2451417.4003063645 0.9842145144939423 0.0006972885166760001
2451417.476697325 0.9850710034370422 0.0006974351999815499
2451417.5510048834 0.9867817163467408 0.0006980946636758
2451417.6267013564 0.9882920384407043 0.0006986115477047501
2451417.7017033547 0.9910459220409393 0.0006994070135988
2451417.7801776556 0.9963338971138 0.0007009047549217
2451417.8551796307 1.0018026828765867 0.0007024949882179
2451417.929487131 1.0052739381790161 0.00070359816891135
2451418.007266932 1.007854700088501 0.00070430431514975
2451418.0822688723 1.0044150948524475 0.00070339083322315
2451418.1579652634 1.0103957653045654 0.0007051317370496
2451418.2336616423 1.0116810202598572 0.00070552670513275
2451418.3100524717 1.0120935440063477 0.0007056353497318501
2451418.3857488274 1.0121053457260132 0.0007056595641188
2451418.458667325 1.0098515748977661 0.00070501785376105
2451421.225395914 1.0002945661544798 0.0007034878653939
2451421.2691467856 0.9967697858810426 0.00070239070919335
2451421.3455371903 1.0055958032608032 0.0007053828448988
2451421.421927587 1.0084513425827026 0.0007064142264425
2451421.497623518 1.0101765990257263 0.0007071603322401
2451421.5740139 1.009908080101013 0.0007073243905324001
2451421.6497098166 1.0087528228759763 0.0007069658022373
2451421.725405727 1.0084015130996704 0.00070698204217475
2451421.8011016315 1.0088413953781128 0.0007071364670991
2451421.877491988 1.0089178085327148 0.0007071764557622
2451421.953187882 1.0063381791114807 0.00070648087421425
2451422.0288837724 0.9961493015289306 0.0007034194422885
2451422.1052741166 0.9971035718917848 0.0007038220064714
2451422.180970001 0.9964397251605985 0.000703715137206
2451422.2566658836 0.995530903339386 0.0007036924944259
2451422.3330562236 0.9937834143638612 0.0007052708533592
2451422.408752106 0.9914178848266602 0.00070879200939085
2451422.4844479915 0.9925991892814636 0.0007146123680286
2451422.5601438796 0.9960404038429259 0.0007257957768160501
2451422.6059780903 0.9982007741928101 0.0007356352871283501
2451424.5657444857 1.010846495628357 0.0007061894575599501
2451424.609495514 1.0107204914093015 0.0007062206277623
2451424.685886179 1.010187745094299 0.0007059518829919
2451424.7615823597 1.008453130722046 0.0007055198075249
2451424.837278516 1.008089542388916 0.0007053937879391
2451424.909502348 1.0097854137420654 0.0007058469345793
2451424.9893652126 1.0118375420570374 0.00070650051929985
2451425.065755754 1.01167494058609 0.0007064839883241501
2451425.1414518114 1.0090421438217163 0.0007056137546896
2451425.217147844 1.0050562620162964 0.0007046062382869
2451425.292843854 0.9869804978370664 0.0006992443813942
2451425.3692342993 0.9985458254814148 0.0007027252577245
2451425.444930263 0.9946261942386626 0.0007015443698036999
2451425.520626204 0.9897826910018922 0.0007001082994975
2451425.597016582 0.9883453845977784 0.0006998446187935
2451425.672018022 0.9896574020385742 0.0007003328646533
2451425.7477138983 0.9938729703426361 0.0007014588627498499
2451425.8241042113 0.9986581206321716 0.0007027920801192
2451425.8998000473 1.001830816268921 0.0007037019822746
2451425.976190319 1.0038212537765503 0.0007043416262604
2451426.0518861143 1.0019854307174683 0.0007039428164715999
2451426.1275818907 1.0068567991256712 0.0007053179433569
2451426.2039721045 1.0072133541107176 0.0007054489105939
2451426.279667842 1.006800651550293 0.00070528974174515
2451426.355363562 1.0069673061370847 0.0007052720175124
2451426.4317537188 1.00864040851593 0.0007058343617245
2451426.5074494015 1.0118903517723083 0.0007068691484164
2451426.583145067 1.0149492025375366 0.0007079329225234
2451426.6595351705 1.0169397592544556 0.0007082520751282
2451426.7352308007 1.011610984802246 0.00070678823976775
2451426.8109264136 1.0076342821121216 0.0007055848254822
2451426.8873164654 0.9804630279541016 0.0006979733589105
2451426.963012045 0.998889684677124 0.0007031545974314
2451427.0387076074 0.9921095967292785 0.0007012370624579
2451427.114403154 0.9872222244739532 0.00069974802318025
2451427.1900986847 0.9851076602935792 0.0006992858834564
2451427.266488653 0.987163007259369 0.000699886586517
2451427.3421841515 0.9915894865989684 0.0007010743429418001
2451427.417879634 0.9953629970550536 0.0007021721685305
2451427.4942695545 0.9971006512641906 0.0007027650135569
2451427.5637149233 0.9995772838592528 0.0007034903974272
2451427.646354896 0.9979190230369567 0.0007030499109532
2451427.7220503166 1.0028959512710571 0.0007045061211101
2451427.797745722 1.003550946712494 0.000704674370354
2451427.8734411127 1.004312515258789 0.0007048780098557
2451427.949830942 1.006058692932129 0.0007052943110466
2451428.026220755 1.0096199512481687 0.000706257415004
2451428.100527196 1.0136446356773376 0.0007074509048834001
2451428.177611433 1.016825795173645 0.0007084006210789
2451428.25330675 1.0151097178459167 0.0007078764610923
2451428.3290020525 1.011443316936493 0.00070682086516165
2451428.4053917928 1.0070642232894895 0.0007056365720927
2451428.4810870667 0.9683234989643097 0.00069429777795445
2451428.556782326 0.995500147342682 0.0007023629732429
2451428.6317831203 0.9886276721954343 0.0007002869970165
2451428.707478352 0.9837227463722228 0.00069895308115515
2451428.7845624727 0.9834038019180298 0.0006988230743445
2451428.860257677 0.9846066832542419 0.0006991686241235
2451428.9359528664 0.990079700946808 0.0007006273372098
2451429.012342494 0.9946823120117188 0.0007020017364993
2451429.088037656 0.9964525997638702 0.0007026378880254001
2451429.163732805 0.9992598295211792 0.000703411293216
2451429.240122391 0.9980403780937194 0.0007030102424323
2451429.3158175126 1.0016578435897827 0.00070408004103225
2451429.3915126207 1.0039691925048828 0.000704723468516
2451429.467902166 1.003629684448242 0.000704646052327
2451429.543597247 1.0072494745254517 0.0007057106122374
2451429.6192923146 1.0113824605941772 0.0007069104467518
2451429.6956818197 1.0168949365615845 0.0007085871184244
2451429.7713768613 1.0198804140090942 0.00070929370122025
2451429.847071889 1.0188578367233276 0.0007090662838891
2451429.923461354 1.015289545059204 0.0007080958457663
2451429.999156356 1.011134922504425 0.00070681195938955
2451430.0748513443 0.9700992107391356 0.00069494638592
2451430.1505463202 0.9959297776222229 0.00070245590177355
2451430.226241283 0.9879316091537476 0.0007000091718509
2451430.3026306825 0.9818904995918274 0.0006982663762755
2451430.378325619 0.9812548458576202 0.0006980258622205999
2451430.4540205435 0.9837893843650816 0.0006987734232097
2451430.5304099033 0.9889516830444336 0.0007003376958891
2451430.610965941 0.99274605512619 0.0007015950977802
2451430.681799687 0.9959305524826048 0.0007026329403743
2451430.7581890086 0.9986213445663452 0.0007033444126136
2451430.8338838685 0.9977477788925171 0.0007030013075563499
2451430.909578716 1.0005538463592527 0.0007039145566523
2451430.985967999 1.0015313625335691 0.0007041977369226
2451431.061662821 1.0026522278785706 0.0007045612728688499
2451431.1373576303 1.0064717531204224 0.0007056371541693
2451431.2137468755 1.0120952129364011 0.0007072621956467
2451431.28944166 1.018787503242493 0.0007091164006851
2451431.3651364315 1.0209755897521973 0.0007098234491422
2451431.4415256386 1.0198808908462524 0.0007095166365616
2451431.5172203854 1.0175015330314636 0.0007088631391525
2451431.59291512 1.0137349367141724 0.0007077531190589
2451431.669304289 0.9705880880355836 0.000695563678164
2451431.744998999 0.9973663687705994 0.0007030404813121499
2451431.8206936964 0.9885127544403076 0.0007006039959378
2451431.8963883813 0.9826298058032988 0.00069878797512495
2451431.9720830545 0.980733573436737 0.0006983498460613
2451432.0484721614 0.9823228120803832 0.0006987517699599
2451432.12416681 0.986372172832489 0.0006999915349297
2451432.199861446 0.990021288394928 0.0007010789122432
2451432.276250516 0.9935590624809264 0.000702078687027
2451432.351945128 0.9965355694293976 0.0007030646083876
2451432.427639727 0.9973478913307188 0.0007031822460703
2451432.5040287604 0.9987627267837524 0.0007035242160782
2451432.579723336 0.999885618686676 0.0007038523908704001
2451432.655417899 1.0015779733657837 0.0007043291116133
2451432.731806896 1.0065337419509888 0.0007058309274725
2451432.8075014357 1.0129873752593994 0.0007076490728649999
2451432.883195963 1.0194532871246336 0.0007093588355928
2451432.9595849235 1.0228124856948853 0.0007103529642336
2451433.035279427 1.02355295419693 0.00071047525852915
2451433.110973919 1.0225138664245603 0.0007101605879142
2451433.187362843 1.0177186727523804 0.0007088902639225
2451433.263057311 0.9717669486999512 0.0006956656579859
2451433.3387517678 0.99822336435318 0.0007033953443169
2451433.414446213 0.98878875374794 0.0007005134248174001
2451433.4901406453 0.984091520309448 0.000699205440469
2451433.5616684016 0.982162058353424 0.00069858730421395
2451433.6422239207 0.9822967052459717 0.0006989377143326501
2451433.7179183187 0.985889494419098 0.0006999931065365
2451433.7943071495 0.989129602909088 0.0007008761749602
2451433.8700015247 0.9936906397342682 0.0007022269419394
2451433.945695889 0.9965859055519104 0.000703016994521
2451434.022084685 0.996880292892456 0.0007029944681562
2451434.0977790267 0.9980208277702332 0.00070342433173205
2451434.1734733568 0.9991263151168824 0.0007037637406028
2451434.249862119 1.0011639595031738 0.0007043513469398
2451434.3255564272 1.0070246458053589 0.0007060160278342
2451434.4012507247 1.0139604806900024 0.0007080021314322
2451434.4776394535 1.02048921585083 0.0007098336354829
2451434.5533337295 1.0241805911064148 0.0007109572470653
2451434.6290279943 1.0252074003219604 0.0007112507009878
2451434.705416692 1.02442467212677 0.000711053435225
2451434.781110936 1.0193684101104736 0.0007097071502357
2451434.85680517 0.972023904323578 0.0006958789890632
2451434.932499394 0.9997720420360564 0.0007040763739496
2451435.008193608 0.9908668994903564 0.0007014845614321
2451435.084582255 0.9845866560935974 0.0006996769225224
2451435.16027645 0.9825619161128998 0.0006990629772189499
2451435.2359706364 0.9843531250953672 0.0006995292496867
2451435.3123592553 0.9869045615196228 0.0007003124919719
2451435.3880534237 0.9910549521446226 0.0007015804585535
2451435.4630531417 0.9946646988391876 0.0007024309015832
2451435.5401361776 0.996924579143524 0.0007031768327578
2451435.6158303227 0.9968308508396149 0.0007031540153547499
2451435.6915244604 0.9979040026664732 0.0007033254369162
2451435.7679130333 0.9988409876823424 0.0007036072784103
2451435.8436071584 1.0019341707229614 0.00070458257687275
2451435.919301279 1.0073378086090088 0.000706081977114
2451435.9956898363 1.015068769454956 0.0007082147640176
2451436.0713839484 1.0224899649620056 0.000710312888259
2451436.147078058 1.0262485742568968 0.0007114462787285
2451436.223466608 1.026822566986084 0.0007117054192349
2451436.299160717 1.0254042148590088 0.0007125503907445499
2451436.374854827 1.019107222557068 0.0007153640035539
2451436.451243382 0.9731491804122924 0.0007103445823304
2451436.5220764107 0.9987460374832152 0.0007304168539121
2452144.5206867703 1.0122254490852356 0.0007040689524728
2452144.559577249 1.0120562314987183 0.0007039219490252
2452144.637358185 1.0101733803749084 0.0007034766022115499
2452144.7116667307 1.008129358291626 0.000702919147443
2452144.787364194 1.006686270236969 0.0007025438535492
2452144.863061632 0.967887818813324 0.0006918116123415
2452144.938759043 1.003116488456726 0.0007015349401626001
2452145.015150899 0.9999054074287415 0.00070072346716185
2452145.0908482578 0.9954282641410828 0.0006994786090217
2452145.1672400627 0.9894424080848692 0.0006977558950893
2452145.242937372 0.983800619840622 0.0006963164487387499
2452145.318634659 0.9816011190414428 0.0006957500008866
2452145.394331922 0.9810024499893188 0.0006955794524401
2452145.470029162 0.9830421805381776 0.0006962249753996
2452145.54642085 0.9873616695404052 0.0006974325515329
2452145.622118046 0.9924499690532684 0.00069875421468165
2452145.6978152217 1.0007939338684082 0.0007011280977167
2452145.7742068456 1.0088974237442017 0.0007032986031845
2452145.84990398 1.0150578022003174 0.0007051238790154
2452145.9256010945 1.0173358917236328 0.0007057281327433
2452146.0019926582 1.0177536010742188 0.0007057929178699
2452146.077689734 1.015633463859558 0.00070519675500685
2452146.1533867917 1.0135616064071655 0.0007047151448205
2452146.229778298 1.011025071144104 0.0007041012286208
2452146.305475319 1.0094605088233946 0.0007036654278635
2452146.3811723217 1.0074464082717896 0.000703172001522
2452146.4575637747 0.9682918190956116 0.0006921233725734
2452146.533260742 1.0026382207870483 0.000701848330209
2452146.6089576934 0.9999760389328004 0.000701128214132
2452146.6853490947 0.9939579367637632 0.000699529366102
2452146.761046012 0.9881420135498046 0.0006979910831432
2452146.836742913 0.9828685522079468 0.0006964524509385
2452146.9124397975 0.9797416925430298 0.0006956413271836501
2452146.9881366664 0.9797410368919371 0.0006956829456612
2452147.0645279866 0.98342889547348 0.0006965330685488
2452147.1402248237 0.988927274942398 0.00069811611319885
2452147.2159216455 0.994956135749817 0.0006998926401138
2452147.2923129178 1.0000004768371582 0.0007014367729425
2452147.368009709 1.0110742449760437 0.0007043639197945001
2452147.443706485 1.0172746181488037 0.0007060134666971
2452147.5200977125 1.0193625688552856 0.0007066519465297
2452147.595794459 1.0181514620780945 0.0007062624499667
2452147.6714911903 1.0158684253692627 0.0007057191105559
2452147.7478823727 1.0132089853286743 0.0007050389540381
2452147.82427354 1.011469483375549 0.0007045366801321
2452147.899275764 1.010138750076294 0.000704183243215
2452147.975666903 1.007829189300537 0.0007036552997305
2452148.0513635622 0.9670141637325287 0.0006923299806658001
2452148.1270602085 1.0012775659561155 0.0007017940515652
2452148.2034513047 0.9974923133850097 0.0007007617969065
2452148.278453458 0.9927285909652708 0.0006994608556851
2452148.354844527 0.985533893108368 0.0006975206779316
2452148.430541117 0.9793726801872253 0.0006958145240787
2452148.5062376936 0.9771236181259156 0.0006952086696401
2452148.582628721 0.977224051952362 0.0006953083793632
2452148.6583252707 0.9813807010650635 0.0006963573396205
2452148.7340218066 0.9865080714225768 0.0006979014142416
2452148.810412793 0.9926055669784544 0.0006995573639869
2452148.8861093028 0.9969696700572966 0.0007007595559116
2452148.9618057986 1.0089000463485716 0.0007040214259177
2452149.038196745 1.0147486925125122 0.0007057399488985
2452149.113893214 1.0168451070785522 0.0007062113436404
2452149.1895896713 1.015582799911499 0.000705964223016
2452149.2659805776 1.0140514373779297 0.0007054901798255
2452149.341677008 1.0121331810951233 0.00070497379056175
2452149.417373426 1.01167631149292 0.0007049314444884
2452149.493764293 1.011622190475464 0.0007048919796943
2452149.5694606844 1.0091999173164368 0.00070424735895355
2452149.6451570643 0.969670295715332 0.0006933666882105
2452149.72085343 1.0029533505439758 0.00070248212432485
2452149.796549784 1.0016709566116333 0.0007023680955171
2452149.872940587 0.99320787191391 0.0006999673205427
2452149.9486369146 0.9856801331043242 0.0006977386947255
2452150.02433323 0.9797834753990172 0.0006963396444916
2452150.1007239954 0.9777950048446656 0.0006957028526812
2452150.1764202854 0.9786953628063202 0.0006960324826650001
2452150.2521165633 0.9819543361663816 0.0006969923852011
2452150.3285072898 0.9872679114341738 0.000698555202689
2452150.4042035425 0.994012713432312 0.0007003007631282501
2452150.4798997836 0.9976729154586792 0.0007011574343778
2452150.5562904724 1.0103154182434082 0.0007047434337437
2452150.631986688 1.015642523765564 0.0007063073571771
2452150.7076828913 1.0176399946212769 0.0007068596896715
2452150.7840735423 1.0174918174743652 0.0007068162085488
2452150.859769721 1.0162888169288635 0.00070643267827105
2452150.941021569 1.0140690803527832 0.0007059353520162
2452151.0118565024 1.012700438499451 0.000705694546923
2452151.0875526443 1.0112602710723877 0.00070534076075995
2452151.1632487737 1.008765697479248 0.0007046152604743
2452151.2389448914 0.975163608789444 0.0006955701974219999
2452151.314640997 1.0001536607742307 0.0007023185607977
2452151.392420469 0.9957594275474548 0.0007011232664808
2452151.466727631 0.9892579615116119 0.0006994500290602
2452151.5424237 0.9819800853729248 0.0006972791161388
2452151.618814216 0.9766383767127992 0.0006959112361073
2452151.6945102606 0.9752922058105469 0.0006955161807127
2452151.7702062945 0.9765656590461732 0.000695866823662
2452151.847291233 0.9823629856109618 0.00069758924655615
2452151.922292783 0.9894023835659027 0.0006994143768678999
2452151.9979887796 0.9971094727516174 0.000701630662661
2452152.074379223 1.0013140439987185 0.0007027029059827
2452152.150075196 1.0150494575500488 0.0007065986574161
2452152.2257711575 1.0202432870864868 0.0007079243077896
2452152.3021615646 1.0213282108306885 0.0007083590026013
2452152.3778575016 1.0209038257598877 0.0007083028031047
2452152.453553427 1.0184537172317505 0.0007077240734361
2452152.5299437987 1.01589035987854 0.0007069915300235
2452152.6056397003 1.0139665007591248 0.00070643040817225
2452152.6813355903 1.0121113061904907 0.0007059783092699
2452152.757031468 1.009724497795105 0.00070530624361705
2452152.8327273345 0.9857752323150634 0.0006990376277826
2452152.9091176465 1.0007168054580688 0.0007030235719867
2452152.984813489 0.9967228770256042 0.00070185423828655
2452153.0605093203 0.9897269010543824 0.0007000265177339
2452153.136899597 0.9826987385749818 0.0006980444304645
2452153.212595404 0.9785681962966918 0.0006969609239604001
2452153.2882912 0.9791426658630372 0.0006971684633754
2452153.3646814413 0.9811192154884336 0.0006978351739235
2452153.440377214 0.9869781136512756 0.00069939781678835
2452153.516072975 0.993382394313812 0.0007012988789938
2452153.592463181 1.0018411874771118 0.0007036008173599
2452153.6681589186 1.004261076450348 0.0007044195372145001
2452153.743854645 1.016964554786682 0.000707934028469
2452153.820244816 1.0217838287353516 0.0007093081367202
2452153.8959405194 1.022588312625885 0.0007095849432516
2452153.9716362115 1.021998167037964 0.0007095154142007
2452154.0480263475 1.0200051069259644 0.0007090504514053
2452154.123722017 1.0182945132255554 0.0007086527475621
2452154.1994176744 1.0167243480682373 0.0007082449737936
2452154.275113321 1.0151028037071228 0.00070798053639005
2452154.350808956 1.0116780996322632 0.0007070757565088
2452154.4271990354 0.9957849383354188 0.0007029206026345
2452154.5028946484 0.9992896318435669 0.0007039600459393
2452154.5785902496 0.995540142059326 0.0007029859698377
2452154.6549802953 0.9895061254501344 0.0007015064475126
2452154.7306758747 0.9834387600421906 0.0007000979967415
2452154.8063714434 0.9809014201164244 0.0006996075971983
2452154.882761456 0.9823055863380432 0.0007002009660936
2452154.9584570024 0.9837270081043243 0.0007007495441939
2452155.0341525385 0.9890123605728148 0.0007024646038189
2452155.1105425186 0.9959828853607176 0.0007046765531413
2452155.1862380337 1.0034721493721008 0.0007069050625432001
2452155.261933538 1.007484793663025 0.0007081460789777
2452155.338323486 1.017861247062683 0.0007116042543202
2452155.41401897 1.0211442708969116 0.0007127632852643
2452155.4897144437 1.0220506191253662 0.0007134263869374
2452155.566104362 1.0211215019226074 0.0007137243519537
2452155.6417998155 1.0192689299583435 0.0007136664644349
2452155.7174952603 1.0181515216827393 0.0007138797082006
2452155.7931906953 1.0157683491706848 0.00071446583024225
2452155.8688861215 1.0136120319366455 0.0007256906246766
2452155.945275992 1.010056495666504 0.0007262554718181
2452156.020971401 1.00298011302948 0.00074497130117375
2452156.059860782 0.9517484605312345 0.00074681625119405
2452158.905735692 1.0136341452598572 0.0007076145848259
2452158.9814314675 1.01165509223938 0.0007070880965329
2452159.057127217 1.0094817280769348 0.0007065507525112001
2452159.132822939 1.0059355497360227 0.0007055645110085
2452159.209213091 1.0012255907058716 0.0007043327786959
2452159.2849087603 0.9759212136268616 0.00069728566450065
2452159.359909948 0.9902938604354858 0.00070126127684485
2452159.4369944753 0.9859315156936644 0.0007000375189818
2452159.5126900673 0.9831860363483428 0.0006993236893322
2452159.588385634 0.9816737174987794 0.0006988962413743
2452159.6647756305 0.9825605750083924 0.0006992333219386
2452159.7404711493 0.9866293668746948 0.0007002609490882
2452159.8168610986 0.9925165772438049 0.0007018721662461
2452159.8925565705 0.9981717467308044 0.0007035033777356
2452159.968252021 1.0045770406723022 0.0007052966393529499
2452160.0439474485 1.0070855617523191 0.0007058820337988
2452160.1203373084 1.013870358467102 0.0007077999762259
2452160.1960326945 1.0159335136413574 0.0007084064418449499
2452160.2717280593 1.016193151473999 0.000708392180968
2452160.3474234035 1.0145415663719177 0.0007080339128151
2452160.423118729 1.0138065814971924 0.0007078144117258
2452160.5002029394 1.0135256052017212 0.0007076645561028
2452160.5752037736 1.0124152302742004 0.0007073452579788499
2452160.6508990414 1.010223388671875 0.0007067220285534
2452160.727288742 1.0072321891784668 0.0007058284827508
2452160.8029839722 1.003191351890564 0.00070487757329825
2452160.8786791856 0.9646651744842528 0.0006942860200069
2452160.9550688313 0.9914690852165222 0.0007016927702352
2452161.030764009 0.987474501132965 0.00070049721398385
2452161.106459169 0.9842907786369324 0.0006997054442763
2452161.1828487627 0.9829782247543336 0.0006993408314883
2452161.258543888 0.9840918183326721 0.0006997564341872499
2452161.334238998 0.9875580668449402 0.0007006341475062
2452161.410628541 0.9931475520133972 0.0007021694327704
2452161.4863236174 0.9985722005367278 0.00070356958894985
2452161.562018677 1.0045201778411863 0.0007053264416754
2452161.638408172 1.004954814910889 0.000705360143911
2452161.7141031995 1.0115337371826172 0.00070720500661985
2452161.7897982122 1.013918161392212 0.0007078205817379
2452161.8654932096 1.0140793323516846 0.0007079024508129001
2452161.941188191 1.0134737491607666 0.0007076731417328
2452162.0175776063 1.01340913772583 0.0007077103946357
2452162.0932725575 1.0135563015937805 0.00070769654121245
2452162.1689674933 1.012956976890564 0.0007074619061313
2452162.245356863 1.0105096101760864 0.0007068758131936
2452162.321051769 1.0076671838760376 0.0007059468771331
2452162.39674666 1.0034124851226809 0.0007048121769912
2452162.473135985 0.9632137417793274 0.0006938082515262
2452162.5488308473 0.9905869364738463 0.0007012695132288501
2452162.624525694 0.9865932464599608 0.0007000936893746
2452162.700914975 0.9837858080863952 0.0006994833238422
2452162.7766097933 0.9829169511795044 0.00069919630186625
2452162.852304598 0.9847917556762696 0.0006997656892053
2452162.928693835 0.9891227483749389 0.0007008996908552
2452163.0043886118 0.9942082464694976 0.0007021440251264
2452163.080083373 0.9988011121749876 0.0007035931921564
2452163.1564725684 1.003318667411804 0.0007047667750157
2452163.2321673026 1.0035482048988342 0.0007049058622214501
2452163.3078620224 1.0088922977447508 0.0007062159129418
2452163.3842511754 1.0110081434249876 0.0007068623090162
2452163.4599458682 1.0115005373954773 0.0007069553248583999
2452163.535640547 1.0113654136657717 0.0007069269777275
2452163.6113352124 1.0122663974761963 0.0007072018634061499
2452163.687029864 1.0135920047760008 0.0007075822213664
2452163.7634189483 1.0135525465011597 0.0007075197063386
2452163.8391135726 1.0114232897758484 0.0007069627172313
2452163.9148081844 1.0089315176010132 0.0007062411750666
2452163.9911972284 1.0046873092651367 0.0007050243439152
2452164.0668918127 0.9626404047012328 0.00069365155650295
2452164.1425863844 0.9934511780738832 0.0007019593613222
2452164.2189753875 0.9870426654815674 0.0007003003847785
2452164.294669932 0.9843730628490449 0.000699519237969
2452164.3703644644 0.98298579454422 0.0006990741821937
2452164.446753428 0.9855001568794248 0.0006998374592512
2452164.521753488 0.9896644353866576 0.0007008323445916
2452164.5981424255 0.9943434000015258 0.0007022538920864
2452164.6745313494 0.9992671012878418 0.0007036136230453
2452164.7509202603 1.0035121440887451 0.0007047077524475
2452164.8266147133 1.0034066438674927 0.0007045352249406
2452164.9023091537 1.0074431896209717 0.0007056493777781
2452164.9773091367 1.0092558860778809 0.0007062025833874
2452165.053003552 1.0089068412780762 0.0007061953656375
2452165.1293923976 1.0092092752456665 0.0007062307267915
2452165.2050867868 1.009564995765686 0.0007063748780637
2452165.282170051 1.0110765099525452 0.00070689702988595
2452165.3564755265 1.0113422870635986 0.0007067976985126
2452165.4377254257 1.0096448063850403 0.00070693722227585
2452165.509253103 1.0085922479629517 0.0007066113175824
2452165.5849474277 1.0052134990692139 0.0007056452741380499
2452165.66064174 0.9635173082351683 0.0006939647137187
2452165.737030484 0.9940242171287536 0.0007025413797236
2452165.812724771 0.9892775416374207 0.00070135045098135
2452165.8884190456 0.986591935157776 0.0007006165105849
2452165.9648077507 0.986156702041626 0.0007004380458965
2452166.0405020006 0.988358438014984 0.0007011136040091001
2452166.1161962375 0.9929223656654356 0.0007024614606052
2452166.1918904623 0.9957678318023682 0.0007030954875517
2452166.2682791166 0.9998160302639008 0.00070431054336945
2452166.343973316 1.0033639669418335 0.0007052498403936
2452166.4203619454 1.004394292831421 0.0007055613095872
2452166.49605612 1.0065380930900574 0.0007060691714286501
2452166.5717502823 1.0078858137130735 0.0007064595702104
2452166.6474444326 1.007832407951355 0.00070654368028035
2452166.72313857 1.007402420043945 0.0007063878583721
2452166.7995271366 1.0083918571472168 0.0007066073594614
2452166.875221249 1.0101068615913391 0.0007070506981107999
2452166.9509153496 1.0115258693695068 0.00070742436219
2452167.027303879 1.0113407373428345 0.0007073932210914
2452167.102997955 1.0103193521499634 0.0007071333820931
2452167.1786920186 1.007436990737915 0.0007062830263748
2452167.2550805104 0.9632020592689512 0.0006943350308574
2452167.3307745494 0.9945759773254395 0.00070283911190925
2452167.4064685768 0.9895129799842832 0.000701458135154
2452167.4828570313 0.9863952994346618 0.0007005617953836
2452167.558551034 0.9861212670803069 0.0007004337385296
2452167.634245024 0.9889993071556092 0.0007012724527157
2452167.7106334423 0.9937437772750854 0.0007024505757726
2452167.786327408 0.9981563091278076 0.0007037782634141999
2452167.862021362 1.0031743049621582 0.0007050647400319
2452167.9384097434 1.0072243213653564 0.0007061666692607
2452168.0141036725 1.0086400508880615 0.00070655971649095
2452168.0897975904 1.0088700056076048 0.0007065502577461
2452168.166185935 1.009604811668396 0.000706827500835
2452168.2418798283 1.0087855458259583 0.00070651649730275
2452168.3175737094 1.0079262256622314 0.0007063667289912
2452168.3932675784 1.0086880922317505 0.0007065420504659
2452168.4689614363 1.0104039907455444 0.0007069759303703
2452168.545349721 1.011220335960388 0.0007071996806189
2452168.621043554 1.0119805932044983 0.00070731059531675
2452168.696737376 1.0108697414398191 0.0007070589344948
2452168.7731256243 1.006913185119629 0.0007059021154418
2452168.8488194216 0.9628801643848418 0.00069372460711745
2452168.924513208 0.9939439296722412 0.000702426128555
2452169.0009014206 0.9893916249275208 0.0007010333938524
2452169.0765951835 0.9862120449542998 0.0007002476195339
2452169.152288934 0.9868744015693665 0.0007004018407315
2452169.2286771117 0.9905698895454408 0.0007013037102296
2452169.304370839 0.995243191719055 0.00070255171158345
2452169.3800645554 0.999979555606842 0.0007039648480713
2452169.4564526975 1.0048223733901975 0.000705350365024
2452169.5321463905 1.0085089206695557 0.00070626832894045
2452169.607840073 1.0096701383590698 0.0007065957761369
2452169.684228181 1.0089757442474363 0.0007062918739393
2452169.7599218404 1.0096489787101746 0.0007066877442411499
2452169.835615489 1.0091657638549805 0.0007064706878736
2452169.9113091263 1.0094422698020935 0.000706422899384
