2451544.1349176737 0.9982910752296448 0.00045317591866469997
2451544.214780663 1.0081651210784912 0.0004539979272522
2451544.293949198 1.0179452896118164 0.0004551874881144
2451544.3731177375 1.0206885337829588 0.0004548367287497
2451544.4515918205 1.0153483748435974 0.0004528103600023
2451544.530065906 1.0065007209777832 0.0004505638789851
2451544.6085399943 0.9910902082920074 0.00044738138967655
2451544.6884030066 0.9397035241127014 0.0004369705566205
2451544.766877099 1.0009713768959045 0.0004490515420911
2451544.845351192 1.0089905261993408 0.0004504398966673
2451544.9245197475 1.0164328813552856 0.0004515920008998
2451545.0036883033 1.0194244384765625 0.0004519148787949
2451545.082856859 1.0159845352172852 0.0004510015714913
2451545.161330954 1.0071374773979187 0.00044922852248415
2451545.239805049 0.998190939426422 0.0004472264263313
2451545.3189736037 0.9307142496109008 0.0004336527490522
2451545.398142158 0.9922490715980528 0.0004456777824088
2451545.476616251 1.0054122805595398 0.00044826170778825003
2451545.555090342 1.0158185958862305 0.0004503023810684
2451545.6342588933 1.0208663940429688 0.0004512887680903
2451545.7134274435 1.0173572301864624 0.0004506498808041
2451545.7919015307 1.0087234377861023 0.0004489785060286
2451545.870375617 1.0007972717285156 0.0004473879525903
2451545.949544162 0.9392691850662231 0.0004350745293777
2451546.0287127052 0.999475121498108 0.0004470638814382
2451546.107881247 1.0064679384231567 0.0004485141544137
2451546.1863553254 1.014623999595642 0.00045001153193875004
2451546.2648294023 1.019446849822998 0.0004509539867285
2451546.3412200944 1.017534852027893 0.0004506198747549
2451546.425249853 1.009690284729004 0.0004491271974984
2451546.5016405405 1.0007112622261047 0.00044732971582555
2451546.580114608 0.9476128816604614 0.0004368339723441
2451546.659283134 0.9659236669540404 0.0004403156635817
2451546.738451658 1.0037697553634644 0.0004478338232729
2451546.816925718 1.013604760169983 0.00044986803550265005
2451546.895399776 1.021009087562561 0.0004511539882514
2451546.9745682916 1.0199973583221436 0.0004509946156758
2451547.053736805 1.011470913887024 0.0004494470194913
2451547.132905315 1.0029081106185913 0.000447822298156
2451547.2113793623 0.9413521885871887 0.00043568844557735
2451547.2898534066 0.986392378807068 0.0004448099643923
2451547.369021909 1.0047303438186643 0.0004481211362872
2451547.448190408 1.0130829811096191 0.000449714512797
2451547.5266644433 1.0190624594688416 0.00045088722254144997
2451547.605138476 1.0192469358444212 0.0004509189457166
2451547.6843069666 1.012206792831421 0.0004496725450735
2451547.7634754535 1.0029182434082031 0.0004478385089896
2451547.841949477 0.9768871366977692 0.00044266751501699996
2451547.920423498 0.9373331069946288 0.0004349103255663
2451547.9995919755 1.0010745525360107 0.0004473930748645
2451548.0787604502 1.0114357471466064 0.0004494608729146
2451548.1579289217 1.020013689994812 0.0004511744482442
2451548.2364029293 1.0208953022956848 0.0004513531166594
2451548.314876934 1.0138951539993286 0.0004501103248912
2451548.3940453953 1.0048062801361084 0.0004483314696699
2451548.473213854 0.9657016396522522 0.0004406399675644
2451548.5516878483 0.961272358894348 0.00043973064748565
2451548.6301618395 1.0032068490982056 0.0004479647031985
2451548.7093302878 1.0118230581283567 0.0004496261244639
2451548.788498732 1.0185633897781372 0.0004509452555794
2451548.866972713 1.0200997591018677 0.00045124847383700003
2451548.9454466905 1.0149332284927368 0.000450346909929
2451549.0246151243 1.0053640604019165 0.0004484388045966
2451549.1037835544 0.9974135756492616 0.000446787715191
2451549.1829519807 0.931533396244049 0.0004337084246799
2451549.261425944 0.999148428440094 0.00044713361421594997
2451549.339899903 1.0087169408798216 0.0004490967257879
2451549.419068319 1.018715262413025 0.0004510190046858
2451549.493375512 1.0215564966201782 0.00045155522821005
2451549.576710678 1.0164936184883118 0.00045050571497989996
2451549.6551846224 1.0072613954544067 0.0004486409306991
2451549.7343530226 0.9915230870246888 0.0004455728048924
2451549.813521419 0.9409893751144408 0.0004354634729679
2451549.8919953518 1.0021921396255493 0.00044766911014445
2451549.97046928 1.0097579956054688 0.000449096376542
2451550.0496376646 1.0174524784088137 0.0004505985998548
2451550.1288060443 1.0206897258758545 0.0004512704326771
2451550.2079744204 1.017340064048767 0.0004506589320953
2451550.286448333 1.008320152759552 0.00044894122402180004
2451550.3649222413 0.9992995858192444 0.0004472268337849
2451550.444090605 0.9302721619606018 0.0004336144484113
2451550.5232589636 0.9932820796966552 0.0004458653565961
2451550.6017328594 1.006406009197235 0.00044862186769020003
2451550.6802067505 1.0168994665145874 0.0004506446421146
2451550.7593750963 1.0218427181243896 0.0004516303015407
2451550.838543438 1.0187007188796997 0.0004510284925345
2451550.9170173155 1.0097649693489075 0.0004493166779866
2451550.995491189 1.0022213459014893 0.0004477647016756
2451551.0746595166 0.940508723258972 0.0004355665296316
2451551.1538278395 1.0005995035171509 0.0004474855377338
2451551.232996158 1.0078494548797607 0.0004489216080401
2451551.311470012 1.0160227417945862 0.0004505301913013
2451551.389943862 1.020586609840393 0.000451418076409
2451551.4691121653 1.0189913511276243 0.0004511583829298
2451551.548280464 1.0112413167953491 0.0004497107292991
2451551.626754299 1.0013023018836975 0.00044778076699
2451551.7052281285 0.9494711756706236 0.0004374931450001
2451551.7843964114 0.9650995135307312 0.0004404678184073
2451551.8635646887 1.00406813621521 0.0004482685762923
2451551.9420385025 1.015026867389679 0.0004503684758674
2451552.020512311 1.0218725204467771 0.0004517233755905
2451552.0996805723 1.020533800125122 0.0004515456967055
2451552.1788488277 1.0123394727706907 0.0004500601789914
2451552.258017077 1.0034314393997192 0.0004482404910959
2451552.336490863 0.942227780818939 0.00043612239824135
2451552.4149646424 0.9870432615280152 0.0004450108681339
2451552.4941328736 1.00577712059021 0.0004486384859774
2451552.5733010992 1.0138595104217527 0.0004503264499362
2451552.6566360663 1.0202400684356687 0.0004514071333687
2451552.730248614 1.0202805995941162 0.0004513194435276
2451552.8094168203 1.0134352445602417 0.0004501341027207
2451552.888585019 1.0042403936386108 0.0004482401127461
2451552.967058753 0.9787590503692627 0.0004432529240148
2451553.04553248 0.9362905025482176 0.000435127003584
2451553.1247006576 1.0020807981491089 0.0004476766043808
2451553.203868827 1.0125237703323364 0.0004499237984418
2451553.283036989 1.0210403203964231 0.0004515647597145
2451553.3615106856 1.0218088626861572 0.00045173206308385
2451553.4399843737 1.0151652097702026 0.0004503735690377
2451553.519152511 1.0055187940597534 0.0004487210244406
2451553.5983206397 0.9660557508468628 0.0004411104309838
2451553.6767943017 0.9604905545711516 0.0004398270102683
2451553.7552679544 1.0040149688720703 0.0004484144737944
2451553.834436055 1.0127671957015991 0.0004500455106608
2451553.913604145 1.0196233987808228 0.0004514136526267
2451553.992077768 1.021233558654785 0.00045171042438590004
2451554.0705513796 1.0161356925964355 0.0004507580015342
2451554.1497194367 1.0067704916000366 0.0004489583661779
2451554.228887482 0.9982959032058716 0.0004472580330912
2451554.3080555145 0.9311073422431946 0.0004341429739724
2451554.386529078 0.9998725354671476 0.000447652884759
2451554.465002627 1.0101250410079956 0.0004495753673836
2451554.5441706185 1.0195672512054443 0.0004515392065513
2451554.6233385946 1.0227373838424685 0.0004520936636254
2451554.7018120987 1.0174600481987 0.00045116056571704996
2451554.7802855857 1.008633017539978 0.0004493742599152
2451554.8594535105 0.9934711456298828 0.0004468034894671
2451554.938621416 0.941427767276764 0.0004361529718153
2451555.017094847 1.0030064582824707 0.00044836910092265
2451555.0955682565 1.0100854635238647 0.0004498346534091
2451555.174736099 1.0182076692581177 0.0004513887979555
2451555.2539039184 1.0216957330703735 0.0004519657231867
2451555.3330717147 1.0181938409805296 0.0004513700841926
2451555.4115450336 1.009591519832611 0.0004496703186305
2451555.49001833 1.000757098197937 0.0004479507915675
2451555.536546735 0.9692935943603516 0.0004418182652443
2451557.390048708 1.0029313564300537 0.0004547801509033
2451557.4615778234 0.9428885579109192 0.0004418019379954
2451557.5400515166 0.985819697380066 0.0004497156769502
2451557.6192196705 1.0056883096694946 0.0004529883735813
2451557.6983878277 1.013924241065979 0.0004542959795799
2451557.7768615293 1.0200787782669067 0.00045505110756489996
2451557.855335233 1.0198992490768433 0.0004545436822809
2451557.9345033946 1.013390064239502 0.000453082320746
2451558.013671558 1.0032236576080322 0.0004509511054493
2451558.092839721 0.977931261062622 0.0004454843583516
2451558.1713134274 0.936193436384201 0.00043712402111845
2451558.249787133 1.0012149810791016 0.0004496742039918
2451558.328955296 1.011328101158142 0.0004514848988037
2451558.4081234583 1.02031147480011 0.0004528693098109
2451558.4865971627 1.0209035277366638 0.00045282520295579997
2451558.5650708657 1.0144821405410769 0.0004514313477557
2451558.6442390247 1.0049679279327393 0.0004495102039072
2451558.723407183 0.9662131071090696 0.0004417866875883
2451558.801880881 0.9588225781917571 0.00044014189916195
2451558.8803545786 1.0033966302871704 0.0004488665435928
2451558.9595227316 1.011310338973999 0.0004503739764913
2451559.0386908823 1.0188775062561035 0.0004516885965131
2451559.117859031 1.0200042724609375 0.0004519050417002
2451559.19633272 1.0151811838150024 0.00045093405060465
2451559.2748064073 1.0060337781906128 0.0004490064748097
2451559.3539745496 0.9974953532218932 0.0004472909204196
2451559.433142689 0.9304888248443604 0.0004341384337749
2451559.511616369 0.9990212619304656 0.0004475207242649
2451559.590090046 1.0093342065811155 0.0004494298482313
2451559.6692581777 1.0189919471740725 0.0004513515741564
2451559.748426307 1.0217170715332031 0.00045180277084
2451559.8268999755 1.0164507627487183 0.00045068362669545
2451559.9095403855 1.0073646306991575 0.0004491073777899
2451559.98523622 0.9925613105297089 0.00044586286821864996
2451560.06370988 0.9403721094131468 0.0004356313147582
2451560.142877995 1.0024913549423216 0.0004478069022297
2451560.221351649 1.0096877217292786 0.00044923808309245
2451560.2998253005 1.0176005363464355 0.0004506201657932
2451560.3789934055 1.0205535888671875 0.0004512505838647
2451560.4581615077 1.0170598030090332 0.0004506381810642
2451560.5366351493 1.0087624788284302 0.00044907459232485
2451560.6151087875 0.9995936155319212 0.0004472979635465
2451560.69427688 0.9312493801116944 0.0004338847938925
2451560.7734449683 0.9927077889442444 0.0004460985946934
2451560.851918597 1.006494104862213 0.00044864957453680005
2451560.9303922215 1.0166139602661133 0.0004506157711148
2451561.0095603 1.02217698097229 0.0004516714252531
2451561.088728375 1.0189392566680908 0.0004511329170782
2451561.1678964463 1.010273575782776 0.0004494423919823
2451561.2463700566 1.0020378828048706 0.0004478734917938
2451561.324843664 0.9406769871711732 0.0004357987781986
2451561.4040117245 1.0006906986236572 0.0004476041649468
2451561.483179781 1.0080918073654177 0.0004489740240387
2451561.5616533775 1.0159077644348145 0.00045054414658805
2451561.64012697 1.0204285383224487 0.0004514185420703
2451561.7192950156 1.019026517868042 0.0004511676379479
2451561.798463057 1.0112136602401731 0.0004496747860684
2451561.8769366383 1.0018972158432007 0.00044787631486535
2451561.9554102155 0.9510536193847656 0.0004377483855932
2451562.034578245 0.9647975564002992 0.0004404548963066
2451562.113746271 1.0041122436523435 0.0004482790536712
2451562.192914293 1.014424443244934 0.0004502736264839
2451562.2713878546 1.0218170881271362 0.00045163391041565
2451562.349861412 1.0207135677337646 0.0004514274478424
2451562.429029422 1.0126867294311523 0.0004498948401305
2451562.5081974273 1.004005789756775 0.0004482498625293
2451562.5866709724 0.9434451460838316 0.00043635535985225003
2451562.6651445134 0.985577642917633 0.0004445395607035
2451562.7443125066 1.0054185390472412 0.000448499340564
2451562.8234804953 1.0141183137893677 0.0004502189694903
2451562.9019540236 1.0204886198043823 0.00045135885011400004
2451562.9804275474 1.0207060575485227 0.0004514546017162
2451563.0644567143 1.01316899061203 0.00045003750710745
2451563.1387634943 1.0044728517532349 0.000448259175755
2451563.217931461 0.980114996433258 0.0004432553832884
2451563.296404968 0.936378836631775 0.00043475558049975004
2451563.37487847 1.0022581815719604 0.0004476773901842
2451563.4547408787 1.0126088857650757 0.0004497367335716
2451563.5332143717 1.0214508771896362 0.000451366911875
2451563.6116878595 1.0220338702201843 0.0004515944165177
2451563.690161343 1.0154669284820557 0.0004503758973442
2451563.769329278 1.006011128425598 0.0004486646794248
2451563.8484972073 0.968848407268524 0.0004416117153596
2451563.9269706765 0.9591290950775144 0.0004394278657855
2451564.005444141 1.0041878223419187 0.000448322360171
2451564.084612056 1.012474775314331 0.0004499161732383
2451564.163779966 1.0197288990020752 0.0004512748273555
2451564.242947871 1.0212326049804688 0.0004515815235208
2451564.321421315 1.0165432691574097 0.00045070053602095
2451564.3998947544 1.0071274042129517 0.0004488604317884
2451564.479062644 0.9985601902008056 0.0004471828578971
2451564.5582305277 0.9319702982902528 0.0004340766463428
2451564.6367039513 1.0002487301826477 0.0004475880559766
2451564.7151773693 1.0100747346878052 0.0004493964952416
2451564.794345237 1.0198460817337036 0.0004513665917329
2451564.8735130993 1.0225970745086668 0.0004519373760558
2451564.9519865005 1.0178492069244385 0.0004508841229835
2451565.030459896 1.0088608264923096 0.000449134822702
2451565.1096277414 0.9955338835716248 0.0004465354431886
2451565.18879558 0.9406426548957824 0.0004356930148787
2451565.2679634127 1.002996802330017 0.0004480716015677
2451565.3464367846 1.0103222727775574 0.00044963030086355
2451565.4249101505 1.0183076858520508 0.0004510869912337
2451565.504077965 1.0216240882873535 0.0004517774796113
2451565.5832457724 1.0182851552963257 0.0004510559083428
2451565.661719119 1.0094825625419617 0.0004494539170991
2451565.7401924594 1.0005593299865725 0.0004476949980016
2451565.819360247 0.9329466223716736 0.000434116955148
2451565.8985280273 0.9921393394470216 0.0004461409116629
2451565.9770013466 1.0069796442985535 0.00044890273420599997
2451566.055474659 1.0179256200790403 0.0004509961581788
2451566.1297812397 1.0229005813598633 0.0004519447538768
2451566.2138101687 1.019952416419983 0.0004514864704106
2451566.292977912 1.011178970336914 0.0004497579357121
2451566.3714511935 1.0033949613571167 0.00044809232349505
2451566.4499244667 0.9412928223609924 0.0004358983424026
2451566.5290921857 1.0020185708999632 0.0004477902548387
2451566.6082598954 1.0091876983642578 0.0004492276348173
2451566.6867331425 1.0174091458320618 0.00045078850234855
2451566.765206381 1.0220214128494265 0.0004517633060459
2451566.8443740634 1.0202902555465698 0.0004514700267463
2451566.923541736 1.0120761394500732 0.0004499819769989
2451567.002014945 1.0029597282409668 0.00044818418973585
2451567.0804881435 0.9521045684814452 0.0004384581989143
2451567.159655784 0.9639106392860411 0.0004405001236591
2451567.238823413 1.0046346187591553 0.000448690727353
2451567.3179910304 1.015220284461975 0.0004506734840106
2451567.396464182 1.0228881239891052 0.000452121195849
2451567.4749373216 1.021976351737976 0.0004519758513197
2451567.5541049 1.0138280391693115 0.0004502733936533
2451567.633272464 1.004696011543274 0.0004486330144573
2451567.711745561 0.9448146224021912 0.00043686076242005
2451567.7902186424 0.985844910144806 0.0004452897701412
2451567.8693861593 1.0067880153656004 0.0004491590661928
2451567.9485536586 1.0154125690460205 0.0004506654222495
2451568.02772114 1.0215286016464231 0.0004518739006016
2451568.1054996992 1.0214613676071167 0.0004519345529843
2451568.184667141 1.0147669315338137 0.0004507066041696
2451568.2638345617 1.0050629377365112 0.0004487582482397
2451568.343001961 0.9813032746315 0.0004441264318302
2451568.421474886 0.9364666044712067 0.00043523508065845
2451568.468697521 0.9991412162780762 0.00044764515769199996
2451570.3339936053 0.9577281773090363 0.00052532803965725
2451570.392327675 1.0020350813865662 0.00051360981888135
2451570.4735787073 1.010249137878418 0.0004991614841856
2451570.552051932 1.0177180767059326 0.00049073700211005
2451570.6305251615 1.0207576751708984 0.0004837744054384
2451570.708303942 1.0175538063049316 0.00047609131434
2451570.786777179 1.0089878439903257 0.00046710141759825
2451570.864555965 1.0001925230026245 0.0004607727460097
2451570.944418114 0.9316366910934448 0.0004436388844624
2451571.0235858113 0.9904524683952332 0.0004516045155469
2451571.10275351 1.0071622133255005 0.0004508957208599
2451571.1812267555 1.017856240272522 0.00045035284711045004
2451571.259700001 1.0230469703674316 0.000449803948868
2451571.3388677007 1.0200115442276 0.0004473397857509
2451571.4180354 1.0111664533615112 0.0004438426112756
2451571.496508645 1.002937078475952 0.00044161116238680004
2451571.5749818897 0.9408175349235536 0.0004291082441341
2451571.654149587 1.0012465715408323 0.0004404736682772
2451571.733317283 1.0078849792480469 0.0004412953567225
2451571.811790524 1.0164144039154053 0.00044221800635565003
2451571.8902637637 1.0214922428131104 0.0004427021776791
2451571.969431455 1.0198476314544676 0.0004421783378347
2451572.0485991444 1.0124452114105225 0.0004403726779855
2451572.1277668322 1.0026166439056396 0.0004382667248137
2451572.2062400645 0.952268123626709 0.0004281844885554
2451572.2847132944 0.9621944427490232 0.0004298889252822
2451572.363880975 1.0044926404953003 0.0004378717276267
2451572.4430486537 1.0155239105224607 0.0004396373115014
2451572.5215218766 1.0223932266235352 0.00044087477726855004
2451572.595133924 1.0219813585281372 0.0004407514352351
2451572.6791627673 1.0135579109191897 0.0004388778179418
2451572.7583304355 1.0045872926712036 0.0004370335664134
2451572.8368036477 0.945701003074646 0.0004254634113749
2451572.9152768566 0.985525906085968 0.0004329953517299
2451572.994444516 1.0061885118484497 0.0004371165996417
2451573.073612172 1.0147947072982788 0.0004387232766021
2451573.1527798255 1.0206772089004517 0.000439786206698
2451573.2312530223 1.0207411646842957 0.00043972644198215
2451573.3097262164 1.0150622129440308 0.00043854303658
2451573.38889386 1.0047330856323242 0.0004364243359304
2451573.4680615 0.9824036955833436 0.0004322097811382
2451573.546534684 0.9351065158843994 0.00042263600334985
2451573.625007865 1.0018130540847778 0.0004359516024123
2451573.704175495 1.0119595527648924 0.0004379124729894
2451573.7833431214 1.0210859775543213 0.0004396098665893
2451573.8625107445 1.0222879648208618 0.0004397965967655
2451573.9409839115 1.0155483484268188 0.0004384717758512
2451574.019457075 1.006309986114502 0.0004367499495856
2451574.098624687 0.9705275893211364 0.0004297384293749
2451574.177792296 0.957623302936554 0.0004272010701242
2451574.256265448 1.0042462944984436 0.0004363362822914
2451574.3347385963 1.0121172666549685 0.0004379087768029
2451574.413906194 1.0194408893585205 0.0004393014241941
2451574.4930737875 1.0211635828018188 0.0004396773874759
2451574.571546925 1.0164934396743774 0.00043868646025655
2451574.6500200583 1.0066803693771362 0.0004368354566395
2451574.7291876404 0.9984418749809264 0.0004352200776338
2451574.8083552183 0.9316612482070922 0.0004219246038701
2451574.8875227924 0.9998054504394532 0.0004354262200649
2451574.9659959106 1.0092608332633972 0.00043743364221875
2451575.044469024 1.0191274881362915 0.0004393288108985
2451575.123636586 1.0223950147628784 0.0004399010795168
2451575.202804144 1.0176047086715698 0.0004389492096379
2451575.281277246 1.008506417274475 0.0004372055700514
2451575.359750343 0.9960800409317015 0.0004348814836703
2451575.438917889 0.9396740198135376 0.0004235942324157
2451575.51808543 1.0019015073776243 0.0004360504099167
2451575.596558515 1.0099079012870789 0.0004374505078885
2451575.6750315954 1.0178900957107544 0.0004390508402138
2451575.759060288 1.0209656953811643 0.0004395888972794
2451575.833366648 1.0183041095733645 0.0004390567773953
2451575.9125341675 1.0091357231140137 0.000437289068941
2451575.991007231 0.999824285507202 0.00043548255052875003
2451576.06948029 0.9324841499328612 0.0004220952105242
2451576.1486477964 0.990637183189392 0.0004337126447353
2451576.2278152984 1.0068823099136353 0.0004368387453723
2451576.306288344 1.017253339290619 0.0004387899389257
2451576.384761385 1.0222105979919431 0.0004398781456984
2451576.463928873 1.0190985202789309 0.000439244962763
2451576.543096357 1.0103465318679807 0.000437597889686
2451576.621569384 1.0021209120750427 0.00043594712042245
2451576.7000424066 0.9394591450691224 0.0004235757805872
2451576.779209876 1.0003638267517088 0.0004356731078587
2451576.8583773407 1.007636547088623 0.000436990201706
2451576.9375448003 1.0157617330551147 0.0004386399232316
2451577.016017804 1.0206842422485352 0.00043958573951379996
2451577.094490803 1.019160747528076 0.0004393710987642
2451577.1736582476 1.0113766193389893 0.0004378260346129
2451577.2528256876 1.001793384552002 0.0004359542799647
2451577.3312986717 0.9522491097450256 0.00042626530921545
2451577.40977165 0.9601709842681884 0.0004279395798221
2451577.488939075 1.0035164356231687 0.0004363333573564
2451577.568106494 1.0148228406906128 0.0004385175416246
2451577.6465794574 1.0215160846710205 0.00043975288281214995
2451577.7250524154 1.020811915397644 0.000439602183178
2451577.8042198187 1.0125471353530884 0.000438018789282
2451577.883387217 1.0037976503372192 0.00043638527859
2451577.9625546094 0.9446523785591124 0.0004246227326802
2451578.041027546 0.984293133020401 0.000432452885434
2451578.1195004764 1.005338668823242 0.0004365378990769
2451578.198667852 1.0131371021270752 0.0004381375329103
2451578.2778352224 1.0197057723999023 0.0004393689450807
2451578.356308136 1.0201403498649597 0.00043950205144930004
2451578.434781044 1.0137372016906738 0.0004381768521852
2451578.5139483963 1.0036977529525757 0.0004362089675851
2451578.5931157423 0.9824856519699096 0.0004320739826653
2451578.6715886323 0.9330882728099823 0.00042230013059445
2451578.7500615157 1.0005438327789309 0.0004357388534117
2451578.8236732413 1.0107213258743286 0.0004377033910714
2451578.9083961644 1.0200321674346924 0.000439486495452
2451578.9875634788 1.0215845108032229 0.0004398087039589
2451579.0660363366 1.014828383922577 0.0004385084175737
2451579.144509188 1.0055129528045654 0.0004366780922282
2451579.223676482 0.9709978103637696 0.0004297706473153
2451579.302843769 0.9563789963722228 0.0004271430370863
2451579.3813165994 1.0031529068946838 0.00043617810297285004
2451579.4597894223 1.0112738609313965 0.0004377274308353
2451579.5382622383 1.0182614922523499 0.0004391289694467
2451579.618123946 1.0201684236526487 0.0004395036958158
2451579.697985645 1.0158005952835083 0.0004384679050417
2451579.7771528866 1.0061582922935486 0.0004366087960079
2451579.8542367723 0.997197687625885 0.00043498177547
2451579.933403998 0.9316707253456116 0.0004219764086883
2451580.0125712147 0.998979926109314 0.0004353721451479
2451580.091043974 1.0085544586181643 0.000437270180555
2451580.1695167236 1.0180944204330444 0.0004390951653476
2451580.2486839136 1.02128529548645 0.0004397239245008
2451580.327851094 1.0164635181427 0.0004388659144751
2451580.406323815 1.0077005624771118 0.0004370854439912
2451580.4847965264 0.9949633479118348 0.0004346011846791
2451580.5639636763 0.9393340945243835 0.0004235580272506
2451580.6431308147 1.0012308359146118 0.0004358805017545
2451580.722297942 1.0084342956542969 0.0004373710253275
2451580.8007706087 1.0166564583778381 0.00043891982932105
2451580.879243264 1.019997477531433 0.0004395528521854
2451580.9584103543 1.016724944114685 0.0004389470559544
2451581.0375774316 1.00827157497406 0.0004372849944047
2451581.116050047 0.998685121536255 0.0004354923439677
2451581.1945226477 0.9311118125915528 0.0004220932605676
2451581.2736896817 0.988271713256836 0.0004333426477387
2451581.3528566994 1.0055650472640991 0.0004368086229078
2451581.431329253 1.0159643292427063 0.00043893809197465
2451581.509801789 1.0209609270095823 0.0004398057062644
2451581.5889687547 1.0178604125976562 0.0004393328854348
2451581.668135701 1.009199142456055 0.0004376542929094
2451581.7473026277 1.0009000301361084 0.0004360505554359
2451584.043143771 1.020253300666809 0.0005379380891099
2451584.1125886412 1.020476460456848 0.0005198722938075
2451584.1910613496 1.0144266486167908 0.0005033906199969
2451584.269534062 1.0052579641342163 0.0004898658953607
2451584.348701227 0.9716400504112244 0.0004725943144876
2451584.4278683946 0.9549533724784852 0.0004597902297973
2451584.507035565 1.0030090808868408 0.0004636058874893
2451584.5855082883 1.0109010338783264 0.00046165737148835004
2451584.663981013 1.0182832479476929 0.0004603520501405
2451584.7438426362 1.0203809142112732 0.00045755675819235
2451584.8223153623 1.0157208442687988 0.0004542058741208
2451584.9007880883 1.0063345432281494 0.00045145141484675
2451584.9792608144 0.9981457591056824 0.0004485570534598
2451585.0584279895 0.9311208724975586 0.0004341299645602
2451585.1375951637 0.9988397359848022 0.0004452584835235
2451585.216067888 1.008440613746643 0.00044580975372805
2451585.294540611 1.018482685089111 0.00044659836567
2451585.373707782 1.0219337940216064 0.000446176592959
2451585.4528749515 1.0169349908828735 0.0004442083882167
2451585.532042119 1.007746338844299 0.0004418289172463
2451585.6105148364 0.9963088929653168 0.00043926069338335
2451585.6889875517 0.9401875734329224 0.0004279937129467
2451585.768154714 1.0016413927078247 0.0004397047159727
2451585.8473218735 1.0093157291412351 0.0004410660767462
2451585.930655724 1.0177761316299438 0.0004424503131303
2451586.0042672893 1.0204863548278809 0.0004428882384672
2451586.083434442 1.0178180932998655 0.0004419718752615
2451586.162601592 1.0088915824890137 0.0004398629534989
2451586.241074291 1.0000064373016357 0.00043800915591415
2451586.3202414354 0.9308202862739563 0.00042424919956824997
2451586.3994085775 0.9884024858474731 0.0004355941491667
2451586.4778812677 1.0059551000595093 0.0004386967630125
2451586.5570484037 1.0169166326522827 0.0004407100204844
2451586.635521088 1.0219852924346924 0.00044160638935860004
2451586.713993769 1.0191612243652344 0.0004409322573337
2451586.793160896 1.010321855545044 0.000439132360043
2451586.8723280192 1.0021030902862549 0.0004374204145278
2451586.950800691 0.938859611749649 0.0004249156627338
2451587.0292733596 1.0001190900802612 0.0004368777445051
2451587.1084404727 1.0072895288467407 0.000438241084339
2451587.1876075827 1.0156190395355225 0.0004398170567583
2451587.2660802407 1.020359992980957 0.0004405909276101
2451587.3445528955 1.01889431476593 0.000440295349108
2451587.423719995 1.0115290880203247 0.0004387984517961
2451587.5028870907 1.001425862312317 0.0004368867957964
2451587.582054183 0.9535672664642334 0.0004274533421266
2451587.6605268233 0.9591940641403198 0.0004286471958039
2451587.73899946 1.0029927492141724 0.0004371713730506
2451587.818166541 1.0141892433166504 0.0004391790716908
2451587.897333618 1.0213657617568968 0.0004405596992
2451587.9758062433 1.0205132961273193 0.00044036576582575
2451588.054278865 1.012407660484314 0.0004389121895655
2451588.1334459307 1.003656268119812 0.0004370326350908
2451588.212612992 0.9458793997764589 0.0004255383973941
2451588.291085602 0.9809190928936005 0.00043251077295275
2451588.369558208 1.005323052406311 0.0004371467803139
2451588.4487252575 1.0131455659866333 0.0004387953958939
2451588.527892303 1.0197057723999023 0.0004400135658215
2451588.607059345 1.0199463367462158 0.0004400199977681
2451588.6855319347 1.0136588215827942 0.0004387091757962
2451588.76400452 1.0040986537933347 0.0004368913942016
2451588.8431715495 0.9842501282691956 0.0004329938383307
2451588.9223385747 0.9320106506347656 0.0004224554286338
2451589.0008111475 1.0006691813468933 0.00043613729940255
2451589.0841448493 1.0117687582969666 0.0004381584585644
2451589.1584507287 1.020147919654846 0.0004397949378471
2451589.2376177367 1.0215601921081543 0.0004399025638122
2451589.3167847404 1.014477491378784 0.0004385087231639
2451589.3959517395 1.0058659315109253 0.0004367617948446
2451589.4737298395 0.9719850420951844 0.0004300841828808
2451589.55289683 0.955557644367218 0.00042708334513
2451589.6320638154 1.0030957460403442 0.0004363114130683
2451589.7112307968 1.0109800100326538 0.0004377663426566
2451589.789008879 1.0186023712158203 0.0004392712726257
2451589.8681758516 1.0202990770339964 0.000439636176452
2451589.947342819 1.015478014945984 0.00043855025433
2451590.025815335 1.0063474774360657 0.00043684631236825004
2451590.1042878465 0.9974017143249512 0.0004351165844127
2451590.1834548 0.9310575723648072 0.0004220025439281
2451590.2626217487 0.9987322092056272 0.000435441994341
2451590.341788693 1.0079803466796875 0.0004372643306851
2451590.420261185 1.0181334614753723 0.0004392000264488
2451590.498733673 1.0216331481933592 0.0004398487799335
2451590.5779006025 1.0161608457565308 0.0004389329988043
2451590.657067527 1.00743305683136 0.0004370916285552
2451590.73554 0.996710568666458 0.00043496473517725
2451590.814012468 0.9396660923957824 0.0004236911190673
2451590.8931793775 1.0013656616210935 0.0004359051818028
2451590.972346282 1.008757472038269 0.0004373553674668
2451591.050818735 1.0168445706367493 0.0004389561945572
2451591.129291183 1.0202308893203735 0.000439560302766
2451591.2084580716 1.017212986946106 0.0004390526446513
2451591.287624955 1.0086089372634888 0.0004373484116513
2451591.3667918337 0.999230682849884 0.0004354612901806
2451591.4452642603 0.9308370947837827 0.00042199864401479997
2451591.523736682 0.9870524406433104 0.0004330031806603
2451591.6029035435 1.0049041509628296 0.0004366677894722
2451591.6820704 1.015815019607544 0.0004386899527162
2451591.7605428044 1.0214452743530273 0.00043984610238105
2451591.8390152035 1.0185658931732176 0.0004392422852106
2451591.918182043 1.009894609451294 0.0004375691933091
2451591.9973488767 1.001317024230957 0.0004359518061392
2451592.075821258 0.9385749101638794 0.00042348184797445
2451592.149432514 0.9975535869598389 0.00043522218766150003
2451592.2334604496 1.0062614679336548 0.0004368153167888
2451592.312627259 1.0149794816970823 0.0004385321226436
2451592.391794062 1.0198830366134644 0.0004395041032694
2451592.470960859 1.018261432647705 0.0004391109687276
2451592.5487387585 1.0110615491867063 0.0004376132856123
2451592.628599988 1.0011405944824219 0.0004356997524155
2451592.70707232 0.9551210403442384 0.0004266842734068
2451592.785544645 0.9577223360538483 0.0004272927471902
2451592.8640169636 1.0024263858795166 0.0004361236351542
2451592.9431837206 1.012719750404358 0.0004382194310892
2451593.02235047 1.0207835435867307 0.000439682858996
2451593.1008227672 1.020021677017212 0.00043959905451624996
2451593.1792950574 1.0116662979125977 0.0004380058671813
2451593.258461785 1.003077745437622 0.0004363470652606
2451593.337628505 0.946631610393524 0.0004251925856806
2451593.4167952174 0.9814668893814088 0.0004321939195506
2451593.4952674764 1.0040532350540161 0.0004365535714896
2451593.5737397275 1.012486696243286 0.0004381421604193
2451593.652906415 1.018845558166504 0.0004394440620671
2451593.7320730938 1.0189762115478516 0.0004394482239149
2451593.8105453188 1.0129072070121765 0.0004382633342174
2451593.8890175354 1.003401517868042 0.0004363348416518
2451593.9681841866 0.9849612712860109 0.0004328305076342
2451594.047350828 0.9316824674606324 0.0004221258568577
2451594.1265174598 1.0000433921813965 0.0004357794532552
2451594.204989637 1.0103859305381775 0.00043779924453695
2451594.2834618036 1.0191519260406494 0.0004395169380586
2451594.362628403 1.0203373432159424 0.0004397327138576
2451594.441794991 1.014111042022705 0.000438445364125
2451594.5202671234 1.0049625635147095 0.00043676767381835
2451594.5987392436 0.9723666310310364 0.0004302999295759
2451594.6779057947 0.952809989452362 0.0004264722228981
2451594.757072332 1.0024617910385132 0.0004362698527984
2451594.835544412 1.0100333094596863 0.00043772831850214997
2451594.9140164778 1.017507553100586 0.0004391384136397
2451594.993182971 1.0195131301879885 0.0004395595460664
2451595.072349448 1.0148316621780396 0.0004386419896036
2451595.151515909 1.0050365924835205 0.0004368654335848
2451595.229987909 0.9964711964130399 0.0004352739779278
2451595.308459891 0.9297181963920592 0.0004220295231789
2451595.387626296 0.9976390600204468 0.0004353529657237
2451595.4667926813 1.0067741870880127 0.0004372505936771
2451595.5452646036 1.0175924897193909 0.00043916935101145
2451595.6237365054 1.0204927921295166 0.0004398382734507
2451595.6730418494 1.0185336470603943 0.0004394564311951
2452281.8465487356 1.0203886032104492 0.0004299068823456
2452281.9201614275 1.015466570854187 0.0004267509502824
2452281.9993297914 1.0065239667892456 0.0004229822079651
2452282.0778036923 0.9982510209083556 0.00041957880603145
2452282.1562775895 0.9359023571014404 0.0004057215410284
2452282.2354459423 0.9991676807403564 0.0004172995104454
2452282.314614291 1.0083768367767332 0.0004184158169664
2452282.3937826357 1.017863631248474 0.0004196725785732
2452282.472256517 1.0221505165100098 0.00041999192035285
2452282.550730394 1.0179734230041504 0.0004188490274827
2452282.6298987265 1.0084747076034544 0.000416686059907
2452282.7090670546 0.9979500174522402 0.0004144316771999
2452282.78754092 0.9361401200294495 0.00040215598710345
2452282.8660147805 1.0021356344223022 0.0004150980093982
2452282.9451830965 1.0093891620635986 0.0004164788406342
2452283.0243514082 1.017497420310974 0.0004180857213214
2452283.1035197154 1.020532727241516 0.0004186379374004
2452283.18199356 1.017579734325409 0.00041809344838835
2452283.260467401 1.0092097520828247 0.0004164519777987
2452283.339635696 1.000006318092346 0.0004146816791035
2452283.418803987 0.936230182647705 0.000402067991672
2452283.4972778154 0.987734854221344 0.00041234077070835
2452283.57575164 1.0052900314331057 0.000415740039898
2452283.6549199186 1.0155744552612305 0.0004177216324023
2452283.7340881936 1.021861553192139 0.0004188836028333
2452283.8125620065 1.0200779438018799 0.0004184854187769
2452283.891035815 1.0110619068145752 0.0004168368468526
2452283.970204078 1.002765655517578 0.0004151678294874
2452284.0493723373 0.9364152550697328 0.0004021417698822
2452284.1285405927 0.9995010495185852 0.0004145884595345
2452284.2070143856 1.0073161721229553 0.0004160775570198
2452284.2854881743 1.015815496444702 0.0004177007649559
2452284.364656418 1.0204418897628784 0.0004185640718787
2452284.4438246577 1.0186612606048584 0.0004182578704785
2452284.522298435 1.0113360285758972 0.0004168437153566
2452284.600772209 1.001789689064026 0.0004149846790824
2452284.679940437 0.9598178267478944 0.0004067847621627
2452284.759108661 0.9612122178077696 0.0004070799332112
2452284.8375824234 1.0031208992004395 0.00041516318742645
2452284.9160561822 1.0133978128433228 0.0004171881591901
2452284.995224395 1.0210957527160645 0.0004187087470199
2452285.0743926037 1.0210521221160889 0.0004187040613032
2452285.153560809 1.0137050151824951 0.000417195900809
2452285.232034552 1.0042036771774292 0.0004153711342951
2452285.3105082917 0.9467983245849608 0.0004041322390548
2452285.3896764857 0.9769136309623718 0.0004100225341971
2452285.4688446755 1.0057169198989868 0.0004157181247137
2452285.5473184036 1.0137521028518677 0.00041723230970090004
2452285.6257921285 1.0197975635528564 0.0004183657292742
2452285.704960307 1.0199948549270628 0.000418354262365
2452285.784128482 1.0134482383728027 0.0004171756154391
2452285.8626021952 1.0045410990715027 0.0004153787740506
2452285.9410759048 0.9875649213790892 0.000412181194406
2452286.0202440685 0.9363378882408142 0.0004020191554445
2452286.0994122284 1.0007243156433103 0.0004146733263041
2452286.1785803842 1.0106210708618164 0.0004166139115113
2452286.257054079 1.0198169350624084 0.00041840126505115
2452286.3355277698 1.0218126773834229 0.0004187768208794
2452286.414695915 1.0153751373291016 0.0004175078356638
2452286.4938640557 1.0060460567474363 0.0004157912626396
2452286.5723377354 0.9747212529182434 0.0004096425400348
2452286.6508114114 0.9470548033714294 0.0004041209758725
2452286.729979541 1.003872632980347 0.0004152073233854
2452286.804286467 1.0116420984268188 0.00041667364712335
2452286.887621332 1.0187342762947083 0.0004181775584584
2452286.966094993 1.0205292701721191 0.0004185565339867
2452287.045263108 1.0153363943099976 0.0004175421781837
2452287.1244312185 1.006675124168396 0.0004159183881711
2452287.2035993254 0.998486578464508 0.0004143232654314
2452287.2820729716 0.9362052977085114 0.00040210288716474997
2452287.360546614 0.998950183391571 0.0004144516715314
2452287.4397147098 1.0077600479125977 0.0004160892858635
2452287.5188828018 1.0178604125976562 0.0004181048716418
2452287.5973564326 1.0219469666481018 0.0004188294260529
2452287.6758300597 1.0182324647903442 0.0004180834803264
2452287.75499814 1.0084247589111328 0.0004162648983765
2452287.8341662167 0.9992781281471252 0.0004144494305364
2452287.912639833 0.935943305492401 0.00040200904186345
2452287.991113445 1.0016348361968994 0.0004149236192461
2452288.07028151 1.0097352266311643 0.0004164798301644
2452288.149449571 1.0175939798355105 0.0004179857496637
2452288.228617628 1.0204253196716309 0.0004185454454272
2452288.307091225 1.017408549785614 0.00041796387813515
2452288.3855648176 1.0085291862487793 0.0004162574477959
2452288.464732863 1.0004074573516843 0.0004147084546275
2452288.5439009047 0.9367235898971557 0.0004022136563435
2452288.622374486 0.9871798157691956 0.00041206805326510004
2452288.7008480635 1.0054311752319336 0.0004156538343522
2452288.780016093 1.0152925252914429 0.000417576637119
2452288.859184119 1.021897315979004 0.0004188154125586
2452288.937657684 1.020018756389618 0.00041843231883825
2452289.016131246 1.0115933418273924 0.0004167731385678
2452289.0952992598 1.0021519660949707 0.0004150019667576
2452289.17446727 0.9358355402946472 0.0004019225889351
2452289.2536352756 0.9990237951278688 0.0004144200647715
2452289.332108821 1.0072306990623474 0.00041604126454325
2452289.4105823627 1.015580654144287 0.0004176012298557
2452289.489750356 1.020252346992493 0.0004184711433481
2452289.5689183455 1.0187094211578367 0.0004181449185125
2452289.647391875 1.0115821957588196 0.00041680634603830004
2452289.7258654 1.0020151138305664 0.0004149805754423
2452289.805033377 0.96090567111969 0.0004068924463354
2452289.8842013497 0.9597368836402892 0.0004066544934175
2452289.9626748622 1.002932369709015 0.00041513647011015
2452290.0411483706 1.0132848024368286 0.0004171285545453
2452290.120316331 1.0211615562438965 0.0004186536825727
2452290.1994842864 1.0212212800979614 0.0004186506266705
2452290.2786522377 1.0136864185333252 0.000417193834437
2452290.357125729 1.0042039155960083 0.0004153988702455
2452290.435599216 0.9475469589233398 0.0004041945503558
2452290.5147671537 0.9749507308006288 0.0004096081538591
2452290.5939350873 1.0054008960723877 0.0004155607603024
2452290.672408561 1.0139238238334656 0.00041721256275195
2452290.7508820305 1.0196083784103391 0.0004183138953521
2452290.8300499506 1.0197237730026243 0.0004183218989055
2452290.909217866 1.0132043361663818 0.000417163624661
2452290.9876913214 1.0041961669921875 0.0004153367772232
2452291.066164772 0.9879153966903688 0.0004122082609683
2452291.1453326736 0.9358273148536682 0.0004019133921246
2452291.2245005704 1.000795602798462 0.000414728448959
2452291.303668462 1.0105828046798706 0.0004166446451563
2452291.3821418937 1.0197588801383972 0.00041829652036534995
2452291.4606153206 1.021924376487732 0.0004187317099422
2452291.539783198 1.016021966934204 0.0004175995418336
2452291.6189510697 1.0061801671981812 0.000415715330746
2452291.6974244816 0.9758517444133759 0.00040977419121185
2452291.7758978885 0.9460784792900084 0.000403829064453
2452291.8550657453 1.0033764839172363 0.0004151064786128
2452291.934233597 1.0120563507080078 0.0004167176957707
2452292.0127069885 1.018661618232727 0.00041800928011065
2452292.0911803744 1.0203174352645874 0.000418322335463
2452292.17034821 1.0157514810562132 0.0004174330970272
2452292.24951604 1.006340742111206 0.0004155279020778
2452292.328683865 0.9983327984809875 0.000414049020037
2452292.4071572293 0.9361970722675323 0.00040169728163155
2452292.485630589 0.9989226460456848 0.0004139323136769
2452292.564798398 1.0079314708709717 0.0004158086667302
2452292.6439662017 1.0183416604995728 0.0004177009686827
2452292.722439546 1.0220633149147034 0.0004186896258033
2452292.800912886 1.0182833671569824 0.0004179654060862
2452292.848135779 1.0129549503326416 0.0004170292231719
2452294.8759445115 0.9998477697372437 0.0004275935352779
2452294.9301120494 0.9616411328315736 0.0004186269070487
2452295.0092799864 0.9599023461341858 0.0004159036907367
2452295.0884479196 1.0031967163085935 0.0004219854017719
2452295.166921394 1.013432741165161 0.000421944365371
2452295.245394864 1.0212727785110471 0.0004222644784022
2452295.3245627857 1.0217653512954712 0.0004215710505377
2452295.403730703 1.0140097141265867 0.0004193531349301
2452295.4822041616 1.0044505596160889 0.0004171291802776
2452295.560677615 0.9479419589042664 0.0004059004713781
2452295.63984552 0.9750869274139404 0.0004108743742108
2452295.7190134204 1.0053846836090088 0.0004164398706052
2452295.7974868612 1.0138749480247498 0.0004177001974312
2452295.875960298 1.0199354887008667 0.0004186211735941
2452295.955128185 1.020248532295227 0.0004185718426015
2452296.0342960684 1.013933181762695 0.000417293224018
2452296.113463947 1.004683494567871 0.0004155357310082
2452296.1919373665 0.9888016283512115 0.00041247418266715
2452296.2704107813 0.9367504119873048 0.0004022220673505
2452296.349578647 1.001044750213623 0.0004148062726017
2452296.4287465084 1.0105838775634763 0.0004168162995483
2452296.5072199106 1.019858956336975 0.0004185002035228
2452296.5856933086 1.0223759412765503 0.0004188966704532
2452296.664861157 1.016401290893555 0.0004177866503596
2452296.744029001 1.006574273109436 0.0004159526142757
2452296.822502386 0.977209687232971 0.00041016250906975
2452296.900975767 0.946291446685791 0.0004040474013891
2452296.9801435983 1.003551006317139 0.0004153025802224
2452297.0593114253 1.0116326808929443 0.0004169068415649
2452297.138479248 1.019246220588684 0.0004183528071735
2452297.2169526117 1.0206866264343262 0.00041861453792075003
2452297.2954259715 1.0160057544708252 0.0004177135415375
2452297.3738993276 1.0068131685256958 0.0004160015378147
2452297.4537615874 0.9986604452133178 0.0004143297846894
2452297.532234935 0.9364315569400786 0.00040210699080485
2452297.610708278 0.9989088773727418 0.0004144224512856
2452297.689876071 1.0080476999282837 0.0004161541000939
2452297.76904386 1.018115758895874 0.0004181143885944
2452297.847517191 1.0224339962005615 0.0004189105238765
2452297.9259905177 1.0185893774032593 0.0004181804542895
2452298.005158294 1.0091544389724731 0.0004162763943895
2452298.0843260665 1.000263214111328 0.0004145708517171
2452298.163493835 0.9364739656448364 0.0004020796332042
2452298.241967145 1.0022050738334656 0.00041499262442810003
2452298.3204404507 1.009650707244873 0.0004164406273048
2452298.3996082065 1.0174952745437622 0.0004179012903477
2452298.4787759585 1.0208733081817627 0.0004185767029412
2452298.5572492518 1.0180054903030393 0.00041790709656195
2452298.6357225417 1.0096751451492307 0.0004163779085502
2452298.7148902807 1.0003798007965088 0.0004146469000261
2452298.794058016 0.9365057349205016 0.0004021243366878
2452298.8725312934 0.9856836199760436 0.00041174486977975
2452298.9510045666 1.005348563194275 0.0004155527276452
2452299.03017229 1.0159168243408203 0.0004174940986558
2452299.1093400083 1.0221972465515137 0.0004187031008768
2452299.188507723 1.0200847387313845 0.0004183103446848
2452299.2669809796 1.011539101600647 0.00041668454650785
2452299.345454233 1.002596735954285 0.0004149794986005
2452299.424621935 0.9367544054985046 0.0004020535561721
2452299.5037896335 0.9995256662368774 0.0004142594116274
2452299.5829573274 1.007269263267517 0.0004157697840128
2452299.6607361105 1.015981674194336 0.0004174463101662
2452299.7392093427 1.0202882885932922 0.00041831019916569996
2452299.814210305 1.0192933678627014 0.0004181236872682
2452299.8975447025 1.0113122463226318 0.00041677398257885005
2452299.9760179226 1.002618432044983 0.0004150228633079
2452300.0551855923 0.9629110097885132 0.0004072915762662
2452300.1343532573 0.957219123840332 0.0004061057989019
2452300.2135209185 1.0032427310943604 0.0004152017645537
2452300.2919941223 1.0133708715438843 0.00041714320832390004
2452300.370467322 1.021297812461853 0.0004186715523246
2452300.449634971 1.0214130878448486 0.0004186570295132
2452300.528802615 1.013833999633789 0.0004172483168076
2452300.6072758026 1.0045141577720642 0.00041539105586705
2452300.685748986 0.9488823413848878 0.0004045001987833
2452300.7649166184 0.9744158387184144 0.0004095306503586
2452300.844084246 1.0056118965148924 0.0004156230424996
2452300.922557417 1.0134305953979492 0.00041716513806015
2452301.001030584 1.0199565887451172 0.00041837914614
2452301.080198199 1.020127534866333 0.0004184337158221
2452301.15936581 1.013911247253418 0.0004172436019871
2452301.238533417 1.0045872926712036 0.0004154035705141
2452301.317006567 0.9893498122692107 0.0004124299739487
2452301.395479713 0.937070906162262 0.0004021335917059
2452301.4746473073 1.0009971857070925 0.000414635404013
2452301.553814897 1.010709762573242 0.0004166314029134
2452301.6322880303 1.0199508666992188 0.00041843001963565
2452301.710761159 1.0220398902893066 0.0004187800223007
2452301.789928736 1.016204833984375 0.0004176486108917
2452301.869096309 1.00661039352417 0.0004158018273301
2452301.9482638775 0.9763794541358948 0.0004099749494343
2452302.026736989 0.9465528130531312 0.0004040043131681
2452302.105210097 1.0037081241607666 0.0004151498142164
2452302.184377652 1.0116950273513792 0.0004167703737039
2452302.263545203 1.0190398693084717 0.0004181857511866
2452302.342018298 1.0205389261245725 0.00041847981628959996
2452302.4204913876 1.0158207416534424 0.0004175725916866
2452302.4996589255 1.0070477724075315 0.0004158453375566
2452302.578826459 0.9987111687660216 0.0004142379912082
2452302.6572995353 0.9359364211559296 0.0004017991595901
2452302.735772608 0.9987463951110842 0.0004142507677897
2452302.814940128 1.00788414478302 0.0004160101525485
2452302.894107643 1.0181269645690916 0.0004178996605332
2452302.973275154 1.0221321582794187 0.0004187556623946
2452303.0517482082 1.01836359500885 0.00041800274630075
2452303.130221258 1.0088753700256348 0.0004161633842159
2452303.209388755 1.000213623046875 0.0004144646809436
2452303.2885562466 0.9361988306045532 0.0004019267798867
2452303.3670292823 1.0020382404327393 0.0004148418665863
2452303.4455023133 1.0098073482513428 0.0004163506091572
2452303.5246697916 1.01748788356781 0.0004178383678663
2452303.6038372642 1.0206552743911743 0.0004184599383734
2452303.6823102813 1.0176105499267578 0.0004177676310064
2452303.7607832933 1.009313464164734 0.000416167313233
2452303.8399507515 1.0007903575897217 0.0004145568236708
2452303.919118205 0.9385018348693848 0.0004024207300972
2452303.9982856535 0.9848501086235046 0.0004115233605261
2452304.0767586455 1.005055844783783 0.0004154740017838
2452304.1552316328 1.0156829357147217 0.0004175273352302
2452304.235093517 1.0221247673034668 0.00041871450957835
2452304.313566494 1.020371437072754 0.0004182609263807
2452304.392039465 1.011402189731598 0.0004166427388554
2452304.4705124316 1.002263426780701 0.0004148957959841
2452304.5496798437 0.936478555202484 0.0004018886538688
2452304.6288472502 0.9984919428825376 0.000414013309637
2452304.7073202003 1.0077481269836426 0.000415819522459
2452304.785793145 1.015762448310852 0.0004173683119006
2452304.864960535 1.020193099975586 0.0004183178534731
2452304.9441279196 1.0191714763641355 0.0004180807445663
2452305.023295298 1.0115734338760376 0.000416617403971
2452305.102462671 1.002288818359375 0.0004147900617681
2452305.1823244886 0.9604193866252898 0.0004066203400725
2452305.2580195977 0.955551266670227 0.0004054940363857
2452305.3385758544 1.0030677318572998 0.0004149435844738
2452305.417743204 1.0133076906204224 0.0004168955492787
2452305.4948271974 1.0210922956466675 0.0004183861019555
2452305.5760778873 1.0214486122131348 0.0004185159050393
2452305.6545507703 1.0137394666671753 0.00041701221198305
2452305.7309402977 1.004806399345398 0.00041530998714725
2452305.808024271 0.9539198279380798 0.0004053613229189
2452305.8899693913 0.9725465178489684 0.0004091885930392
2452305.959414406 1.004301071166992 0.0004152665787842
2452308.136518479 1.0213541984558105 0.0005007615836802499
2452308.176796655 1.018665611743927 0.00049617644981475
2452308.25526965 1.0092585086822508 0.0004885565140284
2452308.334437092 1.0013309717178345 0.0004792265244759
2452308.4136045296 0.9359854459762572 0.0004600836255121
2452308.4920775117 1.0022745728492737 0.00046734756324435004
2452308.5705504892 1.0101187229156494 0.000467054080218
2452308.6497179135 1.0176750421524048 0.0004667674365919
2452308.7288853335 1.0212126970291135 0.0004637543170247
2452308.8080527484 1.018290877342224 0.0004568874137476
2452308.8865257083 1.0096595883369446 0.00045172622776585
2452308.9649986634 1.0010141134262085 0.0004467298276722
2452309.0441660653 0.9400259256362916 0.000432022527093
2452309.1233334625 0.9858239293098447 0.0004363354237284
2452309.201806404 1.0054583549499512 0.0004363640036899
2452309.2802793416 1.015445590019226 0.0004358118167147
2452309.3594467253 1.0222700834274292 0.0004343889304436
2452309.4386141044 1.02043879032135 0.0004314545949455
2452309.5170870284 1.0118603706359863 0.00042877586383835
2452309.5955599477 1.0030406713485716 0.0004261649155523
2452309.6747273137 0.9366719722747802 0.0004126874264329
2452309.753894675 0.9977808594703672 0.0004236249369569
2452309.833062032 1.0078221559524536 0.0004247250617481
2452309.9115349334 1.0158194303512573 0.00042573723476375003
2452309.9900078312 1.0205764770507812 0.0004262027796357
2452310.0691751745 1.0189924240112305 0.0004256107204128
2452310.1483425135 1.011814832687378 0.0004238966212142
2452310.226815398 1.002733051776886 0.0004219505062792
2452310.305288278 0.9646821022033693 0.0004146093851886
2452310.384455604 0.9565547704696656 0.0004128639993723
2452310.463622926 1.0032116174697876 0.0004216687812004
2452310.5420957925 1.012768805027008 0.00042343644599890005
2452310.6205686554 1.0213834047317505 0.0004250151396263
2452310.6997359637 1.0218011140823364 0.000425068748882
2452310.778903268 1.0141029357910156 0.0004236774111632
2452310.8580705677 1.004219889640808 0.0004218075191602
2452310.9365434134 0.9504139125347136 0.000411557368352
2452311.0150162545 0.9704596400260924 0.0004155113128945
2452311.0941835414 1.0051498413085935 0.0004219972761347
2452311.173350824 1.0134253501892088 0.0004235173109918
2452311.2518236525 1.0197060108184814 0.00042474118527019997
2452311.3302964764 1.0198768377304075 0.0004247766337357
2452311.409463746 1.014076590538025 0.0004236506065353
2452311.4886310115 1.0043363571166992 0.0004218525718897
2452311.5671038227 0.9904854893684385 0.00041926059930115
2452311.64557663 0.9366608262062072 0.000408959633205
2452311.7247438827 1.0009089708328247 0.0004212377825751
2452311.8039111304 1.0105053186416624 0.0004229988262522
2452311.8830783744 1.019850254058838 0.0004247189790476
2452311.9615511647 1.021758794784546 0.0004251335485605
2452312.0400239504 1.016241192817688 0.0004241138813085
2452312.119191182 1.0068352222442627 0.0004222733550705
2452312.1983584086 0.9787330031394958 0.0004169856547378
2452312.2768311817 0.9453645050525665 0.0004106663254788
2452312.3553039506 1.0030972957611084 0.0004216209927108
2452312.434471165 1.011343479156494 0.000423185119871
2452312.5136383744 1.0186012983322144 0.0004245605377946
2452312.5928055802 1.0202893018722534 0.0004248175537213
2452312.6712783324 1.0155802965164185 0.00042398691584815003
2452312.74975108 1.0069432258605957 0.000422340381192
2452312.8282238236 0.9988242387771606 0.0004208228929201
2452312.9080854612 0.9362601041793824 0.0004088891437277
2452312.985863747 0.9984745979309082 0.0004207955789752
2452313.0691976207 1.0080745220184326 0.0004225849406793
2452313.144198103 1.017574429512024 0.0004243644070811
2452313.2233652743 1.022059202194214 0.0004252079816069
2452313.301837992 1.0181787610054016 0.00042442666017445004
2452313.3803107063 1.009190320968628 0.0004228254256304
2452313.4594778647 1.00046169757843 0.0004211874620523
2452313.538645019 0.9357855319976808 0.0004087559354957
2452313.617812169 1.0016566514968872 0.0004214338841848
2452313.6962848655 1.009004831314087 0.00042275132727805
2452313.774757558 1.016629934310913 0.0004242412978783
2452313.853924695 1.0203158855438232 0.0004249259654898
2452313.9330918277 1.017131805419922 0.0004243053845129
2452314.0115645076 1.0088228583335876 0.00042277175816705004
2452314.0900371834 1.00031316280365 0.0004211277991998
2452314.169204303 0.9379307031631468 0.0004092280287295
2452314.248371418 0.9840822219848634 0.0004180552496109
2452314.3268440804 1.0048412680625913 0.00042204579222014996
2452314.405316739 1.0149273872375488 0.0004239070112816
2452314.4844838413 1.0216262340545654 0.0004251311765983
2452314.563650939 1.0199456214904783 0.0004248407203704
2452314.6428180328 1.011341571807861 0.0004231702769175
2452314.7212906736 1.0023153424263 0.00042159039003305
2452314.79976331 0.9356550574302672 0.000408862135373
2452314.8789303903 0.9970001578330993 0.0004205334698781
2452314.958097466 1.006677269935608 0.0004223792348057
2452315.0365700894 1.0148808360099792 0.00042397840297775
2452315.1150427083 1.0201939344406128 0.0004249284102115
2452315.1942097708 1.0187174081802368 0.0004246154276188
2452315.2733768285 1.0111799240112305 0.0004232174251228
2452315.351849434 1.002152442932129 0.0004215548251522
2452315.4303220357 0.9649265408515928 0.000414544774685
2452315.50948908 0.954925000667572 0.0004125561681576
2452315.5886561195 1.0023890733718872 0.000421595206717
2452315.667823155 1.0126212835311887 0.0004234741791151
2452315.746295738 1.0204155445098877 0.00042500684503460004
2452315.8247683165 1.0209535360336304 0.0004251167993061
2452315.9039353384 1.013630986213684 0.000423739751568
2452315.983102355 1.00407338142395 0.0004219538823235
2452316.06157492 0.9508066475391388 0.0004118211800232
2452316.14004748 0.970423936843872 0.0004154852358624
2452316.2192144827 1.0047067403793335 0.0004220028640702
2452316.298381481 1.0129904747009275 0.0004235813685227
2452316.3768540267 1.0190889239311218 0.00042477974784555
2452316.4553265683 1.0194232463836668 0.0004248533514328
2452316.534493552 1.0135018825531004 0.0004236930981278
2452316.613660531 1.0041378736495972 0.0004220273694954
2452316.692827505 0.9888787269592284 0.0004190759500488
2452316.771300027 0.9354687035083771 0.00040895934216675
2452316.849772544 1.0000841617584229 0.0004212065250612
2452316.9289395036 1.0097187757492063 0.0004229739133734
2452317.008106458 1.0187186002731323 0.000424704310717
2452317.0865789605 1.0212318301200867 0.0004251945356372
2452317.1650514575 1.0154337882995603 0.0004241835267748
2452317.2442183965 1.0059311389923096 0.000422335404437
2452317.3233853304 0.9787495732307434 0.0004173149354755
2452317.402552259 0.942187249660492 0.0004102117673028
2452317.481024736 1.0025315880775452 0.00042162209865635
2452317.5594972074 1.0103099346160889 0.0004232342762406
2452317.6386641203 1.01771080493927 0.0004245598684065
2452317.717831028 1.0198392868041992 0.0004249341436661
2452317.7963034837 1.0148108005523682 0.00042397809738755
2452317.8747759336 1.0058828592300415 0.00042234416469
2452317.953942825 0.9982436299324036 0.0004208301543258
2452318.0331097106 0.9353160858154298 0.0004088415880687
2452318.111582144 0.9976780116558074 0.0004207759338896
2452318.190054572 1.006250023841858 0.0004223677678965
2452318.269221441 1.0164461135864256 0.0004243328294251
2452318.3483883035 1.0209250450134275 0.0004251748032402
2452318.427555161 1.0179170370101929 0.000424597878009
2452318.5060275663 1.0078468918800354 0.0004227231111144
2452318.5844999664 0.999390959739685 0.0004210977058392
2452318.6636668066 0.934894561767578 0.0004088518035132
2452318.742833641 1.0004525184631348 0.0004212991334497
2452318.8206115784 1.0077224969863892 0.000422735203756
2452318.899778403 1.0160752534866333 0.0004242393188178
2452318.978945222 1.0193710327148435 0.0004249333287589
2452319.0254730876 1.0189146399497984 0.00042477188981135004
2452321.353952039 1.0056654214859009 0.0004899304476566
2452321.423396714 1.0135254859924316 0.0004848367825616
2452321.50256364 1.0193802118301392 0.0004856761661358
2452321.581036115 1.0197286009788513 0.0004873408324783
2452321.6595085855 1.013627290725708 0.0004839218163397
2452321.7386754984 1.0045111179351809 0.0004766708880197
2452321.817842407 0.9911711812019348 0.0004716196272056
2452321.896314865 0.9361137449741364 0.0004611282201949
2452321.9747873177 1.0000935792922971 0.0004680368001572
2452322.0539542125 1.0101193189620972 0.0004655661759898
2452322.133121103 1.0196369886398315 0.0004624399589374
2452322.212287989 1.0220831632614136 0.0004589687450788
2452322.2907604245 1.016090750694275 0.00045306509127835
2452322.369232855 1.0067129135131836 0.0004453547880984
2452322.448399727 0.9817169904708862 0.0004363101324997
2452322.5275665955 0.9425548911094664 0.0004277089901734
2452322.6060390123 1.002737820148468 0.0004380235332064
2452322.684511425 1.010990023612976 0.0004374339769128
2452322.7636782792 1.0182317495346067 0.0004360466264188
2452322.842845129 1.0199875831604004 0.0004345006600487
2452322.921317528 1.0158665180206299 0.0004321313463151
2452322.999789923 1.0072331428527832 0.0004293450328987
2452323.078956759 0.9985413551330566 0.0004263703885953
2452323.158123591 0.9351924657821656 0.0004133310285396
2452323.2372904182 0.9979190826416016 0.0004241587594151
2452323.315762795 1.0069544315338135 0.00042511535866645
2452323.3942351677 1.0172600746154783 0.0004261490248609
2452323.4734019814 1.0217753648757937 0.0004265006282366
2452323.552568791 1.018366813659668 0.000425640551839
2452323.6310411505 1.0090697407722473 0.00042366600246165
2452323.7095135055 1.0007300376892088 0.0004218950343783
2452323.7886803015 0.935959815979004 0.0004092342569492
2452323.867847093 1.0013593435287476 0.0004215415974613
2452323.946319435 1.0089842677116394 0.00042284819937774996
2452324.0247917725 1.01686954498291 0.0004243013099767
2452324.103958551 1.020171046257019 0.0004249056219123
2452324.183125325 1.0173256397247314 0.0004243763396516
2452324.262292095 1.0089963674545288 0.0004227794706821
2452324.340764415 1.0001706182956696 0.00042116298573085
2452324.4185422854 0.9414199888706205 0.0004099512734683
2452324.4984034873 0.9814237356185912 0.0004177301598247
2452324.5775702395 1.0044162273406982 0.0004219355469103
2452324.6560425423 1.0145846009254453 0.0004238284745952
2452324.734514841 1.021135330200195 0.0004251055943313
2452324.81368158 1.0197274684906004 0.0004248178156558
2452324.892848315 1.0112624168395996 0.0004231605271343
2452324.9713206007 1.0019567012786865 0.00042144670442205
2452325.049792882 0.9359498023986816 0.0004088560817763
2452325.128959604 0.9948917627334594 0.000420137977926
2452325.208126322 1.0064135789871216 0.000422282522777
2452325.287293035 1.014490008354187 0.0004238986002746
2452325.3657652996 1.0196537971496582 0.00042474109795875
2452325.4442375596 1.0183098316192627 0.0004245375166647
2452325.5234042597 1.0109118223190308 0.0004231073253322
2452325.602570956 1.0021175146102903 0.0004215031804051
2452325.681043203 0.9653239548206327 0.00041462363151365
2452325.760209891 0.9533475339412689 0.00041234254604200003
2452325.8386821295 1.0022586584091189 0.0004216546658426
2452325.917848808 1.0119754076004028 0.0004235582600813
2452325.997015483 1.0206046104431152 0.0004252147045917
2452326.0754877087 1.0207875967025757 0.00042531084909565
2452326.153959931 1.0138570070266724 0.0004240685666445
2452326.2331265924 1.004428505897522 0.0004223414871376
2452326.3171543605 0.9457324445247649 0.00041119600064120005
2452326.390765459 0.9687851667404175 0.0004157430521445
2452326.4692376633 1.0046783685684204 0.0004226577584631
2452326.548404308 1.013237237930298 0.0004242455761414
2452326.6275709486 1.019404411315918 0.0004254447121638
2452326.70604314 1.019777536392212 0.00042558577843005
2452326.7845153282 1.0138051509857176 0.0004244602459948
2452326.8636819553 1.0043985843658447 0.0004227573517709
2452326.9428485786 0.9918342828750608 0.0004204695578664
2452327.0220151977 0.9365609288215636 0.0004098739300388
2452327.100487368 1.0002839565277097 0.00042205922363785
2452327.1789595345 1.009499192237854 0.0004238446708768
2452327.25812614 1.0191107988357544 0.0004256850224919
2452327.337292742 1.0219476222991943 0.0004261661379132
2452327.4157648953 1.0165701508522034 0.00042514380766075
2452327.4942370444 1.0069687366485596 0.0004233418148942
2452327.5734036327 0.9820988178253172 0.0004186841251794
2452327.6525702174 0.9418541193008424 0.0004109435249119
2452327.7310423534 1.0029084086418152 0.00042259351175735
2452327.8095144853 1.0111743211746216 0.0004241051792632
2452327.8886810564 1.0182709693908691 0.0004253868246451
2452327.9678476234 1.020318865776062 0.0004257608670741
2452328.0470141857 1.0160545110702517 0.0004249610938131
2452328.1254863003 1.0069053173065186 0.0004232769715599
2452328.2039584103 0.9987544417381288 0.0004216892120894
2452328.2831249596 0.9360575079917908 0.0004097253549844
2452328.3622915046 0.998240292072296 0.0004215118533466
2452328.4407636016 1.0071585178375244 0.0004232572682667
2452328.5192356943 1.017019271850586 0.0004250908386893
2452328.598402226 1.0218043327331543 0.0004259502748027
2452328.677568753 1.0179343223571775 0.0004252597282174
2452328.756040832 1.0089321732521057 0.00042353215394534997
2452328.834512907 1.0002007484436035 0.0004218615358695
2452328.9136794205 0.93610280752182 0.0004095418844372
2452328.9928459297 1.0012850761413574 0.0004220094997435
2452329.0720124342 1.008519411087036 0.0004233771760482
2452329.150484491 1.0165875554084778 0.0004248710320098
2452329.228956544 1.0200263261795044 0.0004254920349922
2452329.308123035 1.0171321630477903 0.0004249607154633
2452329.387289521 1.008955955505371 0.0004234235384501
2452329.46576156 1.0001638531684873 0.00042170575761695
2452329.544233594 0.9398971796035768 0.0004103679675608
2452329.623400066 0.9804736375808716 0.0004180668620392
2452329.702566534 1.0041645765304563 0.0004225180309731
2452329.781732997 1.014867067337036 0.0004244601877871
2452329.8602050124 1.0213562846183777 0.00042565957119215
2452329.938677023 1.0196677446365356 0.0004253833030816
2452330.017843472 1.0112204551696775 0.0004238079418428
2452330.0970099154 1.0018962621688845 0.000421967706643
2452330.175481912 0.935047835111618 0.00040913974225985
2452330.253953904 0.9937286376953124 0.0004203562857583
2452330.333120333 1.0063172578811643 0.0004228001052979
2452330.4122867575 1.0147582292556765 0.000424394645961
2452330.4907587348 1.0195847153663635 0.00042530192877165
2452330.569230707 1.0185213088989256 0.0004250944475643
2452330.648397116 1.0113050937652588 0.0004237670800648
2452330.72756352 1.0020297765731812 0.0004219574620947
2452330.8067299193 0.9658212661743164 0.0004150661698076
2452330.8852018714 0.9526219367980957 0.00041268297354685
2452330.963673818 1.0018389225006104 0.0004220138362143
2452331.0428402014 1.0113426446914673 0.0004238193214405
2452331.12200658 1.0199460983276367 0.0004254052764736
2452331.200478511 1.0209203362464905 0.00042554704123174997
2452331.2789504365 1.0135716199874876 0.0004241895803716
2452331.3581167986 1.0041136741638184 0.0004223995783831
2452331.437283155 0.9526000022888184 0.0004127416177652
2452331.515755065 0.9670756459236144 0.00041545920248605003
2452331.594226969 1.0043940544128416 0.0004225068551022
2452331.673393309 1.0126296281814575 0.0004241015412844
2452331.7525596437 1.0188428163528442 0.0004253115039318
2452331.8317259727 1.019158959388733 0.0004254096420481
2452331.910197855 1.0131500363349915 0.0004243131843395
2452331.9886697317 1.004014492034912 0.0004226782475598
2452332.0678360444 0.9917234182357788 0.0004203435964882
2452332.147002352 0.93583345413208 0.0004097557102795
2452332.2254742132 0.9996862709522246 0.0004219949332764
2452332.3039460694 1.0088855028152464 0.0004238186811562
2452332.3817234808 1.0184463262557983 0.0004257290565874
2452332.4622786525 1.02102792263031 0.0004262208531145
2452332.5414449396 1.0156513452529907 0.0004255060630384
