2451517.4024764197 1.0012969374656677 8.825164695736021e-05
2451517.4795613955 1.0010032653808592 8.786806574789806e-05
2451517.558729783 0.999533236026764 8.755308954278006e-05
2451517.637898198 0.9965074062347412 8.730794070288539e-05
2451517.716372174 0.9936127364635468 8.70843359734863e-05
2451517.794846168 0.9911802411079408 8.688028174219653e-05
2451517.874014634 0.9900862574577332 8.676469587953761e-05
2451517.953877571 0.9897710680961609 8.67098497110419e-05
2451518.032351595 0.9902543425559996 8.669771341374144e-05
2451518.1108256243 0.991687148809433 8.672151670907624e-05
2451518.1892996575 0.993228018283844 8.676105790073053e-05
2451518.269162615 0.9947786629199983 8.68039824126754e-05
2451518.3483311124 0.9971554577350616 8.688059824635275e-05
2451518.4261106905 0.9993344545364378 8.695371798239648e-05
2451518.5045847283 1.0024225711822508 8.708015229785815e-05
2451518.5837532263 1.0054209232330322 8.71926240506582e-05
2451518.662921722 1.0075899362564087 8.729764522286133e-05
2451518.7420902164 1.00942325592041 8.736444578971714e-05
2451518.820564248 1.0105999112129211 8.741282363189384e-05
2451518.8990382766 1.0113909244537351 8.744577644392848e-05
2451518.978206763 1.01144540309906 8.744735532673076e-05
2451519.0573752457 1.009589672088623 8.7364373030141e-05
2451519.1358492645 1.0055383443832397 8.719509787624702e-05
2451519.2143232794 0.9991422295570372 8.692386472830548e-05
2451519.293491751 0.9928163886070251 8.665800851304083e-05
2451519.3726602183 0.9874072670936584 8.642830653116107e-05
2451519.451828681 0.9839097261428832 8.627982606412842e-05
2451519.530302679 0.9830124676227567 8.624210022389889e-05
2451519.6087766727 0.9838744997978208 8.627335773780942e-05
2451519.687945122 0.9866207242012026 8.63952882355079e-05
2451519.767113566 0.991300404071808 8.659097511554138e-05
2451519.845587545 0.9955761432647704 8.677737787365913e-05
2451519.92336706 0.9999270737171173 8.696423901710659e-05
2451520.0032299487 1.0040591955184937 8.713690476724878e-05
2451520.0823983727 1.008223295211792 8.730933768674731e-05
2451520.1615667916 1.0111202001571655 8.742871432332322e-05
2451520.240040745 1.012091040611267 8.747401079745032e-05
2451520.318514694 1.0114462375640867 8.744551450945438e-05
2451520.3976830966 1.0096763372421265 8.737518510315566e-05
2451520.4719902766 1.0071346163749697 8.72733216965571e-05
2451520.555325426 1.0038658380508423 8.71272677613888e-05
2451520.633799353 1.001322627067566 8.702871855348349e-05
2451520.712967734 0.9984837770462036 8.690705726621673e-05
2451520.792136109 0.9957743287086488 8.679524762555955e-05
2451520.8713044785 0.9935227036476136 8.669520320836455e-05
2451520.949778383 0.9903784692287444 8.657329817651771e-05
2451521.0282522817 0.988747239112854 8.650394011056049e-05
2451521.1074206345 0.9880101680755616 8.647319191368295e-05
2451521.1865889807 0.988658607006073 8.650454401504248e-05
2451521.265757322 0.9907726645469664 8.659690502099693e-05
2451521.3442311976 0.9942600429058076 8.674533091834746e-05
2451521.422705068 0.9984980225563048 8.692850678926332e-05
2451521.5018733907 1.002536654472351 8.709820394869892e-05
2451521.581041708 1.0065817832946775 8.72735326993279e-05
2451521.6595155606 1.0096780657768247 8.740166595089249e-05
2451521.7379894066 1.0121315717697144 8.750405686441809e-05
2451521.8171577062 1.0127394199371336 8.753126166993752e-05
2451521.8963259994 1.011382818222046 8.747736865188926e-05
2451521.9754942865 1.0088785886764526 8.737153257243334e-05
2451522.053968109 1.006069302558899 8.72611090017017e-05
2451522.1324419254 1.0035468339920044 8.714771684026346e-05
2451522.2116101943 1.0012211799621582 8.70559742907062e-05
2451522.290778457 0.9989897012710572 8.696473378222436e-05
2451522.369252255 0.9967449903488158 8.686717410455458e-05
2451522.447726047 0.9943358302116394 8.677530422573909e-05
2451522.5268942914 0.9926140308380128 8.66976915858686e-05
2451522.606062529 0.9908740520477296 8.662872278364374e-05
2451522.6852307604 0.9903305172920228 8.66065383888781e-05
2451522.7630100693 0.9909726977348328 8.664041524752975e-05
2451522.8421782884 0.9930923581123352 8.67299604578875e-05
2451522.9213465005 0.9962227940559388 8.686485671205446e-05
2451523.0005147066 0.9996037483215332 8.700643229531123e-05
2451523.0789884483 1.0025598406791687 8.713150600669906e-05
2451523.1574621834 1.0054636001586914 8.725712541490793e-05
2451523.23663037 1.0078933238983154 8.736243034945802e-05
2451523.31579855 1.009426474571228 8.742502541281283e-05
2451523.3949667234 1.0095093250274658 8.742889622226357e-05
2451523.4734404325 1.0082050561904907 8.737809912418015e-05
2451523.551914135 1.0054500102996826 8.726289524929598e-05
2451523.6262210864 1.0021785497665405 8.712830094737001e-05
2451523.7102504354 0.9990640878677368 8.700053149368614e-05
2451523.788724118 0.9972808063030243 8.69194591359701e-05
2451523.867197794 0.996245503425598 8.687624358572067e-05
2451523.946365921 0.9962591528892516 8.68807765073143e-05
2451524.0255340403 0.9964922666549682 8.689094829605891e-05
2451524.104702153 0.9960902333259584 8.687123045092449e-05
2451524.1831758013 0.995805025100708 8.68631941557396e-05
2451524.2616494433 0.9958962202072144 8.686646469868718e-05
2451524.340817535 0.9965573549270628 8.689595415489747e-05
2451524.4199856194 0.9972484707832336 8.692077244631946e-05
2451524.4984592404 0.9982284307479858 8.696397708263248e-05
2451524.5769328536 0.9996430873870848 8.702348713995887e-05
2451524.6561009167 1.0018970966339111 8.712050475878641e-05
2451524.7352689723 0.9930965304374696 8.674281707499176e-05
2451524.814437021 0.9929481148719788 8.674328273627907e-05
2451524.8929106058 0.9951748847961426 8.683152191224508e-05
2451524.9713841826 0.9976638555526732 8.694325515534727e-05
2451525.050552209 1.0107537508010864 8.749106200411916e-05
2451525.129720227 1.0093914270401 8.743219950702041e-05
2451525.208888238 1.0065592527389526 8.730894478503615e-05
2451525.287361785 1.0031899809837341 8.716668526176363e-05
2451525.365835324 0.9982635378837584 8.695558790350333e-05
2451525.4450033116 0.994229257106781 8.678689482621849e-05
2451525.524171291 0.9911701083183287 8.665159111842513e-05
2451525.6026448067 0.9889048039913175 8.655741112306714e-05
2451525.6811183137 0.9878523349761962 8.651423559058458e-05
2451525.7602862692 0.9882600903511048 8.653171244077384e-05
2451525.839454216 0.989923357963562 8.659599552629516e-05
2451525.9186221543 0.9929630160331726 8.672020339872688e-05
2451525.9970956286 0.9971793591976166 8.689640890224837e-05
2451526.0755690946 1.0018280744552612 8.709140092832966e-05
2451526.1547370073 1.00672447681427 8.7294916738756e-05
2451526.233904911 1.0114059448242188 8.748788241064176e-05
2451526.3123783506 1.0153571963310242 8.765187158132903e-05
2451526.3908517817 1.0185489654541016 8.778318442637101e-05
2451526.470019658 1.0204943418502808 8.786169200902803e-05
2451526.5491875256 1.020283341407776 8.784692909102888e-05
2451526.628355383 1.0170395374298096 8.771312423050404e-05
2451526.7068287767 1.0109662413597107 8.745968443690799e-05
2451526.790163343 1.0032140612602234 8.713350689504296e-05
2451526.8644699883 0.9959924221038816 8.681411418365313e-05
2451526.9436378065 0.9903097748756408 8.656919089844449e-05
2451527.0221111597 0.9868210852146148 8.641674867249093e-05
2451527.1005845023 0.9863497614860536 8.639727457193658e-05
2451527.1797522884 0.9875426292419432 8.644560875836758e-05
2451527.2589200637 0.9901766777038574 8.654806151753291e-05
2451527.338087828 0.9935586452484132 8.669609087519348e-05
2451527.416561126 0.9969384968280792 8.683089254191145e-05
2451527.4950344125 1.0001178979873655 8.695969154359773e-05
2451527.574202141 1.0034543275833128 8.709633402759209e-05
2451527.6533698565 1.0066723823547363 8.72268428793177e-05
2451527.7318431055 1.0095146298408508 8.734452785574831e-05
2451527.810316342 1.0120602846145628 8.74517863849178e-05
2451527.889484018 1.014695167541504 8.7551619799342e-05
2451527.96865168 1.0161978006362915 8.761121716815977e-05
2451528.047819327 1.01617169380188 8.760823402553795e-05
2451528.126292506 1.0142764449119568 8.751724089961499e-05
2451528.2047656695 1.0120990276336668 8.742789214011282e-05
2451528.28393327 1.0092701911926267 8.730893750907853e-05
2451528.363100853 1.0062744617462158 8.718111348571254e-05
2451528.442268418 1.004024028778076 8.707837696420029e-05
2451528.520741513 1.001988410949707 8.698684177943505e-05
2451528.5992145883 1.0002765655517578 8.690988761372864e-05
2451528.678382096 0.9989051222801208 8.68495408212766e-05
2451528.757549582 0.9980997443199155 8.681022882228717e-05
2451528.836022595 0.9977846145629882 8.679127859068103e-05
2451528.914495584 0.9975050091743468 8.677861478645353e-05
2451528.993663001 0.9990572333335876 8.683490159455687e-05
2451529.050607969 1.0004405975341797 8.690152026247233e-05
2451535.015960477 1.000454306602478 8.749680273467673e-05
2451535.065961069 0.9976722598075866 8.738609176361933e-05
2451535.145128668 0.9936982393264768 8.718854951439425e-05
2451535.22429626 0.9924460053443908 8.708158566150814e-05
2451535.3027693937 0.9930798709392548 8.705086656846106e-05
2451535.3812425206 0.9952517747879028 8.707842061994597e-05
2451535.4604100934 0.9985378980636596 8.715868170838803e-05
2451535.5395776597 1.0027889013290403 8.727877866476774e-05
2451535.618745219 1.00706148147583 8.741601777728648e-05
2451535.697912772 1.0112526416778564 8.755165617913006e-05
2451535.7756914143 1.0153568983078003 8.7689608335495e-05
2451535.854858954 1.017834186553955 8.775183232501149e-05
2451535.9340264867 1.0187422037124632 8.77629718161188e-05
2451536.0124995606 1.017890691757202 8.769636770011856e-05
2451536.090972628 1.015158772468567 8.755909948376937e-05
2451536.1701401407 1.0120660066604614 8.741854981053619e-05
2451536.2493076464 1.0067015886306765 8.717212040210143e-05
2451536.3284751456 1.000151515007019 8.688665548106654e-05
2451536.4069481855 0.9940639436244965 8.66062800923828e-05
2451536.485421219 0.9883688688278198 8.635358972242102e-05
2451536.569449858 0.9833221733570099 8.612932651885785e-05
2451536.643756168 0.9817660450935364 8.605963375885038e-05
2451536.722229181 0.9822673499584198 8.607227937318385e-05
2451536.8007021863 0.9845095872879028 8.615929982624947e-05
2451536.879869636 0.9889123439788816 8.6337880929932e-05
2451536.9590370785 0.9939987659454343 8.65508336573839e-05
2451537.038204514 0.9992095232009888 8.67666894919239e-05
2451537.116677491 1.0044116377830505 8.698286183062008e-05
2451537.195150461 1.0093889236450195 8.719346078578383e-05
2451537.2743178746 1.0129450559616089 8.734156290302053e-05
2451537.3534852806 1.0147585868835447 8.741996134631334e-05
2451537.4319582283 1.0146794319152832 8.741145211388357e-05
2451537.510431169 1.0119843482971191 8.729935507290065e-05
2451537.589598553 1.0088452100753784 8.717033051652835e-05
2451537.6687659286 1.0046969652175903 8.699059981154278e-05
2451537.7479332974 1.001071214675903 8.683854684932157e-05
2451537.826406208 0.9980095624923706 8.671039540786296e-05
2451537.90487911 0.9953914284706116 8.660023013362661e-05
2451537.9840464555 0.9928804636001588 8.649103983771056e-05
2451538.0632137926 0.9909245371818542 8.641181193524972e-05
2451538.1423811223 0.989050567150116 8.63338282215409e-05
2451538.2208539937 0.9880751669406891 8.62934066390153e-05
2451538.2993268566 0.9883362054824828 8.630163938505575e-05
2451538.3784941616 0.9895123243331908 8.635051926830782e-05
2451538.4576614588 0.991895079612732 8.645522029837593e-05
2451538.5361342975 0.9951480031013488 8.659405648359098e-05
2451538.614607128 0.9982927441596986 8.672859985381363e-05
2451538.6937744 1.0023146867752075 8.689616515766829e-05
2451538.7729416625 1.0057363510131836 8.70485309860669e-05
2451538.852108917 1.0092064142227173 8.719487959751859e-05
2451538.930581713 1.0114974975585938 8.729216642677783e-05
2451539.0090545006 1.011220932006836 8.727791282581165e-05
2451539.088221729 1.0093004703521729 8.720444748178124e-05
2451539.167388947 1.0060006380081177 8.706814696779473e-05
2451539.2458617077 1.0025524497032166 8.692090341355652e-05
2451539.3243344584 0.9996298551559448 8.680221071699634e-05
2451539.4035016494 0.9978551268577576 8.672958938404916e-05
2451539.4826688305 0.9968464374542236 8.668695954838766e-05
2451539.561836002 0.9960091710090636 8.665127097629009e-05
2451539.636142022 0.9957899153232574 8.664944107295014e-05
2451539.7194758654 0.9954589009284974 8.663586777402088e-05
2451539.797948558 0.9949632287025452 8.661297761136667e-05
2451539.8771156883 0.9948447942733764 8.661306492285803e-05
2451539.9555883594 0.9950396418571472 8.662181426188909e-05
2451540.0340610202 0.9963607788085936 8.667684596730396e-05
2451540.113228118 0.9982379078865052 8.676072320668025e-05
2451540.1923952047 1.0002394914627075 8.684421482030302e-05
2451540.2715622797 1.0023107528686523 8.693384734215216e-05
2451540.3500348944 1.0032346844673157 8.697461453266442e-05
2451540.4285074975 1.0047574043273924 8.704247011337429e-05
2451540.507674536 1.0054823160171509 8.707147208042441e-05
2451540.586841562 1.0050873756408691 8.705865184310822e-05
2451540.6660085744 1.0037096738815308 8.699946920387447e-05
2451540.744481126 1.0017492175102234 8.692301707924344e-05
2451540.8229536633 0.9992647171020508 8.682039333507417e-05
2451540.902120634 0.9976621270179749 8.675384015077725e-05
2451540.9812875898 0.9966717362403869 8.671463001519442e-05
2451541.0597600834 0.996129184961319 8.66909795149695e-05
2451541.138232561 0.9961731433868408 8.669660746818408e-05
2451541.217399469 0.9955860376358032 8.667353540658951e-05
2451541.2965663592 0.9948009252548216 8.66454138304107e-05
2451541.375733232 0.9942156076431272 8.662031905259937e-05
2451541.4542056397 0.993812769651413 8.660026287543587e-05
2451541.532678028 0.981705367565155 8.609368524048477e-05
2451541.6118448423 0.9827622175216676 8.613162935944274e-05
2451541.6910116347 0.9846217036247252 8.622407040093094e-05
2451541.7694839593 0.990958124399185 8.649576557218097e-05
2451541.8479562607 1.0018239021301267 8.69573705131188e-05
2451541.927122983 1.0034648180007937 8.702628838364035e-05
2451541.9847618965 1.0047698616981506 8.708259338163771e-05
2452255.723131876 1.009379208087921 8.726683154236525e-05
2452255.7946610097 1.0064841508865356 8.707321831025182e-05
2452255.8731347183 1.002940058708191 8.684037675266154e-05
2452255.9516084236 0.9988198280334472 8.662733307573944e-05
2452256.0307765827 0.9957680702209472 8.647442155051976e-05
2452256.109944737 0.994009792804718 8.637121936772017e-05
2452256.188418429 0.9931395053863525 8.632534809294157e-05
2452256.266892115 0.9931448698043824 8.63163877511397e-05
2452256.3460602527 0.9937426447868348 8.6337466200348e-05
2452256.4252283843 0.9948033690452576 8.637610153527929e-05
2452256.5043965094 0.996616780757904 8.645255729788913e-05
2452256.5828701705 0.9987867176532744 8.653549230075441e-05
2452256.661343825 1.0006027221679688 8.661297033540905e-05
2452256.74051193 1.0027263164520264 8.670501119922847e-05
2452256.819680028 1.0045205354690552 8.677574805915356e-05
2452256.8988481197 1.0056848526000977 8.682157204020768e-05
2452256.9773217468 1.0062211751937866 8.683749547344632e-05
2452257.055795368 1.0063109397888184 8.683749911142513e-05
2452257.1349634384 1.0059340000152588 8.68186107254587e-05
2452257.2141315024 1.0050990581512451 8.679048914927989e-05
2452257.2926051025 1.003832459449768 8.674067430547439e-05
2452257.371078696 1.0024484395980835 8.666596841067076e-05
2452257.450246739 1.0002268552780151 8.657626312924549e-05
2452257.529414776 0.997954785823822 8.647783397464082e-05
2452257.608582805 0.996958911418915 8.643059118185192e-05
2452257.687056371 0.9961673617362975 8.640322994324379e-05
2452257.7655299306 0.9960509538650512 8.639792940812185e-05
2452257.8446979397 0.9962902665138244 8.640589658170937e-05
2452257.923865942 0.997258186340332 8.644023910164833e-05
2452258.002339481 0.998828113079071 8.650308882351963e-05
2452258.0808130135 1.0008034706115725 8.658700971864164e-05
2452258.159980995 1.0032562017440796 8.66882619448006e-05
2452258.2391489707 1.005009651184082 8.675333810970187e-05
2452258.318316939 1.0058225393295288 8.679375605424866e-05
2452258.396790445 1.005921185016632 8.679462189320475e-05
2452258.4752639444 1.0051286220550537 8.675178105477244e-05
2452258.554431893 1.0039712190628052 8.671156683703884e-05
2452258.6335998345 1.002542495727539 8.665306086186318e-05
2452258.712073314 1.0014121532440186 8.66063819557894e-05
2452258.7912412426 1.0003784298896787 8.65556539793033e-05
2452258.869714709 0.9991534352302552 8.650538075016811e-05
2452258.9488826245 0.9975780844688416 8.64315006765537e-05
2452259.028050533 0.9960712790489196 8.636710117571056e-05
2452259.10652398 0.9950163960456849 8.633447214378975e-05
2452259.1849974203 0.9952058792114256 8.634093683212996e-05
2452259.2641653093 0.9957348108291626 8.635503763798624e-05
2452259.3433331917 0.99725079536438 8.641734893899411e-05
2452259.421806613 0.9988076388835906 8.648163202451542e-05
2452259.5002800273 1.0008652210235596 8.656450518174097e-05
2452259.57944789 1.0026783943176267 8.663944754516707e-05
2452259.6586157465 1.0046565532684326 8.672130206832662e-05
2452259.7377835964 1.0064715147018433 8.679817256052047e-05
2452259.816256985 1.007668375968933 8.684267231728882e-05
2452259.894730367 1.0085372924804688 8.68824208737351e-05
2452259.9738981975 1.0081197023391724 8.68599527166225e-05
2452260.0530660213 1.0067204236984253 8.680253085913137e-05
2452260.1322338386 1.0046035051345823 8.671919931657612e-05
2452260.210707195 1.0023245811462402 8.662450272822753e-05
2452260.2891805447 1.0001258850097656 8.652482210891321e-05
2452260.3683483424 0.9983091354370116 8.646403875900432e-05
2452260.447516134 0.9975194334983823 8.642095781397073e-05
2452260.5259894645 0.9971539974212646 8.640417581773363e-05
2452260.6044627884 0.9969780445098878 8.640925807412714e-05
2452260.6836305605 0.9961122870445251 8.638142026029526e-05
2452260.7627983256 0.9962723255157472 8.638877625344321e-05
2452260.8419660847 0.9955083727836608 8.635153062641619e-05
2452260.920439383 0.9952607750892639 8.6333468061639e-05
2452260.9933570432 0.995542287826538 8.635435369797051e-05
2452261.078080414 0.9970712065696716 8.641305612400174e-05
2452261.1572481464 0.998945653438568 8.647539652884007e-05
2452261.2357214186 1.000812590122223 8.655243436805904e-05
2452261.314194685 1.0030434131622314 8.663881453685462e-05
2452261.393362398 1.0048727989196775 8.672648255014792e-05
2452261.472530104 1.006688356399536 8.680325117893517e-05
2452261.5516978037 1.008392333984375 8.686436194693668e-05
2452261.630171044 1.0089572072029112 8.689271999173798e-05
2452261.708644277 1.0086985826492307 8.689454261912033e-05
2452261.787811957 1.0077749490737915 8.685504872119054e-05
2452261.86697963 1.0057736635208128 8.676992729306221e-05
2452261.945452844 1.0027090311050415 8.664091365062632e-05
2452262.0239260504 0.9932575821876524 8.622984023531898e-05
2452262.1030937037 0.9842451214790344 8.586575859226286e-05
2452262.1822613506 0.9812462925910947 8.57341947266832e-05
2452262.2614289904 0.979817509651184 8.567756594857201e-05
2452262.339902171 0.989698827266693 8.609022552263923e-05
2452262.418375344 0.99034321308136 8.611911471234633e-05
2452262.497542964 0.9918296933174132 8.617847925052047e-05
2452262.5767105767 0.9950709342956544 8.631058153696358e-05
2452262.6551837297 0.9987818002700806 8.647504728287458e-05
2452262.7336568763 1.0029131174087524 8.664947381475939e-05
2452262.812824469 1.0066792964935305 8.680942846694961e-05
2452262.891992054 1.0094904899597168 8.692312258062883e-05
2452262.971159633 1.0121031999588013 8.702705235918982e-05
2452263.0496327514 1.014143705368042 8.711801274330355e-05
2452263.128105864 1.0149447917938232 8.715039439266548e-05
2452263.2072734213 1.0137628316879272 8.711218833923341e-05
2452263.286440972 1.0106749534606931 8.697638986632227e-05
2452263.365608515 1.0060452222824097 8.678388257976621e-05
2452263.444081599 1.0009815096855164 8.657279977342114e-05
2452263.522554676 0.9961323738098145 8.636858547106385e-05
2452263.601722198 0.9925448298454284 8.621631423011422e-05
2452263.6808897126 0.9897148609161378 8.610151417087764e-05
2452263.759362768 0.9891930818557738 8.607449854025617e-05
2452263.837835816 0.99020779132843 8.612682722741739e-05
2452263.917003309 0.9920265674591064 8.62119923112914e-05
2452263.9961707937 0.9949530959129332 8.633262768853454e-05
2452264.0753382714 0.9978298544883728 8.645703201182185e-05
2452264.15381129 1.0002416968345642 8.656154022901319e-05
2452264.2322843014 1.0026285648345947 8.66575282998383e-05
2452264.311451756 1.004826545715332 8.674876153236255e-05
2452264.3906192034 1.006525993347168 8.682707994012162e-05
2452264.469092191 1.007469654083252 8.687560693942942e-05
2452264.547565172 1.008679151535034 8.692237315699458e-05
2452264.6267325953 1.0090768337249756 8.693899872014299e-05
2452264.705900011 1.0090068578720093 8.694086864124982e-05
2452264.7850674186 1.0078017711639404 8.688786329003051e-05
2452264.863540367 1.0056061148643494 8.680317114340141e-05
2452264.9420133075 1.0029454231262207 8.669988164911047e-05
2452265.0211806903 1.0003409385681152 8.65961192175746e-05
2452265.1003480647 0.9984576702117922 8.651382086100055e-05
2452265.17882098 0.9964890480041505 8.642256216262466e-05
2452265.2572938865 0.9947452545166016 8.63531677168794e-05
2452265.3364612353 0.9938212037086488 8.631870150566101e-05
2452265.415628575 0.993551194667816 8.631361561128868e-05
2452265.4947959054 0.9937753677368164 8.632321987533942e-05
2452265.5732687768 0.9944815039634705 8.635297854198143e-05
2452265.651741639 0.9952290654182434 8.638908184366301e-05
2452265.730908942 0.9967027902603148 8.646769856568426e-05
2452265.810076235 0.9993818998336792 8.657234866404907e-05
2452265.888549069 1.0019332766532898 8.669546514283866e-05
2452265.967021893 1.0047551393508911 8.679950406076385e-05
2452266.0461891564 1.0073226690292358 8.69080759002827e-05
2452266.0989673263 1.0075799226760864 8.69834839249961e-05
2452266.3878582795 1.0063203573226929 8.847458229865879e-05
2452266.440636419 1.003276824951172 8.828880527289584e-05
2452266.5198036185 1.0015522241592407 8.783862722339107e-05
2452266.5989708067 0.9994938373565674 8.744519436731935e-05
2452266.6774435346 0.9962442517280578 8.708776658750139e-05
2452266.7559162513 0.9937838912010192 8.68212300701998e-05
2452266.835083405 0.9925853610038756 8.661795436637475e-05
2452266.914250547 0.9922679662704468 8.649135997984558e-05
2452266.9927232293 0.9921648502349854 8.640433952677995e-05
2452267.0718903495 0.9927619099617004 8.63629211380612e-05
2452267.1309184586 0.9945886731147766 8.636370330350474e-05
2452272.046236685 1.0019813776016235 8.662824984639883e-05
2452272.1184593956 1.0040743350982666 8.672938565723598e-05
2452272.197626592 1.0065393447875977 8.682655607117341e-05
2452272.276793781 1.0086675882339475 8.692005940247326e-05
2452272.3559609638 1.0094345808029177 8.695288124727085e-05
2452272.4344336903 1.0096418857574463 8.696926306583919e-05
2452272.5129064107 1.0094162225723269 8.696017175680025e-05
2452272.5920735733 1.0085729360580444 8.692234405316412e-05
2452272.6712407283 1.0067574977874756 8.684337808517739e-05
2452272.749713429 1.0036866068840027 8.672020703670569e-05
2452272.8281861222 0.9994707107543944 8.654315752210094e-05
2452272.907353258 0.994547426700592 8.634319237899035e-05
2452272.9865203868 0.989812672138214 8.615491242380813e-05
2452273.065687509 0.9854990839958192 8.597486885264516e-05
2452273.1441601757 0.9828612506389618 8.586006879340857e-05
2452273.222632836 0.9821515083312988 8.582583541283384e-05
2452273.301799938 0.9834462404251098 8.588650962337852e-05
2452273.380967033 0.9866635203361512 8.600633009336887e-05
2452273.459439674 0.9909623861312864 8.620305015938357e-05
2452273.5379123073 0.996410846710205 8.643176261102781e-05
2452273.6170793828 1.0020554065704343 8.667760266689582e-05
2452273.696246451 1.0071160793304443 8.68948845891282e-05
2452273.7754135127 1.011981964111328 8.710119436727837e-05
2452273.853191672 1.0158077478408811 8.724995132070033e-05
2452273.9323587203 1.0166456699371336 8.729619003133848e-05
2452274.011525762 1.015453219413757 8.725348016014321e-05
2452274.0906927967 1.0125067234039309 8.713360875844955e-05
2452274.169165377 1.0085524320602417 8.697377415955998e-05
2452274.2427768186 1.0047484636306763 8.679214079165831e-05
2452274.3268049653 1.000456929206848 8.662507752887905e-05
2452274.405971973 0.9968854188919068 8.647749200463296e-05
2452274.485138974 0.9938627481460572 8.634510595584288e-05
2452274.563611521 0.990845113992691 8.622345558251254e-05
2452274.642084061 0.9881100058555604 8.611551311332732e-05
2452274.7212510416 0.9867081046104432 8.60618965816684e-05
2452274.800418015 0.9866931438446046 8.605959010310471e-05
2452274.879584982 0.9883612394332884 8.612984674982727e-05
2452274.958057495 0.9910144805908202 8.624611291452311e-05
2452275.0365300016 0.9947773218154908 8.640967280371113e-05
2452275.1156969476 0.9989058971405028 8.658185106469318e-05
2452275.194863887 1.0030462741851809 8.676108700456098e-05
2452275.2733363723 1.0064782500267029 8.69089417392388e-05
2452275.351808851 1.009315013885498 8.702993363840505e-05
2452275.4309757696 1.0116816759109497 8.713449642527848e-05
2452275.510142681 1.0133346319198608 8.720505866222084e-05
2452275.5893095857 1.0129344463348389 8.718844765098764e-05
2452275.6677820366 1.0103365778923035 8.709828034625389e-05
2452275.7462544804 1.0067654848098757 8.69475188665092e-05
2452275.8254213636 1.0027946233749387 8.678724407218397e-05
2452275.90458824 0.9995437264442444 8.664961205795406e-05
2452275.9830606626 0.9969501793384552 8.653819168102928e-05
2452276.0615330786 0.9944376349449155 8.643910405226052e-05
2452276.1406999333 0.9923321604728698 8.635370613774285e-05
2452276.2198667806 0.9908459782600404 8.630776574136689e-05
2452276.299033621 0.9908254146575928 8.630096999695523e-05
2452276.3775060074 0.9914167523384094 8.632699973531999e-05
2452276.455978387 0.9931614995002744 8.639726729597896e-05
2452276.535145205 0.9956387877464294 8.649946539662777e-05
2452276.614312016 0.9987851381301882 8.66449045133777e-05
2452276.6927843736 1.001720309257507 8.676739162183367e-05
2452276.7712567234 1.0049415826797483 8.690275717526674e-05
2452276.8504235116 1.0074421167373655 8.701916522113606e-05
2452276.929590292 1.0096309185028076 8.711772534297779e-05
2452277.0087570646 1.0115516185760498 8.71963275130838e-05
2452277.0872293846 1.0115752220153809 8.721013728063554e-05
2452277.1657016966 1.0103667974472044 8.716595766600221e-05
2452277.2448684457 1.0082767009735107 8.707926463102922e-05
2452277.3240351873 1.0057039260864256 8.697334851603955e-05
2452277.403201921 1.0030347108840942 8.686260844115168e-05
2452277.4816742013 1.000466525554657 8.676685320097022e-05
2452277.560146474 0.9982923865318296 8.667003567097709e-05
2452277.6393131833 0.9967643022537231 8.66011978359893e-05
2452277.718479884 0.995020627975464 8.653346594655886e-05
2452277.796952132 0.9938302636146545 8.649087612866424e-05
2452277.8754243716 0.992949903011322 8.646363130537793e-05
2452277.954591047 0.9922410249710084 8.644127228762953e-05
2452278.0337577136 0.9923060536384584 8.644781337352468e-05
2452278.112924372 0.9933257699012756 8.649339724797755e-05
2452278.1913965764 0.995096892118454 8.657376747578382e-05
2452278.269868773 0.997724950313568 8.66935879457742e-05
2452278.3490354037 1.0007706880569458 8.682678890181705e-05
2452278.428202026 1.0041873455047607 8.697389421286061e-05
2452278.5066741942 1.0071600079536438 8.710403926670551e-05
2452278.5851463536 1.0101218223571775 8.723251085029915e-05
2452278.664312947 1.0127674341201782 8.734540460864083e-05
2452278.7434795303 1.0139871835708618 8.739575423533098e-05
2452278.822646104 1.0026698112487793 8.69374125613831e-05
2452278.9011182236 1.0006683468818665 8.68607239681296e-05
2452278.979590333 0.9975539445877076 8.673602133058012e-05
2452279.0587568753 0.9951557517051696 8.663445623824372e-05
2452279.13861785 0.9990644156932831 8.67929556989111e-05
2452279.2163954843 0.9933359324932098 8.657028229208663e-05
2452279.294867551 0.9883944392204284 8.638060535304248e-05
2452279.3740340495 0.98628431558609 8.628950308775529e-05
2452279.453200536 0.9857668876647948 8.6274987552315e-05
2452279.5323670106 0.986416757106781 8.630643424112348e-05
2452279.6108390307 0.9880991578102112 8.637950668344274e-05
2452279.689311039 0.9908636212348938 8.651786629343405e-05
2452279.768477478 0.9948830008506776 8.667763904668391e-05
2452279.847643905 0.9995802640914916 8.688092930242419e-05
2452279.9268103205 1.004116415977478 8.706259541213512e-05
2452279.974032387 1.0066367387771606 8.718107710592447e-05
2452281.9809745294 1.0003367662429807 8.46581024234183e-05
2452282.055974599 0.9995574355125428 8.460262324661016e-05
2452282.1344468896 0.9987050890922546 8.454123963019809e-05
2452282.2129191747 0.9980986714363098 8.449679444311185e-05
2452282.292085899 0.9977844953536988 8.446138235740364e-05
2452282.3712526173 0.9974658489227296 8.441242971457541e-05
2452282.450419329 0.997017502784729 8.436016651103273e-05
2452282.52889159 0.9962120056152344 8.430031448369846e-05
2452282.6073638443 0.9958176016807556 8.427212014794348e-05
2452282.6865305365 0.996284246444702 8.428010914940387e-05
2452282.7656972217 0.9972264170646667 8.430772868450731e-05
2452282.844169456 0.9984298348426818 8.435581185040064e-05
2452282.9226416834 0.9998933672904968 8.441448153462261e-05
2452283.001808348 1.0009031295776367 8.44547466840595e-05
2452283.0809750063 1.0027621984481812 8.452787005808204e-05
2452283.160141657 1.0048930644989011 8.46131588332355e-05
2452283.238613857 1.0071406364440918 8.470683678751811e-05
2452283.3170860494 1.0086200237274168 8.476834773318842e-05
2452283.396252679 1.0083922147750854 8.475976210320368e-05
2452283.475419302 1.0077942609786987 8.473178604617715e-05
2452283.5538914744 1.0062371492385864 8.466596045764162e-05
2452283.6323636393 1.0037623643875122 8.457243529846892e-05
2452283.711530241 1.0015219449996948 8.447800064459443e-05
2452283.790696836 0.9994764924049376 8.438900840701534e-05
2452283.869863424 0.9970090985298156 8.429640001850201e-05
2452283.948335562 0.9950896799564362 8.421913662459701e-05
2452284.026807692 0.9933091402053832 8.414191688643768e-05
2452284.1059742593 0.9923962354660032 8.410605369135737e-05
2452284.1851408198 0.9917623400688172 8.408002031501383e-05
2452284.2636129297 0.9922345280647278 8.410398368141615e-05
2452284.342085033 0.9934820532798768 8.41500805108808e-05
2452284.4212515727 0.9949588775634765 8.42033841763623e-05
2452284.5004181056 0.9971023797988892 8.43002417241223e-05
2452284.5795846316 0.9998632073402404 8.441301906714215e-05
2452284.6580567076 1.003117859363556 8.45383619889617e-05
2452284.7365287766 1.0056037902832031 8.464087295578791e-05
2452284.815695282 1.0071865320205688 8.470807370031251e-05
2452284.894861781 1.00749671459198 8.47131886985153e-05
2452284.974028273 1.007175326347351 8.470588363707066e-05
2452285.052500315 1.0066387057304382 8.468763553537428e-05
2452285.1309723505 1.0056222677230835 8.46461407491006e-05
2452285.210138822 1.004095435142517 8.458525553578512e-05
2452285.289305287 1.0025675296783447 8.451601024717091e-05
2452285.367777302 0.9999240338802338 8.441656973445788e-05
2452285.446249311 0.9970349073410032 8.430502202827483e-05
2452285.5254157553 0.9944769144058228 8.421328675467521e-05
2452285.6045821933 0.992983102798462 8.416018681600691e-05
2452285.6837486243 0.9926339387893676 8.414786861976609e-05
2452285.762220606 0.9939649403095245 8.419102596235462e-05
2452285.840692582 0.9953235387802124 8.424694533459842e-05
2452285.919858993 0.9974032640457152 8.43430170789361e-05
2452285.999025397 1.001173973083496 8.448375592706725e-05
2452286.0774973524 1.0039027333259583 8.459491436951794e-05
2452286.155969301 1.0053234100341797 8.465820428682491e-05
2452286.235135685 1.0067968368530271 8.471505134366451e-05
2452286.314302062 1.0066668987274168 8.470888860756531e-05
2452286.393468433 1.00385320186615 8.460365643259139e-05
2452286.4719403554 1.0017904043197632 8.45223148644436e-05
2452286.5504122702 0.9991111159324644 8.441069076070562e-05
2452286.6295786207 0.9968992471694944 8.4329629316926e-05
2452286.7087449646 0.9940016269683836 8.422237442573532e-05
2452286.782355769 0.992534041404724 8.41555229271762e-05
2452286.8656887487 0.9916785359382628 8.4089748270344e-05
2452286.944855072 0.99064701795578 8.403941319556905e-05
2452287.024021389 0.9908249974250792 8.404507389059289e-05
2452287.103187699 0.9928956627845764 8.412545139435679e-05
2452287.181659561 0.9837757945060729 8.375783363590017e-05
2452287.2601314164 0.9854297637939452 8.38274645502679e-05
2452287.339297706 0.9891418218612672 8.397754572797567e-05
2452287.4184639887 0.9938978552818296 8.417043864028528e-05
2452287.497630265 1.0099934339523315 8.482523116981609e-05
2452287.5761020933 1.0115415453910828 8.488321691402233e-05
2452287.654573915 1.012241005897522 8.491247717756778e-05
2452287.733740171 1.0117233991622925 8.489003084832801e-05
2452287.8129064194 1.0098291635513303 8.481400436721742e-05
2452287.891378221 1.0065412521362305 8.468491432722658e-05
2452287.9698500154 1.0028632879257202 8.453623740933836e-05
2452288.0490162433 0.99862939119339 8.436109783360735e-05
2452288.1281824647 0.9953877329826356 8.423085819231346e-05
2452288.207348679 0.9941592812538148 8.418720244662835e-05
2452288.285820446 0.9939337968826292 8.417724893661216e-05
2452288.3642922062 0.994048595428467 8.418372453888878e-05
2452288.4434583997 0.9941250681877136 8.419010555371642e-05
2452288.5226245862 0.9943344593048096 8.4203333244659e-05
2452288.6010963256 0.9945666193962097 8.421617167186923e-05
2452288.679568058 0.9943777322769164 8.420562517130747e-05
2452288.7587342234 0.9941417574882508 8.419792720815168e-05
2452288.8379003815 0.993840992450714 8.418986544711515e-05
2452288.9170665327 0.9944423437118528 8.421741949860007e-05
2452288.9955382366 0.9964613318443298 8.429737499682233e-05
2452289.0740099335 0.998926877975464 8.43983143568039e-05
2452289.153176063 1.0017390251159668 8.450661698589101e-05
2452289.232342185 1.0047422647476196 8.463558333460242e-05
2452289.310813861 1.0076470971107483 8.475449794786982e-05
2452289.3892855286 1.0101265907287595 8.484861609758809e-05
2452289.468451629 1.0112500190734863 8.489940228173509e-05
2452289.547617722 1.0106072425842283 8.488127787131816e-05
2452289.6267838073 1.0081526041030884 8.477902883896604e-05
2452289.7052554456 1.0043429732322693 8.462585901725106e-05
2452289.783727077 0.999767005443573 8.444261766271666e-05
2452289.8628931395 0.9963205456733704 8.429471199633554e-05
2452289.942059194 0.9934086203575134 8.418467768933624e-05
2452290.0212252415 0.9913325309753418 8.41091969050467e-05
2452290.099696842 0.9900778532028198 8.405940752709284e-05
2452290.178168435 0.989310145378113 8.40275824884884e-05
2452290.2573344586 0.9891568422317504 8.402483945246787e-05
2452290.3365004747 0.990258514881134 8.407197310589254e-05
2452290.4149720436 0.9925865530967712 8.416281707468443e-05
2452290.4934436046 0.9964162707328796 8.432068716501817e-05
2452290.5726095964 1.0010675191879272 8.451130270259456e-05
2452290.6517755794 1.0058913230895996 8.471208275295794e-05
2452290.7309415545 1.0104972124099731 8.490311302011833e-05
2452290.809413083 1.014208197593689 8.50516589707695e-05
2452290.8878846024 1.017385482788086 8.517848618794233e-05
2452290.9670505514 1.0186742544174194 8.523714495822787e-05
2452291.046216492 1.0181750059127808 8.521070412825793e-05
2452291.1246879855 1.013715147972107 8.504252036800608e-05
2452291.2031594706 1.006786227226257 8.476097718812525e-05
2452291.282325384 0.9991311430931092 8.445621642749757e-05
2452291.361491289 0.9909046292304992 8.411881572101265e-05
2452291.440657184 0.985200583934784 8.389541471842675e-05
2452291.519128632 0.9831931293010712 8.381903899135068e-05
2452291.5976000703 0.9829535484313964 8.38134656078182e-05
2452291.676765937 0.9848838448524476 8.38887135614641e-05
2452291.7559317932 0.987126648426056 8.397959754802287e-05
2452291.8350976394 0.9891044497489928 8.407005952904e-05
2452291.913569038 0.9919390380382538 8.418784636887722e-05
2452291.9920404265 0.9948568344116212 8.430743037024512e-05
2452292.0712062414 0.9984274506568908 8.444984996458516e-05
2452292.1503720456 1.001776337623596 8.459627133561298e-05
2452292.228843402 1.0047885179519653 8.471982437185943e-05
2452292.3073147475 1.0076876878738403 8.483616693411022e-05
2452292.3864805186 1.0103799104690552 8.493578206980601e-05
2452292.465646278 1.012182593345642 8.502481796313077e-05
2452292.5448120264 1.0126909017562866 8.504537981934845e-05
2452292.6232833266 1.0113685727119446 8.498347233398817e-05
2452292.7017546166 1.007890701293945 8.485661237500608e-05
2452292.7809203314 1.0032538175582884 8.466473082080483e-05
2452292.83855852 0.9986436367034911 8.447631262242794e-05
2452295.069786168 0.9932482838630676 8.433391485596076e-05
2452295.1468688697 0.9955828487873077 8.443542174063623e-05
2452295.2253404446 0.998935341835022 8.455778151983395e-05
2452295.304506453 1.0026533603668213 8.469352906104177e-05
2452295.3836724563 1.0065906047821045 8.483437704853714e-05
2452295.4621440154 1.01055908203125 8.497900853399187e-05
2452295.5406155684 1.0043622255325315 8.471142064081505e-05
2452295.619781554 1.0009630918502808 8.45592367113568e-05
2452295.698947534 1.0019288063049316 8.458871889160946e-05
2452295.7781135077 1.0029504299163818 8.461385732516646e-05
2452295.8565850365 1.015544831752777 8.510451880283654e-05
2452295.9350565593 1.0136137008666992 8.502310083713382e-05
2452296.014222514 1.0087982416152954 8.48315394250676e-05
2452296.0933884624 1.0023120641708374 8.457467629341409e-05
2452296.172554404 0.995209276676178 8.429359877482057e-05
2452296.251025901 0.9885754883289338 8.40259381220676e-05
2452296.3294973923 0.9832751154899596 8.382517989957705e-05
2452296.4086633143 0.9805741906166076 8.371534204343334e-05
2452296.4878292303 0.9805346727371216 8.371064905077219e-05
2452296.5663007013 0.9819966256618498 8.377869380638003e-05
2452296.6447721664 0.9858543872833252 8.394380711251868e-05
2452296.723938063 0.9914621710777282 8.415427873842418e-05
2452296.803103952 0.9974331855773924 8.440291276201604e-05
2452296.882269835 1.00291907787323 8.463230187771843e-05
2452296.960741274 1.0087738037109375 8.486671504215337e-05
2452297.0392127065 1.0128899812698364 8.503600110998377e-05
2452297.1183785703 1.0155082941055296 8.514576620655134e-05
2452297.197544427 1.0162552595138548 8.517630340065806e-05
2452297.27601584 1.0145958065986633 8.511261330568232e-05
2452297.354487247 1.0114881992340088 8.498715033056214e-05
2452297.4343475215 1.00685054063797 8.481008626404218e-05
2452297.512818915 1.0011200904846191 8.457891817670316e-05
2452297.591984739 0.9954124093055724 8.434927440248428e-05
2452297.67045612 0.9908857941627502 8.417289063800126e-05
2452297.7489274945 0.9871528744697572 8.401996456086636e-05
2452297.828093299 0.9852306246757508 8.395055192522705e-05
2452297.9072590973 0.9852503538131712 8.395219629164785e-05
2452297.9864248894 0.9868608713150024 8.401149534620345e-05
2452298.064896238 0.9895204305648804 8.412937677348964e-05
2452298.1433675806 0.9933448433876036 8.428568253293633e-05
2452298.222533353 0.9972753524780272 8.44465466798283e-05
2452298.301699119 1.0015875101089475 8.462666301056743e-05
2452298.380170442 1.0059913992881775 8.480859469273128e-05
2452298.458641759 1.0093119144439695 8.49402422318235e-05
2452298.537807506 1.0114210844039917 8.502338459948076e-05
2452298.6169732464 1.0118595361709597 8.503953722538425e-05
2452298.6961389803 1.0117667913436887 8.504130528308451e-05
2452298.7746102717 1.0106964111328125 8.499962859787047e-05
2452298.8530815565 1.008838772773743 8.492212509736417e-05
2452298.932247271 1.0056874752044676 8.480621181661262e-05
2452299.011412979 1.0016956329345703 8.464848360745235e-05
2452299.089884245 0.9974452257156372 8.447640357189812e-05
2452299.1683555045 0.994361698627472 8.435680501861498e-05
2452299.247521193 0.9909616708755492 8.421518577961251e-05
2452299.326686876 0.9884513616561889 8.411448652623221e-05
2452299.405852552 0.9854885935783384 8.400188380619511e-05
2452299.484323786 0.9834667444229125 8.391821756958961e-05
2452299.562100578 0.9830479621887206 8.389521826757118e-05
2452299.6426551063 0.983945906162262 8.393641110160388e-05
2452299.721126321 0.985636591911316 8.400219667237253e-05
2452299.7989030937 0.9887768626213072 8.411750604864211e-05
2452299.8822353436 0.9929624795913696 8.429358422290532e-05
2452299.9572343626 0.9970113635063172 8.445727144135162e-05
2452300.036399987 1.0023126602172852 8.467847510473801e-05
2452300.1155656055 1.0072277784347534 8.487396553391591e-05
2452300.194036782 1.0122449398040771 8.507413440383971e-05
2452300.2725079516 1.0159467458724976 8.522173448000102e-05
2452300.3516735504 1.0181113481521606 8.530741615686564e-05
2452300.4308391428 1.017870545387268 8.530502964276819e-05
2452300.510004728 1.0152771472930908 8.519575931131838e-05
2452300.5884758728 1.010667860507965 8.500956391799264e-05
2452300.6669470104 1.005831599235535 8.481952681904657e-05
2452300.746112576 1.0008330345153809 8.461527613690123e-05
2452300.825278136 0.995879590511322 8.441745740128681e-05
2452300.903749254 0.9925222098827361 8.427484863204882e-05
2452300.982220366 0.989581823348999 8.416244963882491e-05
2452301.0613859054 0.9876829981803894 8.408643770962954e-05
2452301.1405514386 0.9865285754203796 8.403427636949345e-05
2452301.219716965 0.9861513972282407 8.401989907724784e-05
2452301.2981880503 0.9869031310081482 8.404899199376814e-05
2452301.3766591293 0.9887540936470032 8.412376337219028e-05
2452301.455824636 0.991898000240326 8.424920088145882e-05
2452301.5349901356 0.9962338805198668 8.442399121122433e-05
2452301.613461194 1.0013851523399353 8.461641118628904e-05
2452301.691932246 1.0056843757629397 8.479702955810353e-05
2452301.7710977257 1.0099866390228271 8.497050293954089e-05
2452301.850263198 1.0127835273742676 8.507701568305491e-05
2452301.9294286636 1.0141233205795288 8.512519707437603e-05
2452302.0078996886 1.013698697090149 8.510448242304847e-05
2452302.0863707066 1.0115141868591309 8.501455886289477e-05
2452302.1655361513 1.0078706741333008 8.487144077662377e-05
2452302.244701589 1.0032790899276731 8.467894076602533e-05
2452302.3238670197 0.9981082081794738 8.446985157206655e-05
2452302.4023380103 0.9933485090732574 8.427788998233154e-05
2452302.480808993 0.989474356174469 8.411423186771572e-05
2452302.559974402 0.9865986108779908 8.399420039495453e-05
2452302.6391398045 0.9849966168403624 8.39271451695822e-05
2452302.717610766 0.9850843250751495 8.392304516746663e-05
2452302.7960817204 0.9868208169937132 8.398855425184593e-05
2452302.875247101 0.9897800087928772 8.410702139372006e-05
2452302.954412474 0.9942665100097656 8.428188448306173e-05
2452303.033577839 0.9996453523635864 8.449069719063118e-05
2452303.112048764 1.0047743320465088 8.468870873912238e-05
2452303.190519681 1.0098497867584229 8.48875060910359e-05
2452303.2696850235 1.0141811370849607 8.505454752594233e-05
2452303.3488503583 1.0169150829315183 8.515718946000561e-05
2452303.4273212524 1.0180274844169617 8.519795665051788e-05
2452303.505792139 1.0172090530395508 8.51583608891815e-05
2452303.58495745 1.014308214187622 8.504337893100454e-05
2452303.6641227533 1.0098062753677368 8.486055594403295e-05
2452303.743288048 1.0047656297683716 8.466115832561627e-05
2452303.8217589026 0.9999569058418274 8.445125422440469e-05
2452303.9002297483 0.9944108724594116 8.419962978223337e-05
2452303.979395018 0.9786883592605592 8.355707541340962e-05
2452304.058560279 0.976655662059784 8.347562834387645e-05
2452304.1377255316 0.9764999151229856 8.346220420207827e-05
2452304.216890775 0.9875653386116028 8.38994383229874e-05
2452304.294667146 0.9929565191268922 8.412246825173497e-05
2452304.3738323716 0.995771825313568 8.42218578327447e-05
2452304.452997588 0.9989775419235228 8.434791379841043e-05
2452304.5314683635 1.0028255581855774 8.449673623545095e-05
2452304.609939129 1.0066291093826292 8.46435796120204e-05
2452304.6891043168 1.0099737644195557 8.476545190205796e-05
2452304.768269494 1.0125958919525146 8.485669241053982e-05
2452304.847434662 1.0148863792419431 8.493746281601489e-05
2452304.925905388 1.016008198261261 8.49770731292665e-05
2452305.0043761036 1.0164201259613037 8.498953684465958e-05
2452305.082846809 1.0161513090133667 8.496853843098506e-05
2452305.1620119344 1.014164924621582 8.488073945045471e-05
2452305.240482618 1.0118055343627927 8.477691881125792e-05
2452305.3217310132 1.0094034671783447 8.46639959490858e-05
2452305.3981183823 1.0070658326148987 8.457300646114163e-05
2452305.477283463 1.0052832365036013 8.448801963822916e-05
2452305.5571429622 1.0036287307739256 8.440453530056402e-05
2452305.6356135895 1.0015084743499756 8.431645983364432e-05
2452305.714084206 0.999330163002014 8.422038081334902e-05
2452305.792554812 0.9971260428428651 8.412014358327725e-05
2452305.873803128 0.9956682920455932 8.405076368944718e-05
2452305.950190426 0.9950673580169676 8.402155071962623e-05
