2451410.937839533 0.9769055247306824 0.00808627065271135
2451411.0239539044 0.9884508550167082 0.008084761910140448
2451411.0982622607 0.9889004230499268 0.0080829262733459
2451411.173959545 0.9918311536312103 0.0080832075327634
2451411.250351286 0.996888667345047 0.0080824526958167
2451411.3260485423 0.996092677116394 0.0080838948488235
2451411.4010513136 0.9959585070610046 0.0080824336037039
2451411.47744301 1.0013843774795532 0.0080819865688681
2451411.5538346907 1.0000693798065183 0.0080838995054364
2451411.628837417 0.9984447360038756 0.0080843148753046
2451411.7052290672 0.999397873878479 0.0080852406099438
2451411.780926233 0.9979541897773742 0.0080852406099438
2451411.856623383 1.0016752481460571 0.0080855628475546
2451411.933014987 0.9993689656257628 0.0080867335200309
2451412.008017638 1.0045334100723269 0.0080870753154158
2451412.084409212 1.0024956464767456 0.008087120950222
2451412.160800771 1.001326084136963 0.008085636422038
2451412.232331035 1.0039488077163696 0.008085463196039151
2451412.316361718 1.0076273679733276 0.0080868750810623
2451412.3892808906 1.0062274932861328 0.00808568811044095
2451412.4622000507 1.0089306831359863 0.0080852825194597
2451412.5399804735 1.0066975355148315 0.008085086941719
2451412.61498301 1.0040960311889648 0.0080858655273914
2451412.692068937 0.9488137364387512 0.00805966043844815
2451412.768460381 1.0079904794692993 0.0080855460837483
2451412.843462877 1.003101885318756 0.008085871115326802
2451412.9191598273 0.9990604519844056 0.0080841677263379
2451412.995551232 1.00605309009552 0.00808488111943
2451413.071248156 1.003985345363617 0.008082683663815201
2451413.1469450668 0.9985087513923644 0.0080814277753233
2451413.2233364317 1.000184655189514 0.0080816252157092
2451413.3011167175 1.031447410583496 0.0080728344619274
2451413.37473019 1.032666802406311 0.008071195334196
2451413.451121516 1.027920126914978 0.0080709289759397
2451413.5268183635 1.027647078037262 0.0080699604004621
2451413.6025151988 1.028587222099304 0.0080670723691582
2451413.6789064878 1.0263631343841553 0.0080661876127123
2451413.7546032984 1.0267778635025024 0.00806553661823265
2451413.8303000974 1.024693250656128 0.0080647356808185
2451413.9039134863 1.0193110704421997 0.0080632148310542
2451413.98308259 1.019469141960144 0.0080592036247253
2451414.0580848865 1.0160484313964844 0.0080592166632413
2451414.133087172 1.008541762828827 0.00805946998298165
2451414.2101728423 1.006893813610077 0.0080575672909617
2451414.28586957 1.0103347301483154 0.0080584436655044
2451414.360871821 1.0072715282440183 0.0080565297976136
2451414.4365685256 1.0070043206214905 0.008055916987359451
2451414.514348614 1.0046614408493042 0.0080551579594612
2451414.5893508308 0.995332658290863 0.008053955622017349
2451414.6650475007 0.995957612991333 0.0080532869324088
2451414.7414386244 0.9966863989830016 0.0080538364127278
2451414.817135272 0.995908260345459 0.0080534289591014
2451414.8928319085 0.984969973564148 0.0080494051799178
2451414.9720008564 0.981547772884369 0.0080448659136891
2451415.044919613 0.9937624037265778 0.0080496347509324
2451415.12131068 0.9882498979568481 0.0080494796857237
2451415.1977017364 0.982888251543045 0.0080490047112107
2451415.272009389 0.9883123636245728 0.0080488733947277
2451415.3484004233 0.9818539023399352 0.0080490577965974
2451415.424096983 0.981024980545044 0.0080490638501942
2451415.4997935314 0.9842298030853271 0.0080480575561523
2451415.576184533 0.9847853183746336 0.0080491956323385
2451415.6518810596 0.9831896126270294 0.00805041473358865
2451415.727577576 0.987697184085846 0.0080499602481722
2451415.803968545 0.984566271305084 0.008048684336245
2451415.8796650395 0.9818353056907654 0.00804765569046135
2451415.955361523 0.9853349924087524 0.0080478359013795
2451416.0317524597 0.9835044145584104 0.00804731156677
2451416.1074489225 0.9838733673095703 0.008046302478760401
2451416.1831453745 0.982655644416809 0.0080475192517042
2451416.259536279 0.984141767024994 0.0080469576641917
2451416.33523271 0.9839814901351928 0.00804686732590195
2451416.4109291304 0.989088714122772 0.0080485315993428
2451416.487320003 0.9888647198677064 0.0080504873767495
2451416.5630164016 0.9896606802940369 0.00805157423019405
2451416.638712791 0.993507444858551 0.0080531062558293
2451416.7144091697 0.9930683076381681 0.00805341685190795
2451416.790105538 0.9929963946342468 0.0080509325489401
2451416.8664963576 0.9945133924484254 0.0080518033355474
2451416.937331472 0.998237669467926 0.0080527355894446
2451417.0192779656 1.0074555873870847 0.0080536790192127
2451417.086640752 1.004231035709381 0.00805356726050375
2451417.169281685 0.9313510656356812 0.0080213230103254
2451417.242894606 1.0038827657699585 0.0080557176843285
2451417.3227576707 1.0009544491767883 0.008055471815168799
2451417.399148417 1.0038065314292908 0.008055274840444299
2451417.4755391534 1.005103886127472 0.0080546760000288
2451417.5498464955 1.0021114349365234 0.0080567309632897
2451417.6255427497 1.0059362649917603 0.00805725622922175
2451417.7005445333 1.0028175711631775 0.00805760547518725
2451417.77901861 1.0024150609970093 0.0080569107085466
2451417.8540203725 1.0038243532180786 0.0080579090863466
2451417.9283276647 1.0048758387565613 0.008058648556470802
2451418.0061072498 1.0028629302978513 0.0080588432028889
2451418.0811089817 1.0007949471473694 0.008058400824665999
2451418.1568051646 1.0007261037826538 0.0080595696344971
2451418.2325013373 1.000067800283432 0.00805900990962975
2451418.30889196 0.9997062385082245 0.00805916497483845
2451418.384588112 1.0012972354888916 0.0080597605556249
2451418.4575064145 0.9993836283683776 0.008059932850301248
2451421.2242282443 0.9895947873592376 0.007998276036232651
2451421.267979012 1.0064905285835266 0.00800626073032615
2451421.344369234 1.0196806192398071 0.0080456091091036
2451421.4207594465 1.0260292291641235 0.0080861058086156
2451421.496455194 1.0215244889259338 0.008109982591122299
2451421.572845389 1.0158777832984924 0.008121772203594401
2451421.6485411194 0.941479206085205 0.0081041986122727
2451421.724236841 1.0039932131767273 0.00814128946512935
2451421.7999325553 1.0010647773742676 0.0081478124484419
2451421.876322718 0.99973326921463 0.0081502795219421
2451421.9520184174 0.997615933418274 0.0081535745412111
2451422.02771411 0.9997963905334472 0.0081521719694137
2451422.104104252 1.0026521682739256 0.008151551708579
2451422.179799932 1.00529408454895 0.0081775030121207
2451422.2554956074 1.0092296600341797 0.0082762399688363
2451422.3318857336 1.0104998350143433 0.0084001878276467
2451422.4075814 1.0113171339035034 0.008502070326358049
2451422.4777214197 1.0083506107330322 0.008625665679574
2451424.5645661494 1.0248541235923767 0.0080891968682408
2451424.608317074 1.0303386449813845 0.0080904308706521
2451424.6847075666 1.0280632972717283 0.0080879544839262
2451424.7604035875 1.026284635066986 0.0080865072086453
2451424.836099595 1.0192551612854004 0.0080861030146479
2451424.9083232945 1.0150948762893677 0.0080848271027207
2451424.9881860237 1.0196233987808225 0.0080857188440859
2451425.064576444 1.0148493647575378 0.0080855684354901
2451425.14027239 1.0097163915634155 0.0080852191895246
2451425.215968321 1.0088092684745789 0.0080833961255848
2451425.291664236 1.0081381797790527 0.0080840466544032
2451425.368054593 1.0041345357894895 0.0080846017226576
2451425.4437504755 0.9997677803039551 0.00808236282318825
2451425.5194463436 1.000900149345398 0.0080835865810513
2451425.59653111 0.9945432245731354 0.0080823465250432
2451425.671532489 0.9922470748424528 0.0080819553695619
2451425.746533853 0.9939865469932556 0.008081517182290499
2451425.8229241157 0.9964921474456786 0.00808235956355925
2451425.8986199065 0.9947049021720886 0.0080810841172933
2451425.975010139 0.99704110622406 0.0080809844657778
2451426.0507059 0.9937432110309601 0.00808235537260765
2451426.1264016465 0.9313183426856994 0.0080584473907947
2451426.202791834 0.9898465275764464 0.0080824829638004
2451426.2784875515 0.990973025560379 0.008082410320639551
2451426.3541832548 0.9954268932342528 0.0080824783071875
2451426.4305733996 0.99162358045578 0.0080830641090869
2451426.506269075 0.9913750886917114 0.0080837225541472
2451426.581964736 0.995223581790924 0.0080846985802054
2451426.658354839 0.9963863492012026 0.0080859651789069
2451426.734050473 0.9970523416996002 0.0080860047601163
2451426.8097460936 0.9986265897750854 0.0080862436443567
2451426.886136156 0.9984514117240904 0.0080887684598565
2451426.9618317494 0.9988430142402649 0.0080888601951301
2451427.0375273307 1.0004040002822876 0.0080892881378531
2451427.113917353 0.9998340606689452 0.0080885989591479
2451427.189612908 0.998416006565094 0.00808938266709445
2451427.26530845 1.0023449659347534 0.0080900369212031
2451427.3410039796 1.0004926323890686 0.00809006020426745
2451427.4166994956 1.002732276916504 0.0080902511253952
2451427.4930894542 1.0036641359329224 0.0080900005996227
2451427.56253486 1.008134365081787 0.0080897631123661
2451427.6451748796 1.0025020241737366 0.0080884136259555
2451427.720870346 1.000469207763672 0.0080891354009509
2451427.7965658004 0.9998213350772858 0.0080888429656624
2451427.872261243 1.0009257793426511 0.0080886064097285
2451427.948651126 0.9987087845802308 0.0080882273614406
2451428.025040998 1.000944972038269 0.0080892266705632
2451428.099347498 0.9967899322509766 0.008088082075119
2451428.1764317984 0.9929941296577453 0.0080871162936091
2451428.252127181 0.9951792061328886 0.008087125141173549
2451428.327822551 0.9381950199604034 0.008066413458436651
2451428.4042123626 0.9906878471374512 0.0080850319936871
2451428.479907709 0.9883480072021484 0.0080846832133829
2451428.555603045 0.9922834038734436 0.008085056208074
2451428.631992821 0.9892280995845795 0.008085133973509
2451428.7069936804 0.988462209701538 0.0080860070884227
2451428.7833834337 0.9894555807113647 0.0080834627151489
2451428.859078723 0.9884447455406189 0.0080823171883821
2451428.9347740007 0.9899126887321472 0.0080842627212405
2451429.0111637185 0.9863048791885376 0.0080823935568332
2451429.0868589734 0.9831744730472565 0.00808312231674785
2451429.162554217 0.983076572418213 0.0080817565321922
2451429.2389439004 0.9836151003837584 0.0080835223197937
2451429.3146391213 0.979630947113037 0.0080819870345294
2451429.3903343314 0.9799990057945251 0.0080826170742511
2451429.4667239813 0.9811189770698548 0.0080823292955756
2451429.542419168 0.9794268906116488 0.00808085082098835
2451429.6181143443 0.985085129737854 0.0080817239359021
2451429.6945039607 0.98442405462265 0.0080818897113204
2451429.770199114 0.982353776693344 0.0080819819122552
2451429.845894257 0.982800245285034 0.0080822594463825
2451429.92228384 0.9813591837882996 0.0080836778506636
2451429.99797896 0.9837935268878936 0.008082386106252601
2451430.0736740697 0.9848182797431946 0.0080845179036259
2451430.150063619 0.984579622745514 0.0080824494361877
2451430.225758707 0.9949513673782349 0.008082536980509699
2451430.3014537836 0.9964191317558287 0.0080829188227653
2451430.3771488494 0.9961419999599457 0.008084528613835549
2451430.4528439045 1.0018136501312256 0.0080845532938838
2451430.5292333984 0.9995356202125548 0.0080840187147259
2451430.60978958 0.9661592245101928 0.0080789551138877
2451430.680623454 0.9847148060798644 0.0080872625112533
2451430.7570129153 0.9884458780288696 0.0080893458798527
2451430.832707916 0.9910382628440857 0.008089003618806549
2451430.908402906 0.9915591478347776 0.0080899344757199
2451430.9847923345 0.9905176758766174 0.0080903582274913
2451431.060487302 0.9933540225028992 0.0080905496142804
2451431.1361822602 0.9933661818504332 0.0080908834934234
2451431.212571656 0.9946186542510984 0.0080926725640892
2451431.2882665917 0.9964108765125272 0.00809339247643945
2451431.363961517 1.0009233951568604 0.0080939400941133
2451431.4403508804 1.001246213912964 0.008095197379589
2451431.516045784 1.0081983804702759 0.00809692591428755
2451431.5917406767 1.0045958757400513 0.0080959126353263
2451431.6681300076 1.0069671869277954 0.008098566904664
2451431.7438248796 1.007801592350006 0.0080984123051166
2451431.81951974 1.0087146759033203 0.0080983731895685
2451431.8952145902 1.0076816082000732 0.0080990828573703
2451431.9709094297 1.0088255405426023 0.0081002376973629
2451432.047298707 1.00945246219635 0.0080997524783015
2451432.1229935247 1.0133663415908813 0.0081010176800191
2451432.1986883325 1.011879324913025 0.008101986721158
2451432.2750775767 1.013838291168213 0.0081035969778895
2451432.3507723627 1.0141059160232544 0.00810319231823085
2451432.4264671383 1.0170047283172607 0.0081041734665632
2451432.5028563505 1.0173088312149048 0.008105294778943
2451432.5785511043 1.021752655506134 0.0081058177165687
2451432.654245848 1.0260636806488037 0.0081048738211393
2451432.730635028 1.0277408361434937 0.008105986751616
2451432.8063297505 0.9638738632202148 0.008082719985395649
2451432.8820244614 1.0283242464065552 0.0081042377278208
2451432.958413609 1.0402408838272097 0.0081056421622633
2451433.0341082993 1.0388765335083008 0.0081071648746728
2451433.1098029786 1.0380020141601562 0.008104695007205
2451433.186192094 1.039445877075195 0.0081053646281361
2451433.261886752 1.037839412689209 0.008105842396616901
2451433.3375814 1.0348976850509644 0.0081048086285591
2451433.4139704825 1.0357803106307983 0.008103565312922
2451433.4896651087 1.0386554598808289 0.008104208856821
2451433.5604986027 1.0376479625701904 0.00810256460681555
2451433.6410543295 1.024141252040863 0.0081031387671828
2451433.716748924 1.019240379333496 0.0081023508682847
2451433.7931379536 1.0190054178237915 0.0081022726371884
2451433.8688325267 1.017123818397522 0.00810168636962765
2451433.9445270887 1.0186197757720947 0.0081001771613955
2451434.020916086 1.0167293548583984 0.0080995922908186
2451434.0966106276 1.015590786933899 0.0080981445498764
2451434.172305158 1.013575315475464 0.0080968150869011
2451434.2486941232 1.0146137475967407 0.0080960830673575
2451434.324388633 1.0092642307281494 0.0080952052958309
2451434.4000831316 1.0104364156723022 0.0080934455618262
2451434.4764720653 1.0033655166625977 0.008091234602034
2451434.552166543 1.00325345993042 0.0080913687124848
2451434.627861011 1.0026596784591677 0.0080890599638223
2451434.704249912 1.0011764764785769 0.0080901598557829
2451434.779944359 0.9990919232368469 0.0080881281755864
2451434.8556387955 0.9983133673667908 0.0080861682072281
2451434.9320276654 0.9970873594284057 0.0080863768234848
2451435.0077220816 0.9881085753440857 0.008082723710685951
2451435.083416487 0.9609032869338988 0.0080708991736173
2451435.159110883 0.9890190064907074 0.008082199376076401
2451435.234805268 0.9890049695968628 0.0080806743353605
2451435.3111940874 0.986841917037964 0.0080804880708456
2451435.3868884537 0.9861712455749512 0.00807944731786845
2451435.4618883664 0.9839977324008942 0.0080768349580466
2451435.5389716006 0.9839527606964112 0.0080756163224577
2451435.6146659385 0.9880510866641998 0.00807643681764595
2451435.690360267 0.988407790660858 0.0080743674188852
2451435.7667490304 0.9930068254470824 0.0080740768462419
2451435.8424433423 0.9941855669021606 0.00807205028831955
2451435.9181376463 0.9987985491752625 0.0080726156011223
2451435.9945263853 1.0024564266204832 0.0080719720572233
2451436.070220675 1.002977192401886 0.00807318091392515
2451436.145914958 1.009300947189331 0.0080773849040269
2451436.2223036783 1.0040920972824097 0.0081448890268802
2451436.2979979506 1.0040624737739563 0.008278626017272452
2451436.373692219 1.006315231323242 0.0084339026361703
2451436.431330973 0.9994074106216431 0.00857712514698505
2451438.2236931687 0.9952727556228635 0.007981208153069
2451438.2716099923 1.0016648769378662 0.007804383989423449
2451438.3466102276 1.0142839550971985 0.007673534797504499
2451438.4236937906 1.0117779970169067 0.0075917523354291
2451438.500777337 1.009864628314972 0.0075845506507903
2451438.574388637 1.0125041604042053 0.00758544448763125
2451438.6514721513 1.0128881931304932 0.0075836610049009
2451438.726472311 1.011194109916687 0.0075825392268598
2451438.802861346 1.014335870742798 0.0075810672715306
2451438.877861472 1.0154695510864256 0.0075811482965946
2451438.9535560263 1.0072456002235413 0.0075811457354575
2451439.0313338996 1.001495897769928 0.0075811783317476
2451439.1063339747 1.0027108788490293 0.00758131663314995
2451439.1827229233 0.9973819851875304 0.007580435834825001
2451439.2584174103 0.9968019723892212 0.0075798393227159
2451439.3348063254 1.0080939531326292 0.007580489385873
2451439.4098063344 1.0018806457519531 0.0075814179144799
2451439.4861952174 0.9919777512550354 0.0075787394307553
2451439.561889639 0.9914467930793762 0.0075766767840832
2451439.6375840455 0.9959625005722044 0.0075801615603268
2451439.7139728805 0.9935180544853208 0.0075786211527884
2451439.789667256 0.9901348948478699 0.0075801815837620995
2451439.865361617 0.9892873764038084 0.0075799063779413
2451439.9410559624 0.9935847520828246 0.007579896831884951
2451440.016750294 0.9961393475532532 0.0075805122032761
2451440.093139053 0.9934109449386596 0.0075786430388689
2451440.168833355 0.9918509423732758 0.007578743156045649
2451440.2445276426 0.9911143183708192 0.0075793741270899
2451440.3209163593 0.9933503270149232 0.0075785610824823
2451440.3966106186 0.9883270859718322 0.00757812359370285
2451440.4723048643 0.9904063940048216 0.007579464931041
2451440.548693539 0.9953250288963316 0.0075794337317347
2451440.624387758 0.9944345951080322 0.0075786204542964
2451440.7000819626 0.994359850883484 0.0075798267498612
2451440.7764705964 0.9966928958892822 0.0075797536410391
2451440.852164775 0.9964734017848969 0.007579257478937449
2451440.927858941 0.9958998560905457 0.0075804870575666
2451440.997997559 1.0019694566726685 0.0075804037041962
2451441.082024999 1.0232897996902464 0.007580264471471251
2451441.1556358007 1.0202490091323853 0.0075814239680767
2451441.233413239 1.0173572301864624 0.0075816926546394
2451441.3098017816 1.0241138935089111 0.00758173898793755
2451441.3841069876 1.0187420845031738 0.0075822258368133996
2451441.4570233 1.0165834426879885 0.0075816800817847
2451441.5361895687 1.0132687091827393 0.0075834295712411
2451441.6139669428 1.0179435014724731 0.007584280334413
2451441.6875776597 1.0149834156036377 0.0075825871899724
2451441.7625772464 0.9456964731216432 0.0075586102902889
2451441.838965702 1.0109010934829712 0.0075838747434318
2451441.9146597055 1.0118050575256348 0.00758501072414215
2451441.990353697 1.0114408731460571 0.0075855418108403
2451442.0674365563 1.0116289258003235 0.0075873627793043505
2451442.1424360834 1.0085797309875488 0.00758637092076235
2451442.218130039 1.0133956670761108 0.0075878263451159
2451442.2945184233 1.0136390924453735 0.0075881155207753
2451442.370212355 1.0095101594924927 0.0075880079530179
2451442.445906276 1.0122742652893066 0.0075894533656537
2451442.5222946247 1.0129153728485107 0.0075892372988164
2451442.5979885217 1.01279878616333 0.0075902773533016
2451442.673682408 1.015905737876892 0.0075922394171357
2451442.750070721 1.012930393218994 0.0075922412797808
2451442.8257645844 1.0102585554122925 0.00759344687685365
2451442.9014584357 1.0113724470138548 0.0075929737649857
2451442.9778467147 1.0107234716415403 0.0075932731851935
2451443.0535405437 1.011042296886444 0.00759218144230535
2451443.1292343615 1.0123980045318604 0.0075930948369204
2451443.204928168 1.0135785341262817 0.0075925251003354
2451443.2806219626 1.0141295194625854 0.0075937882065773
2451443.3570101853 1.010593056678772 0.0075926850549876
2451443.432703958 1.018382728099823 0.0075934443157166
2451443.5083977194 1.0194021463394165 0.0075926734134554
2451443.5847859085 1.0123654603958128 0.0075928522273898
2451443.6604796476 1.0105134844779968 0.0075934182386845
2451443.736173376 1.01360023021698 0.0075948201119899
2451443.812561531 1.0165287256240845 0.0075938287191092
2451443.8882552376 1.0175145268440247 0.0075936692301183
2451443.9639489325 1.0125772953033447 0.0075911935418844
2451444.03339268 1.0136451125144958 0.00758171780034895
2451444.1181140402 1.0384581089019775 0.0075931614264845
2451444.1917243903 1.027835249900818 0.0075934319756925
2451444.2681124792 1.0265369415283203 0.0075926771387457
2451444.3438061196 1.0232939720153809 0.0075929402373730494
2451444.41949975 1.023581862449646 0.0075913621112704
2451444.4958878052 1.0209555625915527 0.0075912023894488
2451444.571581414 1.0164237022399902 0.00758971925824875
2451444.647275011 1.0174956321716309 0.0075879315845668
2451444.723663034 1.018378496170044 0.0075884517282247
2451444.7993566096 1.0146409273147583 0.0075871688313782
2451444.875050174 1.0167021751403809 0.0075871399603784
2451444.9507437283 1.0100732445716858 0.0075838728807866
2451445.026437272 1.0023111104965208 0.0075824013911187
2451445.10282524 1.0051839351654053 0.0075817387551069
2451445.1785187623 1.0038439631462095 0.007580448407679749
2451445.2542122733 0.9985588192939758 0.0075790644623339
2451445.3306002095 1.0005981922149658 0.0075778779573738
2451445.406293699 0.9986953139305115 0.0075772088021039
2451445.481987178 0.9938111901283264 0.0075755156576633
2451445.558375082 0.9914254546165464 0.0075737610459327
2451445.6340685394 0.9893101751804352 0.00757359946146605
2451445.709761986 0.98540198802948 0.007571892812848
2451445.786149857 0.981498658657074 0.0075704050250351
2451445.861843283 0.9800662994384766 0.0075698723085224
2451445.9375366974 0.9785348176956176 0.0075685488991439
2451446.0139245368 0.976223349571228 0.0075689204968512
2451446.0896179304 0.9700770676136017 0.0075656946282833
2451446.165311313 0.9753196835517884 0.0075666843913495
2451446.2416991196 0.9080660939216612 0.0075371949933469
2451446.3173924806 0.9748167395591736 0.007564494386315301
2451446.393085832 0.9732269048690796 0.0075651556253433
2451446.468779172 0.970419853925705 0.0075643439777195
2451446.544472501 0.9740064740180968 0.0075631374493241
2451446.6208602544 0.973941206932068 0.0075618694536387
2451446.696553563 0.9748907983303071 0.00756240286864335
2451446.7722468604 0.9706953167915344 0.007562359329313
2451446.8486345806 0.9710497856140136 0.0075625325553119
2451446.9243278573 0.9737646579742432 0.0075633332598954005
2451446.9944656543 0.9816126823425294 0.0075624156743288
2451447.0784921115 0.9872454702854156 0.007563441293314051
2451447.152102056 0.9810563623905182 0.007563028717413449
2451447.2277952894 0.981682240962982 0.0075648250058293
2451447.3041829458 0.9823105335235596 0.0075645498000085
2451447.379876158 0.9811387062072754 0.00756460451520975
2451447.45556936 0.9818376898765566 0.0075672483071684
2451447.5319569837 0.9818617105484008 0.0075680632144212
2451447.6076501645 0.9871639907360076 0.007569007575511899
2451447.6833433346 0.9908087253570556 0.0075700841844081
2451447.7597309267 0.9896413087844848 0.0075704362243413
2451447.835424076 0.9916833937168121 0.00757021293975405
2451447.911117214 0.9942323565483092 0.0075722383335232
2451447.987504774 0.9925199151039124 0.0075724036432802
2451448.063197891 0.9935166537761688 0.007573674432933299
2451448.1388909975 0.9956839084625244 0.0075745047070086
2451448.2145840945 1.0008896589279175 0.00757536338642235
2451448.29027718 1.0046634674072263 0.0075756679289042
2451448.366664687 1.0059411525726318 0.0075787375681102
2451448.4423577525 0.990338772535324 0.00757255102507765
2451448.518050807 0.9966385364532472 0.0075793745927512
2451448.5944382837 1.0058733224868774 0.0075820190832018
2451448.670131318 1.0070106983184814 0.0075833441223949
2451448.7458243426 1.0006569623947144 0.0075848056003451
2451448.822211788 0.9998289942741394 0.0075861066579818
2451448.897904793 1.006104826927185 0.007588204694911799
2451448.973597788 1.0041022300720217 0.0075888969004154
2451449.049985205 1.0017738342285156 0.0075891911983489
2451449.1256781816 0.9985393285751344 0.00759021262638265
2451449.2013711487 1.0001615285873413 0.0075900545343756
2451449.2777585387 1.0021766424179075 0.0075909872539341
2451449.3534514885 1.0030113458633423 0.0075902726966887
2451449.4291444314 1.0018796920776367 0.007590286899358
2451449.505531797 0.9992133378982544 0.0075907264836132
2451449.5812247256 1.0024532675743103 0.0075894347392022
2451449.6569176484 1.0010459423065183 0.0075874659232795
2451449.733304996 1.0018048286437988 0.0075876875780522
2451449.8089979095 0.9948933124542236 0.00758679001592095
2451449.88469082 0.9931559562683104 0.00758508592844
2451449.960383729 0.9969840049743652 0.0075895215850323005
2451450.040937652 1.008952021598816 0.0078070661984383505
2451450.083992336 1.0186496973037718 0.007985368371009799
2451451.575633883 1.0092580914497373 0.007986718788743
2451451.6304942123 1.002280592918396 0.0077721010893583
2451451.7061875667 0.9961654841899872 0.0076340220402925495
2451451.7818809077 0.9921829402446747 0.0075827187392860495
2451451.8582686665 0.9915148019790648 0.0075799725018441
2451451.9332675403 0.9966822266578672 0.007581730838865
2451452.0096552656 1.0017776489257812 0.007581990212202
2451452.0860429727 1.0053037405014038 0.0075832358561456
2451452.1624306627 1.0014495849609375 0.0075836097821593
2451452.2374294675 0.9949584603309632 0.007583706639707
2451452.3138171225 0.9999133944511412 0.0075836577452719
2451452.388815893 1.00554358959198 0.0075839795172214
2451452.465203513 1.0030114650726318 0.0075857271440327
2451452.5415911158 1.0003317594528198 0.0075860931538045
2451452.617284268 1.0040720701217651 0.0075875138863921
2451452.6929774056 1.0067267417907717 0.0075878682546317
2451452.7693649577 1.0068073272705078 0.0075897523202002
2451452.845058062 1.0033375024795532 0.0075883693061768506
2451452.9207511507 0.9833393096923828 0.0075800409540534
2451452.997138656 1.0021049976348877 0.0075904703699052
2451453.0728317136 1.0101140141487122 0.0075928855221717995
2451453.1485247565 1.0096288919448853 0.0075932913459837
2451453.224912216 1.00879168510437 0.0075924540869891
2451453.300605229 1.0111148357391357 0.00759360496886065
2451453.376298228 1.0105782747268677 0.0075944373384118
2451453.4519912116 1.0157321095466614 0.007594779599457899
2451453.527684182 1.0154160261154177 0.0075948862358927
2451453.6040715687 1.0167397260665891 0.0075956690125167
2451453.6797645115 1.0170725584030151 0.00759595306590195
2451453.75545744 1.0146983861923216 0.0075956028886139
2451453.8318447857 1.0140572786331177 0.0075977579690515
2451453.9075376876 1.0143494606018066 0.0075976829975843
2451453.9832305764 1.019576907157898 0.007600029464811
2451454.059617882 1.0170063972473145 0.0076006804592907
2451454.1353107444 1.0147437453269958 0.00759994960390025
2451454.211003594 1.021330952644348 0.007601095829159
2451454.2873908607 1.0270445346832275 0.007599314674735
2451454.363083685 1.0285834074020384 0.00759724597446615
2451454.438776497 1.0313456058502195 0.0075980369001626
2451454.5151637252 1.0290064811706543 0.007597291842103
2451454.583912221 1.027705430984497 0.00759737868793305
2451454.666549287 1.0354028940200803 0.0075995144434273
2451454.7429364785 1.0331130027770996 0.0075980904512107
2451454.8186292285 1.0377128720283508 0.00759838521480555
2451454.8943219674 1.0377342700958252 0.0075976201333105
2451454.9707091223 1.0331459045410156 0.0075962599366903
2451455.046401837 1.029001533985138 0.0075945926364510506
2451455.12209454 1.0269910097122192 0.0075928573496639
2451455.197787231 0.9655192494392396 0.0075676951091736
2451455.2734799106 1.0265003442764282 0.0075905481353402
2451455.3498670068 1.0289186239242551 0.0075900768861174
2451455.425559663 1.022191047668457 0.007587967673316549
2451455.501252308 1.021043300628662 0.0075866379775106
2451455.5776393693 1.0150132179260252 0.0075840149074792
2451455.6533319913 1.0112276673316956 0.00758208543993525
2451455.7290246026 1.0161359310150146 0.0075813420116901
2451455.80541163 1.013954520225525 0.0075783710926771
2451455.881104218 1.0079798698425293 0.00757688819430765
2451455.9567967956 1.0032120943069458 0.007574887946248
2451456.0331837884 0.9984101057052612 0.0075734099373221
2451456.108876344 0.9991561770439148 0.00757158012129365
2451456.1845688876 0.9995969533920288 0.0075697149150073
2451456.260955848 0.9953790903091432 0.0075681624002754
2451456.3366483697 0.9937965571880341 0.007566107669845151
2451456.412340881 0.9928128123283384 0.007564733736217
2451456.488727808 0.9873424172401428 0.0075625744648277
2451456.5644202977 0.9835338294506073 0.0075600114651023995
2451456.6401127763 0.9845311045646667 0.007560659199953
2451456.7164996704 0.9813911318778992 0.0075571229681372
2451456.7921921276 0.9844443500041962 0.0075551350601017
2451456.8678845735 0.985103726387024 0.0075537362135946
2451456.9435770097 0.9874912202358246 0.007552976952865701
2451457.019269435 0.989201843738556 0.0075519629754126
2451457.0956562753 0.9859322905540464 0.0075509240850806
2451457.1713486793 0.9899497628211976 0.00755103421397505
2451457.247041072 0.9850010871887208 0.0075484877452254
2451457.3234278806 0.9888226389884948 0.0075486055575311
2451457.3991202526 0.9229402542114258 0.0075172972865402005
2451457.4748126147 0.9817273020744324 0.007546501699835
2451457.551199391 0.9874787926673888 0.0075467210263013
2451457.6317527075 0.9875823855400084 0.0075497962534427
2451457.7025840622 0.986066997051239 0.0075484947301447
2451457.778970807 0.989354372024536 0.0075478223152458
2451457.8546631164 0.9920068681240082 0.00754805677570395
2451457.930355415 0.9890220761299132 0.0075468528084456
2451458.0067421286 0.9914287328720092 0.0075479601509869
2451458.0824344065 0.991558074951172 0.0075479838997125
2451458.158126675 0.99030339717865 0.0075475117191672
2451458.234513357 0.9941181540489196 0.0075475736521184
2451458.310205604 0.997546374797821 0.0075477699283509996
2451458.3858978413 1.0003960132598877 0.0075494558550417
2451458.462284492 0.9947530031204224 0.0075478535145521
2451458.5379767083 1.0045009851455688 0.00754918553866445
2451458.613668914 1.004241943359375 0.0075497031211853
2451458.68936111 1.0046221017837524 0.007548919180408099
2451458.765053295 1.007443070411682 0.0075488085858523
2451458.8414398944 1.0068578720092771 0.0075494037009775
2451458.9171320596 1.0056586861610413 0.007549581117928
2451458.992824214 1.0029994249343872 0.0075502647086977
2451459.069210782 1.0028060674667358 0.00754882581532
2451459.1449029166 1.0073035955429077 0.00755077926442025
2451459.2205950404 1.006027340888977 0.0075486716814339
2451459.2969815773 1.0040844678878784 0.0075489375740289
2451459.372673681 1.00370854139328 0.007548478199169
2451459.4483657745 1.0073049068450928 0.0075491047464311
2451459.5247522807 1.0021125078201292 0.0075468011200428
2451459.6004443537 0.9994745552539825 0.0075457075145095
2451459.6761364164 0.9673545956611632 0.0075318217277526
2451459.752522892 1.0012586116790771 0.0075477827340364
2451459.828214934 1.0002704858779907 0.00754726259037845
2451459.903906966 0.9987318515777588 0.0075469464063644
2451459.9802934104 0.9953355789184568 0.0075458697974681
2451460.0559854223 0.996097981929779 0.00754583952948445
2451460.131677424 0.995723843574524 0.0075450609438121
2451460.208063837 0.9986702799797058 0.007544947322458
2451460.2837558184 0.996871441602707 0.007544206455349849
2451460.3594477894 0.9927878379821776 0.0075426627881824
2451460.43513975 0.9933100342750549 0.0075423349626362
2451460.5108317006 0.9943101406097412 0.0075428648851811
2451460.5823571123 0.998079389333725 0.0075440348591655
2451460.662909993 0.9950860738754272 0.0075472865719348
2451460.7386019127 0.996715009212494 0.0075478591024875
2451460.814988244 0.9919302463531494 0.0075467727147042
2451460.890680143 0.9908104240894318 0.0075480844825506
2451460.9663720326 0.9942601323127744 0.007548470981419
2451461.0427583326 0.9914560317993164 0.0075477831996977
2451461.118450202 0.9913754463195801 0.00754901627078645
2451461.1941420604 0.9906821846961976 0.0075486185960471
2451461.2705283295 0.9890971779823304 0.0075496584177017
2451461.346220168 0.9891991913318634 0.00754999183118335
2451461.421911996 0.9884551167488098 0.0075505953282117
2451461.4982982343 0.9889780879020692 0.0075520602986216
2451461.5739900414 0.9895042777061462 0.007551102200523
2451461.649681839 0.9925985336303712 0.0075528151355683
2451461.7260680464 0.9924278855323792 0.0075532277114689
2451461.801759823 0.9927617609500884 0.00755334435962135
2451461.8774515903 0.9308727979660032 0.007528930902481
2451461.9538377672 0.9965965151786804 0.0075557366944849
2451462.0295295143 0.9976529777050018 0.00755725079216055
2451462.105221251 0.9950369596481324 0.0075570954941213
2451462.1816073973 0.9934625029563904 0.0075576836243271
2451462.257299114 0.9930405318737029 0.00755842239595945
2451462.3329908215 0.9951137900352478 0.0075594973750412
2451462.4086825186 0.9960111081600187 0.0075615984387695
2451462.484374207 0.9975068569183348 0.0075608668848872
2451462.5607603043 0.9981436729431152 0.0075614177621901
2451462.6364519736 0.9998898804187775 0.00756099633872505
2451462.7121436335 0.9993566870689392 0.0075615355744957
2451462.7885297034 0.9963858723640442 0.0075617772527039
2451462.864221346 0.9958974421024323 0.0075642673764377
2451462.93991298 0.9992197155952453 0.0075642261654138
2451463.0162990256 0.9994528889656068 0.0075652785599231
2451463.091990644 0.9966271221637726 0.007566087879240501
2451463.1676822575 0.9957935810089112 0.0075669768266379
2451463.2440682827 0.996217668056488 0.0075676860287785
2451463.3197598844 0.994654506444931 0.0075686003547161505
2451463.395451483 0.9940384626388548 0.0075682247988879
2451463.4718374973 0.9980815649032592 0.0075700804591178
2451463.5475290935 0.9987936019897461 0.00757426698692135
2451463.6280816197 1.0125328302383423 0.00774989416822785
2451463.67460765 1.0223406553268433 0.007960008457303
2452144.5195471924 0.992240786552429 0.007881151977926451
2452144.558437469 0.9737327098846436 0.0078819347545504
2452144.6362180044 0.971557229757309 0.00788340484723445
2452144.710526174 0.975690186023712 0.0078829741105437
2452144.7862232593 0.9822704792022705 0.0078842784278094
2452144.8619203228 0.9799264669418336 0.0078841056674718
2452144.9376173653 0.9828767776489258 0.00788400974124665
2452145.0140088536 0.9897736310958862 0.0078850826248526
2452145.089705853 0.990914821624756 0.0078854626044631
2452145.1660972983 0.9879947900772096 0.0078862654045224
2452145.2417942556 0.9880211651325226 0.0078859701752662
2452145.3174911933 0.9910560846328736 0.0078865755349397
2452145.3931881115 0.9918722510337832 0.0078875315375626
2452145.46888501 0.9949793219566344 0.0078880619257688
2452145.545276357 0.9901494383811952 0.0078879799693822
2452145.620973218 0.9940692186355591 0.007889206521213
2452145.6966700614 0.99740868806839 0.0078884679824113
2452145.7730613532 0.9966628551483152 0.0078884875401854
2452145.848758162 0.9977066218852997 0.00788828404620285
2452145.9244549535 0.9978178739547728 0.0078883506357669
2452146.000846194 0.9974667429924012 0.0078901136294007
2452146.076542952 0.9636264443397522 0.007876167539507099
2452146.1522396947 0.9984356164932252 0.0078901620581746
2452146.2286308864 1.0021525621414185 0.0078919446095824
2452146.304327598 1.0006147027015686 0.0078917052596807
2452146.3800242934 1.0045219659805296 0.0078934142366051
2452146.456415439 1.006975531578064 0.0078941332176327
2452146.532112105 1.0078957676887512 0.00789432600140565
2452146.607808756 1.008106708526611 0.0078944852575659
2452146.6841998575 1.0090254545211792 0.0078949453309178
2452146.7598964805 1.0090872049331665 0.007894347421824849
2452146.835593089 1.0128625631332395 0.0078941816464066
2452146.9112896835 1.0122480392456055 0.0078962184488773
2452146.9869862646 1.015998125076294 0.0078960927203297
2452147.063377296 1.016892433166504 0.007896315306425
2452147.1390738506 1.017179787158966 0.00789619889110325
2452147.2147703916 1.023018479347229 0.0078968368470668
2452147.291161383 1.022835612297058 0.007896183989942
2452147.3668578975 1.024546504020691 0.00789664825424545
2452147.4425543994 1.024020075798035 0.0078962743282318
2452147.518945352 1.0212743282318115 0.0078970342874526
2452147.594641829 1.0263076424598694 0.007896867115050499
2452147.670338293 1.029763102531433 0.0078977709636092
2452147.7467292077 1.0273367166519165 0.0078975651413202
2452147.8231201097 1.0272300243377683 0.0078975316137075
2452147.898122074 1.0258116722106931 0.0078979292884469
2452147.9745129514 1.0232672691345217 0.0078967316076159
2452148.0502093546 1.0280026197433472 0.0078972778283059
2452148.1259057457 1.0288515090942385 0.0078970426693558
2452148.2029910493 1.028958797454834 0.00789643591269845
2452148.277992954 1.0278673768043518 0.0078964573331177
2452148.3536893097 0.9636037349700928 0.007870583795011
2452148.4293856537 1.0254342555999756 0.0078944023698568
2452148.5050819865 1.0241254568099976 0.007894268259406
2452148.581472769 1.0264631509780884 0.0078947190195322
2452148.6571690785 1.0272307395935059 0.007892787456512399
2452148.732865376 1.0227206945419312 0.0078934011980891
2452148.809256124 1.0257039070129397 0.007892888970673
2452148.8849524 1.0305092930793762 0.00789313437417145
2452148.960648664 1.0259068012237549 0.0078911166638135
2452149.0370393777 1.0281965732574463 0.007891627959907
2452149.1127356193 1.027280330657959 0.00789047079160805
2452149.1884318497 1.023531794548035 0.0078904619440436
2452149.26482253 1.02348792552948 0.0078898509964346
2452149.340518739 1.0213589668273926 0.0078886998817324
2452149.416214937 1.01951801776886 0.0078881690278649
2452149.4926055837 1.021286368370056 0.0078868474811315
2452149.5683017597 1.0206578373908997 0.0078854570165276
2452149.6439979244 1.0150064229965208 0.0078836865723133
2452149.719694079 1.015771448612213 0.0078838537447154
2452149.7953902227 1.0110832452774048 0.0078808264806866
2452149.871780815 1.0121161937713623 0.0078796176239848
2452149.947476937 1.003673434257507 0.007878158707171599
2452150.0231730486 1.0036770105361938 0.0078763226047158
2452150.099563609 1.0061749219894407 0.0078760469332337
2452150.175259699 0.9991241693496705 0.00787388253957025
2452150.2509557786 0.9963890314102172 0.0078727435320615
2452150.3273463068 0.9965595006942748 0.0078715607523918
2452150.4030423653 0.9953476190567017 0.007871893700212199
2452150.478738413 0.99240243434906 0.0078703388571739
2452150.5551289096 0.9298300743103028 0.0078430892899632
2452150.6308249366 0.9915679693222045 0.00786861917003985
2452150.706520953 0.9857594370841982 0.0078664114698767
2452150.782911418 0.9841408133506776 0.0078662373125553
2452150.8586074137 0.9861031770706176 0.007865888532251099
2452150.9398590676 0.9849682450294496 0.0078655080869793
2452151.0106938323 0.9837926030158995 0.0078658945858478
2452151.0863897977 0.9819630682468414 0.00786452833563085
2452151.162085752 0.9835043549537658 0.0078645842149853
2452151.237781696 0.9776448905467986 0.0078628049232065
2452151.31347763 0.9791294336318968 0.0078626731410622
2452151.391256927 0.9811519980430604 0.0078626004979014
2452151.465563925 0.9802442491054535 0.007861651480197851
2452151.541259828 0.98009991645813 0.0078619550913572
2452151.6176501787 0.9793503880500792 0.0078618749976158
2452151.693346061 0.9780885279178619 0.007862097583711099
2452151.7690419336 0.978874623775482 0.0078618451952934
2452151.846126711 0.9802835285663605 0.00786154856905335
2452151.9211281063 0.9791830778121948 0.007861706893891051
2452151.996823948 0.9791864156723022 0.0078615490347146
2452152.073214237 0.979836404323578 0.00786301959306
2452152.1489100587 0.9805420339107513 0.00786334695294495
2452152.2246058704 0.9832287430763244 0.0078639304265379
2452152.300996129 0.9846534132957456 0.007863943465054
2452152.3766919207 0.9882293343544006 0.0078650503419339
2452152.452387702 0.9877050518989564 0.0078656580299139
2452152.52877793 0.9863515496253968 0.0078655593097209
2452152.6044736914 0.9894104301929474 0.007867060601711249
2452152.6801694427 0.9875352978706362 0.0078668789938092
2452152.7558651846 0.9859890639781952 0.0078667616471648
2452152.831560916 0.9413625001907348 0.0078504020348191
2452152.9079510933 0.9890863299369812 0.0078684240579605
2452152.9836468045 0.9912614226341248 0.00786967482417815
2452153.0593425054 0.9885166883468628 0.0078698033466935
2452153.1357326526 0.9882110953330993 0.0078708184882998
2452153.211428335 0.9864603877067566 0.0078719039447605
2452153.287124006 0.985488712787628 0.0078739570453763
2452153.363514123 0.9882820844650269 0.0078754341229796
2452153.4392097746 0.9918591976165771 0.007876423653215149
2452153.5149054164 0.9912925958633424 0.0078784506767988
2452153.591295504 0.993739366531372 0.0078789498656988
2452153.666991126 0.9928631782531738 0.00787915941327805
2452153.742686738 0.993448257446289 0.0078808087855577
2452153.819076795 0.9935374259948728 0.0078813945874571
2452153.894772387 0.9984919130802155 0.00788453361019485
2452153.97046797 0.9971648454666135 0.0078858658671379
2452154.046857998 0.9967698454856871 0.0078870598226785
2452154.122553561 0.9971795380115508 0.007888061460107551
2452154.1982491137 0.9982943534851072 0.007890872657299
2452154.2739446573 0.9990340769290924 0.00789137743413445
2452154.349640191 1.000677704811096 0.0078937672078609
2452154.4260301697 1.0011181831359863 0.0078961476683616
2452154.5017256844 1.001455545425415 0.0078986692242324
2452154.5774211893 1.003745913505554 0.0079009383916854
2452154.6538111386 1.005328893661499 0.0079041635617613
2452154.729506624 1.0038445591926575 0.00790516706183545
2452154.8052021004 1.00492787361145 0.0079096397385001
2452154.8815920213 1.0032774209976196 0.0079111699014902
2452154.9572874783 1.0037806630134583 0.00791471172124145
2452155.0329829264 0.9445191025733948 0.0078938268125057
2452155.1093728184 1.0058287382125854 0.0079212710261344
2452155.185068248 1.0048071146011353 0.007924396544694848
2452155.2607636685 1.0053282976150513 0.007928111590445
2452155.337153533 1.008397102355957 0.0079320473596453
2452155.4128489355 1.0043297410011292 0.00793541269376865
2452155.4885443286 1.0069997310638428 0.0079391747713088
2452155.564934166 1.010186791419983 0.0079449964687228
2452155.640629542 1.0093984007835388 0.007947753649204949
2452155.71632491 1.0096991062164309 0.0079519767314195
2452155.792020269 1.0080699920654297 0.00795531040057535
2452155.8677156204 1.0066096782684326 0.00795962754637
2452155.944105416 1.0077810287475584 0.0079849660396575
2452156.0198007515 1.0057111978530884 0.0081015373580157
2452156.09549608 1.0042940378189087 0.0082603571936488
2452156.1718858536 1.003741145133972 0.0084148412570357
2452156.23091431 0.9993767440319061 0.00852354196831575
2452158.9045624724 1.0292732119560242 0.007907825987786051
2452158.98025824 1.0341473817825315 0.0079074166715145
2452159.055953987 1.0260160565376282 0.0079055917449295
2452159.131649713 1.0270181894302368 0.0079070394858717
2452159.2080398733 1.0265003442764282 0.0079074529930949
2452159.283735556 1.0247026681900024 0.007906153798103301
2452159.358736762 1.025867998600006 0.0079055493697524
2452159.4358213125 1.02862548828125 0.007903997786343
2452159.511516931 0.9651295840740204 0.00787598267197605
2452159.5872125286 1.0236064195632937 0.007901644334197
2452159.6636025608 1.0231928825378416 0.0079000014811754
2452159.7392981173 1.024762749671936 0.007898885756730999
2452159.815688109 1.020585536956787 0.007898181211203299
2452159.891383627 1.0203886032104492 0.0078974962234497
2452159.9670791253 1.0204980969429016 0.0078967567533254
2452160.042774606 1.0175052881240845 0.0078965704888105
2452160.1191645213 1.017350196838379 0.0078951101750135
2452160.1948599652 1.0116691589355469 0.007893901783972899
2452160.270555392 1.013025164604187 0.0078925397247076
2452160.346945254 1.010292649269104 0.0078908186405897
2452160.422640646 1.0106028318405151 0.007891011890023902
2452160.4990304746 1.0097311735153198 0.007890653796493952
2452160.574031381 1.0088831186294556 0.00788852339610455
2452160.649726724 1.0044236183166504 0.0078875161707401
2452160.7261165036 0.9999163150787352 0.0078865690156817
2452160.8018118152 1.002294898033142 0.00788635713979595
2452160.877507111 1.001366376876831 0.0078843319788575
2452160.9538968443 0.9990755915641784 0.0078832693397998
2452161.02959211 0.9962654113769529 0.0078830979764461
2452161.1052873605 0.9974154233932496 0.0078814160078763
2452161.181677049 0.9963195323944092 0.0078816637396812
2452161.2573722703 0.9933858811855316 0.007880694698542301
2452161.333067478 0.994901418685913 0.0078812576830387
2452161.4094571234 0.9971944093704224 0.0078793643042445
2452161.4851523023 0.9918789565563202 0.007878512609750001
2452161.5608474677 0.990805208683014 0.0078779635950922
2452161.6372370706 0.9922541975975036 0.0078785819932818
2452161.7129322095 0.985239177942276 0.007874304428696549
2452161.7886273344 0.9845751523971557 0.0078736329451203
2452161.8650168963 0.9947659373283384 0.0078777391463518
2452161.940711995 0.9917349517345428 0.0078773437999188
2452162.01640708 0.9908605813980104 0.0078773442655801
2452162.0921021528 0.9904542565345764 0.0078750257380306
2452162.1677972125 0.9921482801437378 0.0078751118853688
2452162.244186709 0.991456627845764 0.0078759593889117
2452162.3198817433 0.9913910627365111 0.0078754783608019
2452162.395576765 0.9906314611434937 0.0078744767233729
2452162.4719662233 0.9952807426452636 0.007874334231019
2452162.5476612197 0.9933627545833588 0.0078737963922321
2452162.623356204 0.9901939630508424 0.0078727090731263
2452162.6997456253 0.9913117289543152 0.0078716315329074
2452162.775440585 0.9904924035072327 0.0078719309531152
2452162.851135533 0.9926871061325072 0.0078710010275244
2452162.9275249173 0.9936043620109558 0.007873217575252
2452163.00321984 0.990731805562973 0.007871133740991298
2452163.0789147527 0.9917275309562684 0.0078714024275541
2452163.155304101 0.9932000637054444 0.0078722042962908
2452163.2309989883 0.992765486240387 0.007873268797993601
2452163.306693865 0.9906814098358152 0.0078707290813326
2452163.3830831777 0.9934760928153992 0.0078733703121542
2452163.4587780302 0.9940275847911834 0.0078723398037254
2452163.5344728716 0.9943947196006776 0.0078720562160015
2452163.6101677013 0.991953432559967 0.0078717321157455
2452163.6858625193 0.9934527873992922 0.0078734001144766
2452163.7622517743 0.9914814829826356 0.0078709498047828
2452163.8379465695 0.9952609241008759 0.0078710787929594
2452163.913641353 0.996269404888153 0.0078718662261962
2452163.9900305737 0.9401834011077882 0.0078475037589669
2452164.065725335 1.0003852248191833 0.00787404691800475
2452164.1414200845 0.9969124794006348 0.0078734261915087
2452164.217809271 0.9942304491996764 0.0078729568049311
2452164.2935039983 0.9972029328346252 0.007873374968767149
2452164.369198715 0.9950575828552246 0.0078733870759606
2452164.4455878674 1.0000112056732176 0.0078724175691604
2452164.5205881144 1.0018582344055176 0.0078737679868936
2452164.5969772446 1.0002429485321045 0.0078732101246714
2452164.6733663636 1.0021750926971436 0.0078735835850238
2452164.749755471 1.0034544467926023 0.0078736823052167
2452164.825450121 1.0030768513679504 0.00787218427285545
2452164.90114476 1.006255865097046 0.0078751156106591
2452164.9761449425 1.005598068237305 0.0078751295804977
2452165.0518395593 1.0032159686088562 0.007875455077737549
2452165.1282286127 1.0057711601257324 0.0078757749870419
2452165.203923208 1.0046257972717283 0.0078746797516942
2452165.2810066845 1.0063354969024658 0.007876460906118099
2452165.3553123674 1.0080925226211548 0.0078776851296424
2452165.4365624953 1.0059629678726196 0.00788140157237645
2452165.5080903745 1.00521719455719 0.0078806420788168
2452165.5837849164 1.0063075423240662 0.00788094568997615
2452165.6594794476 1.0026572942733765 0.0078804129734635
2452165.735868413 1.003390908241272 0.0078809550032019
2452165.811562923 1.0057895183563232 0.0078823529183864
2452165.887257422 1.0047454833984375 0.0078817121684551
2452165.9636463546 1.0059486627578735 0.0078824739903211
2452166.039340833 1.0044944286346436 0.00788313662633295
2452166.1150352997 1.004951238632202 0.0078820828348398
2452166.190729756 0.9942342042922971 0.0078769414685666
2452166.2671186468 1.0003669261932373 0.00788021925836795
2452166.342813082 1.0029495954513548 0.0078814579173922
2452166.419201951 1.0027161836624143 0.0078813023865222
2452166.4948963653 1.004719316959381 0.00788230681791895
2452166.570590769 1.004421949386597 0.0078814085572958
2452166.646979606 1.0012871026992796 0.007880451157689
2452166.722673989 1.0005072951316833 0.007880904246121551
2452166.798368361 1.0002211332321167 0.0078813517466187
2452166.8740627225 0.9972028136253357 0.00788098294287915
2452166.9497570735 0.9974163174629213 0.0078807109966874
2452167.0261458578 0.9989365935325624 0.007881436496973
2452167.101840188 0.9966711699962615 0.00788250239565965
2452167.1775345076 0.9966442584991456 0.0078813740983605
2452167.25392326 1.0015590190887451 0.0078817959874868
2452167.329617559 1.0012482404708862 0.00788291543722145
2452167.4053118476 1.001129150390625 0.0078828837722539
2452167.4817005685 1.003199815750122 0.0078841559588909
2452167.557394836 1.0054378509521484 0.00788496248424045
2452167.6330890935 1.00684654712677 0.0078844474628567
2452167.7094777827 1.002927541732788 0.0078856218606233
2452167.7851720187 1.0026459097862244 0.007885036990046449
2452167.8608662453 1.0049700736999512 0.0078868390992283
2452167.937254903 1.003007888793945 0.0078870384022593
2452168.012949108 1.00265634059906 0.0078872833400964
2452168.0886433036 1.0064668655395508 0.0078881587833166
2452168.16503193 1.0074186325073242 0.0078888805583119
2452168.240726104 1.0075114965438843 0.00788976624608035
2452168.3164202683 1.0068278312683103 0.0078899580985307
2452168.392114422 1.0059759616851807 0.0078916908241808
2452168.467808565 0.9452272057533264 0.0078660296276211
2452168.5441971403 1.0080938339233398 0.0078909322619438
2452168.6198912626 1.0066239833831787 0.0078907865099608
2452168.695585375 1.0046671628952026 0.0078915990889072
2452168.7719739196 0.9994738101959229 0.0078905038535594
2452168.847668011 1.0077431201934814 0.007892627734690849
2452168.923362093 1.0030077695846555 0.0078919157385826
2452168.9997506063 0.9974629282951356 0.0078906910493969
2452169.0754446676 0.9976458251476288 0.007890920154750299
2452169.151138719 1.0006635189056396 0.0078914919868111
2452169.2275272016 0.9996277689933776 0.0078894952312111
2452169.3032212327 0.999087393283844 0.00789192970842115
2452169.3789152536 0.9940541982650756 0.0078915962949395
2452169.4553037058 0.98839008808136 0.0078904908150434
2452169.5309977066 0.991165965795517 0.007890290115028599
2452169.606691698 0.9886301159858704 0.0078925359994173
2452169.68308012 0.9853610396385194 0.0078897615894675
2452169.7587740915 0.983544647693634 0.00789033155888315
2452169.834468053 0.9816574454307556 0.0078898156061768
2452169.9108564453 0.9853907823562622 0.0078892754390835
