2451491.6755920704 0.9955626130104066 0.0001489261776441
2451491.7519840477 0.997399926185608 0.000148927400005
2451491.8283760217 1.0015082359313965 0.0001489727001171
2451491.9047679906 1.0035709142684937 0.0001490042923251
2451491.981159952 1.005828619003296 0.0001490616705268
2451492.057551905 1.0071148872375488 0.0001491101138526
2451492.133943849 1.0078462362289429 0.0001491353905294
2451492.2103357823 1.0086216926574707 0.0001491446892032
2451492.2867277046 1.008461594581604 0.0001491121656727
2451492.362425144 1.0081984400749207 0.0001490735012339
2451492.438122572 1.0067495107650757 0.0001489987625973
2451492.5145144593 1.0068812370300293 0.0001489484420744
2451492.5909063346 0.9969714879989624 0.0001483005471527
2451492.6672981973 0.9387940168380736 0.0001441867934772
2451492.7436900474 0.992023766040802 0.0001479100028518
2451492.8200818845 1.0050604343414309 0.0001488069683546
2451492.8964737086 1.0055371522903442 0.0001488055859226
2451492.97286552 1.006433129310608 0.0001488466077717
2451493.048562847 1.0065006017684937 0.000148865939991
2451493.124260162 1.007531762123108 0.0001488989655626
2451493.200651934 1.0089665651321411 0.0001489439018769
2451493.2770436932 1.0096336603164673 0.0001489782298449
2451493.3534354386 1.0104594230651855 0.0001489768037572
2451493.4298271714 1.0101866722106931 0.000148952633026
2451493.5062188907 1.0091910362243652 0.0001489240239607
2451493.582610597 1.0086573362350464 0.0001488647831138
2451493.65900229 1.008461833000183 0.000148804669152
2451493.73539397 1.0068204402923584 0.0001487387344241
2451493.811091167 1.0056585669517517 0.00014865661796644998
2451493.886788351 0.8855068087577821 0.0001399501925334
2451493.9631799916 0.9114075303077696 0.000141859811265
2451494.0395716187 1.0066951513290403 0.0001486596884205
2451494.1159632327 1.0075507164001465 0.0001487133267801
2451494.192354834 1.008602499961853 0.0001488044654252
2451494.2687464217 1.0100706815719604 0.0001488939597038
2451494.345137997 1.0120996236801147 0.0001489750575274
2451494.4215295585 1.0127307176589964 0.0001490450522396
2451494.4972266387 1.013626754283905 0.0001491166403866
2451494.572923706 1.0146324634552 0.000149155544932
2451494.649315228 1.0148686170578003 0.00014916411601
2451494.7257067384 1.0144277811050415 0.0001491448492743
2451494.7965424904 1.0113505125045776 0.0001490843860665
2451494.878489719 1.0089482069015503 0.0001490169670432
2451494.954881189 1.0091559886932373 0.0001489464921178
2451495.031272647 1.009012460708618 0.0001488882262492
2451495.107664091 0.9842109084129332 0.0001471537107136
2451495.1833610553 0.9420567452907562 0.00014413564349519998
2451495.2590580066 1.0053234100341797 0.0001486022229073
2451495.335449412 1.0078171491622925 0.0001487634144723
2451495.411840805 1.0075442790985107 0.0001487758127041
2451495.4882321847 1.0079749822616575 0.0001487999397795
2451495.564623552 1.0090556144714355 0.0001488374691689
2451495.641014905 1.0094820261001587 0.0001488799898652
2451495.717406246 1.0097372531890867 0.0001488956913817
2451495.793797574 1.0107808113098145 0.0001489197748014
2451495.8701888886 1.0108377933502195 0.0001489126734668
2451495.9458857244 1.0097122192382812 0.00014887846919005
2451496.021582547 1.0089749097824097 0.0001488244452048
2451496.0979738235 1.007387399673462 0.0001487533154431
2451496.1743650865 1.0060288906097412 0.0001486821711296
2451496.250756337 1.0054974555969238 0.0001486094261053
2451496.327147574 1.0032727718353271 0.0001484330568928
2451496.403538798 0.8595202565193176 0.0001380081375828
2451496.479930009 0.9513088464736936 0.000144748846651
2451496.556321207 1.005773901939392 0.0001485978427808
2451496.6320179272 1.0071388483047485 0.00014868308062425
2451496.707714634 1.0081379413604736 0.0001487586705479
2451496.7841057936 1.0094656944274902 0.0001488419220549
2451496.8598024743 1.010853350162506 0.00014894146443105
2451496.936888072 1.0119144916534424 0.0001490187714807
2451497.013279192 1.0126488208770752 0.0001490828581154
2451497.0896702986 1.013482928276062 0.000149129438796
2451497.1660613925 1.0137104988098145 0.0001491365837864
2451497.242452473 1.0134483575820925 0.0001490961585659
2451497.318149076 1.0131266117095947 0.00014905777061355
2451497.393845666 1.0122568607330322 0.0001489950664108
2451497.470236707 1.0115168094635008 0.000148920880747
2451497.5466277353 1.0105899572372437 0.0001488552370574
2451497.6230187495 0.9688564538955688 0.0001459291524952
2451497.699409751 0.9516682624816896 0.0001447196555091
2451497.775800739 1.0090154409408567 0.0001487342669861
2451497.852191714 1.0097923278808592 0.000148786974023
2451497.928582675 1.0092822313308716 0.00014880215894655
2451498.004973623 1.0085780620574951 0.000148833161802
2451498.0806700946 1.0092517733573914 0.00014888153964415002
2451498.1563665527 1.010067582130432 0.0001489196874899
2451498.2327574603 1.0106619596481323 0.0001489324204158
2451498.3091483545 1.0108463764190672 0.0001489511196268
2451498.3855392355 1.0106725692749023 0.0001489357819082
2451498.461930102 1.0100853443145752 0.000148892373545
2451498.5383209554 1.009113907814026 0.000148817023728
2451498.614711795 1.008230209350586 0.0001487385015934
2451498.6911026207 1.0073277950286863 0.0001486847177147
2451498.766798971 1.0064518451690674 0.0001486207183916
2451498.842495308 0.9836403727531432 0.0001469871785957
2451498.918886093 0.8591286540031433 0.0001379840978188
2451498.995276863 0.9824500679969788 0.000147018188727
2451499.07166762 1.005421996116638 0.0001486325345467
2451499.148058363 1.007141351699829 0.0001487216504756
2451499.224449091 1.008232831954956 0.0001488004490965
2451499.3008398055 1.009400963783264 0.0001488903653807
2451499.3772305055 1.010894536972046 0.0001489801943534
2451499.4536211914 1.012374997138977 0.0001490634167566
2451499.5293174023 1.0134109258651733 0.0001491107177571
2451499.605013599 1.0134518146514893 0.0001491311268182
2451499.681404242 1.013190507888794 0.0001491316652391
2451499.7577948696 1.013096570968628 0.0001491030416218
2451499.8341854834 1.012470006942749 0.0001490461581852
2451499.910576082 1.011745810508728 0.0001489901915192
2451499.986966666 1.0107843875885008 0.0001489291898906
2451500.0633572345 1.0103622674942017 0.000148859602632
2451500.1397477887 0.9527256488800048 0.0001447928952984
2451500.2154438673 0.9691091179847717 0.00014597774861605
2451500.2911399314 1.0097764730453491 0.0001488154521211
2451500.36753044 1.0102561712265017 0.0001488349516876
2451500.4439209327 1.0109047889709473 0.0001488781708758
2451500.52031141 1.011566996574402 0.0001489097485318
2451500.596701871 1.0122337341308592 0.0001489438436692
2451500.673092317 1.012274146080017 0.0001489739806856
2451500.7494827462 1.0128281116485596 0.0001489979767939
2451500.825873159 1.0130292177200315 0.0001490022841608
2451500.9015690982 1.0121827125549316 0.0001489556889282
2451500.9772650204 1.0110056400299072 0.0001488838315708
2451501.0536553846 1.009555995464325 0.00014881163951935002
2451501.1300457316 1.0077836513519287 0.000148734805407
2451501.2064360618 1.007018804550171 0.000148660983541
2451501.2828263743 1.0056478977203367 0.0001485875254729
2451501.359216669 0.946906805038452 0.0001444268855266
2451501.435606947 0.8581544756889342 0.0001379262539558
2451501.511997206 1.0047767162322998 0.0001485355460317
2451501.588387448 1.0066300630569458 0.000148643812281
2451501.6640832135 1.008063018321991 0.00014874608314125
2451501.7397789615 1.0092271566390991 0.0001488441048422
2451501.8161691464 1.0101023912429807 0.0001489391579525
2451501.8925593123 1.0112737417221067 0.0001490360882598
2451501.968949458 1.0119451284408567 0.0001490968425059
2451502.0453395834 1.012927770614624 0.000149154511746
2451502.121729689 1.01320743560791 0.0001491743896622
2451502.198119773 1.0126527547836304 0.0001491572329541
2451502.274509836 1.0117251873016355 0.0001490998693043
2451502.3502054214 1.0105664730072021 0.00014904332056175
2451502.425900986 1.0095870494842527 0.0001490011491114
2451502.502290982 1.0090357065200803 0.0001489517599111
2451502.5786809544 1.0072394609451292 0.0001488511188654
2451502.6550709037 0.9423918724060056 0.0001442995999241
2451502.731460828 0.98392117023468 0.0001472111907787
2451502.8078507283 1.007457613945007 0.0001488948328187
2451502.8842406026 1.0084962844848633 0.0001489336427766
2451502.960630452 1.0093384981155396 0.0001489636633777
2451503.0210478595 1.0070059299468994 0.00014898226800140002
2451504.7307950314 0.9999376237392423 0.00014944430586174998
2451504.789823973 1.000847101211548 0.000149356550537
2451504.866214366 1.00153911113739 0.0001492235896876
2451504.942604755 1.0029821395874023 0.0001490729482611
2451505.018995137 1.0032591819763184 0.0001489677961217
2451505.095385512 0.9904371500015258 0.0001480427745264
2451505.1717758765 0.9382540583610536 0.0001442621432943
2451505.2474717745 0.9965514540672302 0.0001483696469222
2451505.3231676617 1.0053783655166624 0.0001488962589064
2451505.3995579947 1.006372332572937 0.0001489087153458
2451505.475948317 1.0082463026046753 0.0001489691494498
2451505.5523386262 1.009406805038452 0.0001490149006713
2451505.628728924 1.010690689086914 0.0001490596914663
2451505.705119208 1.0112731456756592 0.0001490784197812
2451505.7815094795 1.0110760927200315 0.0001490672439103
2451505.8578997385 1.0111267566680908 0.0001490364229539
2451505.9342899835 1.0102792978286743 0.0001489596179453
2451506.009985759 1.0093238949775696 0.0001488913840148
2451506.0856815213 1.0085601806640625 0.0001488033594796
2451506.162071727 1.0074422359466553 0.0001487137778894
2451506.2384619187 1.0064510107040403 0.0001486429391661
2451506.3148520975 1.005785584449768 0.0001485766115365
2451506.391242262 0.8719626069068909 0.0001389164244756
2451506.4676324134 0.9252499938011168 0.0001428213872713
2451506.5440225513 1.0068634748458862 0.0001486448891228
2451506.620412675 1.0081733465194702 0.0001487243571318
2451506.6961083305 1.0095531344413755 0.00014880986418570001
2451506.771803972 1.0109994411468504 0.0001488999550929
2451506.8481940557 1.012485146522522 0.0001489903224864
2451506.924584125 1.0137834548950195 0.0001490753493271
2451507.0009741816 1.0148206949234009 0.0001491311268182
2451507.0773642245 1.0149980783462524 0.000149162398884
2451507.1537542534 1.0149469375610352 0.0001491653965786
2451507.2301442693 1.0146843194961548 0.0001491331786382
2451507.3065342708 1.014072299003601 0.0001490825088694
2451507.3829242596 1.0131137371063232 0.0001490151335019
2451507.45861978 1.0120813250541687 0.00014895488857285
2451507.534315287 1.0114777088165283 0.0001489057904109
2451507.6107052355 0.9822299480438232 0.000146856487845
2451507.68709517 0.9454182982444764 0.0001442018983652
2451507.7634850913 1.010526418685913 0.0001488372072344
2451507.835013823 1.0109596848487854 0.00014887606084809998
2451507.916264893 1.009715557098389 0.0001489332789788
2451507.9926547734 1.0103882551193235 0.0001489826972829
2451508.0690446403 1.011378049850464 0.0001490153808845
2451508.1447400413 1.011577546596527 0.000149068160681
2451508.2204354284 1.0118464231491089 0.000149076222442
2451508.2968252557 1.011487603187561 0.0001490514114266
2451508.373215069 1.011075973510742 0.0001490277500124
2451508.44960487 1.0092233419418335 0.0001489445130573
2451508.5259946566 1.0080015659332275 0.0001488618872826
2451508.6023844294 1.0070990324020384 0.0001487829140387
2451508.6787741897 1.005281925201416 0.0001487065601395
2451508.7551639364 1.0046117305755615 0.0001486245600972
2451508.830859218 0.9975076615810394 0.000148098108184
2451508.906554485 0.8573464155197142 0.000137916766107
2451508.9829441924 0.9617150425910947 0.0001455171441193
2451509.059333885 1.0065416097640991 0.0001486710680183
2451509.135723565 1.007747769355774 0.0001487437548348
2451509.2121132314 1.0096787214279177 0.0001488460839027
2451509.288502884 1.0104126930236816 0.0001489336282247
2451509.364892524 1.0115821361541748 0.0001490375580033
2451509.44128215 1.012663960456848 0.0001490981812821
2451509.517671763 1.013790488243103 0.0001491378206992
2451509.593366911 1.0140923261642456 0.00014915168139845002
2451509.6690620463 1.0137660503387451 0.0001491277653258
2451509.7454516194 1.0135003328323364 0.0001490861177444
2451509.8218411785 1.0128343105316162 0.0001490359427407
2451509.8982307245 1.0120431184768677 0.0001489692367613
2451509.9746202566 1.0116664171218872 0.00014893169282
2451510.0510097756 1.0111507177352903 0.0001488850102759
2451510.1273992807 0.9637762308120728 0.0001455109158996
2451510.2037887718 0.9594342708587646 0.0001452550932299
2451510.2794838008 1.0105727910995483 0.0001488572888774
2451510.355178816 1.010863184928894 0.0001488847046857
2451510.4315682673 1.0115197896957395 0.000148924489622
2451510.507957705 1.012023687362671 0.0001489600836066
2451510.5843471293 1.0126483440399168 0.0001489956339355
2451510.6607365394 1.01337730884552 0.0001490284339524
2451510.7371259364 1.0133908987045288 0.0001490363210905
2451510.81351532 1.0126694440841677 0.0001490021822974
2451510.889904689 1.011780023574829 0.0001489560527261
2451510.9614329045 1.01048743724823 0.0001489000715082
2451511.0419889386 1.0071808099746704 0.0001488202033215
2451511.1176838186 1.0054064989089964 0.000148725011968
2451511.194073133 1.004256010055542 0.0001486511173425
2451511.270462434 1.0036677122116089 0.0001485874090576
2451511.3468517214 0.9706547856330872 0.0001461617503082
2451511.423240994 0.8587121963500975 0.0001379972527502
2451511.4996302538 0.9933356046676636 0.0001477771584177
2451511.5760194985 1.00667667388916 0.0001486780092818
2451511.65240873 1.0066521167755127 0.0001487652916694
2451511.7281035 1.0056244134902954 0.00014883608673695
2451511.803798255 1.0076395273208618 0.000148924998939
2451511.8801874444 1.0093430280685425 0.0001490085560362
2451511.9565766193 1.0103194713592527 0.0001490707072662
2451512.0329657802 1.0112843513488767 0.0001490930299041
2451512.1093549263 1.0118314027786257 0.000149102663272
2451512.185744059 1.0116013288497925 0.0001490504946559
2451512.262133176 1.0113278627395628 0.0001490257272962
2451512.338522279 1.011059284210205 0.0001489784481236
2451512.414911368 1.010886311531067 0.0001489477872382
2451512.490605996 1.010014295578003 0.00014889558224235
2451512.5663006096 1.0094166994094849 0.0001488363341195
2451512.642689654 0.9484386444091796 0.0001445118541596
2451512.719078684 0.9756374955177308 0.0001464249216951
2451512.7954676994 1.010568618774414 0.00014887470752
2451512.8718566997 1.010767698287964 0.0001488951384089
2451512.948245685 1.0111962556838987 0.0001489192800363
2451513.0246346546 1.0115500688552856 0.0001489538990426
2451513.1010236097 1.0120315551757812 0.0001489946444053
2451513.177412549 1.0122212171554563 0.0001489987917011
2451513.253107029 1.0115801095962524 0.00014896545326329997
2451513.3288014927 1.0110636949539185 0.0001489458227297
2451513.405190386 1.010323405265808 0.0001488766429247
2451513.4808848193 1.0093783736228943 0.00014880466915195
2451513.5579681247 1.008232355117798 0.0001487233093939
2451513.634356971 1.0070141553878784 0.0001486646797275
2451513.7107458 1.0065044164657593 0.0001486202090745
2451513.7871346134 1.005937099456787 0.0001485720276832
2451513.8635234097 0.9327023029327391 0.0001434029109077
2451513.9392177463 0.8651353418827057 0.00013843425404045002
2451514.014912067 1.0063276290893557 0.0001486177498009
2451514.086439712 1.0072156190872192 0.000148726212501
2451514.167689543 1.0061209201812744 0.0001488061534473
2451514.2440782553 1.0065627098083496 0.0001488897833041
2451514.32046695 1.006575345993042 0.0001489433343522
2451514.396855627 1.007009506225586 0.0001490072754677
2451514.4732442857 1.007271647453308 0.0001490341819589
2451514.549632927 1.0068156719207764 0.00014901648683
2451514.626021549 1.0059677362442017 0.0001490063004894
2451514.7017157106 1.0061237812042236 0.00014898710651315
2451514.777409854 1.0057889223098757 0.0001489546702941
2451514.8537984192 1.0060926675796509 0.0001489227433921
2451514.9301869646 1.0060759782791135 0.0001488857233198
2451515.0065754903 1.0056360960006712 0.0001488568086642
2451515.0829639956 1.001494526863098 0.0001485267712268
2451515.1593524795 0.9418105483055114 0.0001442746433895
2451515.235740943 0.9898631572723388 0.0001477105834055
2451515.312129384 1.0064027309417725 0.0001488833222538
2451515.387823363 1.0065036416053772 0.00014890330930935
2451515.4635173194 1.0067018270492551 0.0001489524292992
2451515.539211253 1.0070516467094421 0.0001489887508796
2451515.6162940427 1.007301926612854 0.0001490081631345
2451515.6926823677 1.0070385932922363 0.0001489987043896
2451515.7690706686 1.0059696435928345 0.0001489731657784
2451515.8454589434 1.005279302597046 0.0001489420683356
2451515.921847192 1.004072189331055 0.0001488863053964
2451515.998235415 1.0032404661178589 0.000148840365
2451516.0642070407 1.0007676482200623 0.00014878965157544998
2452229.10256281 1.0023201704025269 0.00014578182890539999
2452229.176870517 1.0036230087280271 0.0001454257144359
2452229.253261622 1.004119873046875 0.0001453444856451
2452229.329652728 1.0043128728866575 0.0001453645672881
2452229.4053493673 1.0045495629310608 0.0001453969816793
2452229.4810460024 1.00424325466156 0.0001453837758162
2452229.557437096 1.004351258277893 0.0001453859731554
2452229.633828182 1.0038928985595703 0.0001453690201742
2452229.710219259 1.00324809551239 0.0001453361910535
2452229.7866103263 1.0031393766403198 0.0001453187142033
2452229.863001384 1.00283145904541 0.0001452957658329
2452229.9393924302 1.0027862787246704 0.0001452923606848
2452230.015783466 0.9582119584083556 0.0001422162604285
2452230.0921744904 0.9494330883026124 0.0001415884762536
2452230.1685655024 1.003841996192932 0.0001453540899092
2452230.2435675757 1.0048998594284055 0.0001454220473533
2452230.319958564 1.005849838256836 0.0001454729208489
2452230.3963495395 1.0069814920425415 0.0001455394813092
2452230.4727405035 1.0081380605697632 0.0001456015888834
2452230.549131454 1.0084220170974731 0.0001456204918213
2452230.625522392 1.009019136428833 0.0001456441386835
2452230.701913317 1.0092661380767822 0.0001456465979572
2452230.7783042295 1.0091592073440552 0.0001456274185329
2452230.854000666 1.008565366268158 0.0001455738602089
2452230.9296970908 1.0077916383743286 0.0001455142046324
2452231.0060879644 1.006964325904846 0.0001454415614716
2452231.0824788255 1.0062077045440672 0.0001453804725315
2452231.1588696735 1.0052391290664673 0.0001453120203223
2452231.2352605085 0.9785771369934082 0.0001434833538951
2452231.31165133 0.8581133484840393 0.0001348897494608
2452231.3880421394 0.9855586290359496 0.000143943412695
2452231.464432935 1.0044026374816897 0.0001452135620638
2452231.5401292564 1.0050840377807617 0.00014525486767520002
2452231.615825565 1.0056166648864746 0.0001452756405342
2452231.6922163223 1.0066401958465576 0.0001453260774724
2452231.7686070665 1.0071765184402464 0.0001453630247851
2452231.8449977976 1.00767183303833 0.0001453892909921
2452231.9213885153 1.0081756114959717 0.0001454102311981
2452231.997779221 1.0080887079238892 0.0001453998993383
2452232.074169913 1.008040189743042 0.0001453909790143
2452232.150560592 1.0077452659606931 0.000145358761074
2452232.2269512583 1.0075656175613403 0.0001453392178518
2452232.302647451 1.0073402523994446 0.00014532355999105
2452232.3783436306 1.00717031955719 0.0001453114091418
2452232.4547342584 1.007116675376892 0.0001452825235901
2452232.5311248726 0.949359893798828 0.0001412748533766
2452232.6075154743 0.9707579016685484 0.0001427644019713
2452232.683906063 1.0092300176620483 0.0001454058947274
2452232.7602966386 1.0103977918624876 0.0001454768207622
2452232.836687201 1.011483073234558 0.0001455370220355
2452232.9130777507 1.0119695663452148 0.0001455864257877
2452232.9887738284 1.0126926898956299 0.0001456388708902
2452233.064469893 1.013214945793152 0.0001456555764889
2452233.140860404 1.0135056972503662 0.0001456701866118
2452233.217250902 1.0138031244277954 0.0001456710306229
2452233.2936413875 1.0131802558898924 0.0001456328027416
2452233.3700318597 1.0126771926879885 0.0001455982419429
2452233.446422319 1.0117528438568115 0.0001455226156394
2452233.5228127656 1.010886788368225 0.0001454565208405
2452233.5992031987 1.009877562522888 0.0001453866861993
2452233.675593619 1.0089155435562132 0.0001453132426831
2452233.7512895684 0.9466926157474518 0.000141009229992
2452233.826985505 0.8617783188819885 0.0001349048397969
2452233.903375887 1.0067454576492307 0.000145171303302
2452233.9797662552 1.0075951814651487 0.0001452265569241
2452234.056156611 1.0081837177276611 0.0001452560536563
2452234.132546954 1.008439540863037 0.0001452755532227
2452234.2089372836 1.009245991706848 0.0001453274308005
2452234.2853276 1.0094985961914062 0.0001453473523724
2452234.361717904 1.00967538356781 0.0001453655422665
2452234.437413737 1.0099987387657166 0.00014537662354995002
2452234.5131095573 1.010029435157776 0.0001453767908969
2452234.5894998224 1.0096410512924194 0.0001453688746551
2452234.665890074 1.0091909170150757 0.0001453390286769
2452234.7422803123 1.009055256843567 0.0001453247095923
2452234.8235317334 1.009034812450409 0.00014532471686830003
2452234.8950607497 1.0092854499816897 0.0001453277072869
2452234.971450949 1.0071545839309692 0.0001451737916795
2452235.0478411345 0.9448413848876952 0.0001408448006259
2452235.1242313073 0.9902856349945068 0.0001440021151211
2452235.1999270106 1.0113365650177002 0.0001454558150726
2452235.275622701 1.0122079849243164 0.0001455141464248
2452235.352012834 1.0130646228790283 0.0001455671881558
2452235.428402954 1.0135815143585205 0.0001456094323657
2452235.5047930605 1.014653563499451 0.0001456755999242
2452235.581183153 1.0150319337844849 0.0001456954487366
2452235.6575732334 1.015183448791504 0.0001457112812204
2452235.733963299 1.014749526977539 0.0001456838363083
2452235.8103533518 1.014454007148743 0.0001456645841244
2452235.8860489363 1.0136650800704956 0.0001456191239412
2452235.961744508 1.0124062299728391 0.0001455311867175
2452236.0381345204 1.0113751888275146 0.0001454686280339
2452236.114524519 1.010077953338623 0.0001453877484891
2452236.190914504 1.0093673467636108 0.0001453363656764
2452236.2673044764 0.9080621600151062 0.0001382419286528
2452236.343694434 0.8933623433113098 0.0001372012484353
2452236.420084378 1.0081113576889038 0.0001452639116905
2452236.496474309 1.0085951089859009 0.0001452774449717
2452236.572864225 1.0091196298599243 0.000145320824231
2452236.6485596737 1.0091612339019775 0.0001453358709113
2452236.7242551097 1.0094449520111084 0.0001453586446586
2452236.800644984 1.009548902511597 0.0001453678123652
2452236.877034845 1.009843111038208 0.0001453960285289
2452236.9534246917 1.0097503662109375 0.0001453962177038
2452237.029814524 1.0092366933822632 0.000145375583088
2452237.1062043426 1.0090059041976929 0.0001453604490961
2452237.1825941466 1.0087461471557615 0.000145343816257
2452237.258983936 1.0083128213882446 0.0001453290751669
2452237.334679259 1.008063554763794 0.0001453210425097
2452237.4103745674 1.0079891681671145 0.0001453123259125
2452237.4867643137 0.9941920638084412 0.0001443783403374
2452237.5631540455 0.943044662475586 0.0001408103562425
2452237.6395437624 1.0034215450286863 0.0001450015406589
2452237.715933464 1.009801745414734 0.0001454437442589
2452237.7923231516 1.010461926460266 0.0001454945013392
2452237.8687128234 1.0110179185867307 0.0001455473102396
2452237.9451024802 1.0117902755737305 0.000145598227391
2452238.020797671 1.0123053789138794 0.00014563574950435
2452238.0964928456 1.0122051239013672 0.0001456442696508
2452238.172882457 1.01267409324646 0.0001456748432246
2452238.249272052 1.0124526023864746 0.0001456506579415
2452238.3256616318 1.011934757232666 0.000145623111166
2452238.402051196 1.0110920667648315 0.0001455719029763
2452238.478440744 1.01007080078125 0.0001454975717933
2452238.5548302755 1.0092381238937376 0.0001454370940336
2452238.631219791 1.0081751346588137 0.0001453775184927
2452238.70760929 1.0067236423492432 0.0001453014410799
2452238.7833043216 0.8708380460739136 0.0001357091168756
2452238.858999338 0.9285688400268554 0.0001398753374814
2452238.9353887867 1.0061829090118408 0.0001452780852559
2452239.0117782177 1.0061646699905396 0.0001452813594369
2452239.088167632 1.0066564083099363 0.0001453083677915
2452239.164557028 1.006940841674805 0.0001453328732168
2452239.2409464065 1.007447361946106 0.0001453626027796
2452239.3173357667 1.0076611042022705 0.0001453835284337
2452239.3937251084 1.007419228553772 0.0001453738950658
2452239.469419983 1.0072194933891296 0.00014536581875285
2452239.545114839 1.006832718849182 0.0001453485019737
2452239.621504124 1.0065311193466189 0.0001453381846658
2452239.697893389 1.0056880712509155 0.0001452868600608
2452239.774282634 1.0053412914276123 0.0001452798023819
2452239.850671858 1.0049381256103516 0.0001452590950066
2452239.927061062 1.00480055809021 0.0001452582655474
2452240.0034502437 0.9731635451316832 0.0001430756528861
2452240.0798394037 0.94152569770813 0.0001408803800586
2452240.156228542 1.0053149461746216 0.0001453130826121
2452240.23192321 1.0062538385391235 0.0001453802760806
2452240.3076178553 1.007240891456604 0.0001454586745239
2452240.384006923 1.0077604055404663 0.0001454986340831
2452240.4603959657 1.0082571506500244 0.0001455314632039
2452240.5367849832 1.0087713003158567 0.0001455850142519
2452240.613173975 1.0090670585632324 0.0001456165337003
2452240.68956294 1.0092570781707764 0.000145627753227
2452240.765951878 1.0090903043746948 0.000145619167597
2452240.842340789 1.008577823638916 0.0001455869060009
2452240.8958130097 1.0070099234580994 0.0001455617748433
2452242.457621531 1.0075714588165283 0.0001458887272747
2452242.5187330856 0.963667035102844 0.0001422486384399
2452242.595122532 0.9611454010009765 0.0001419966574758
2452242.671511979 1.0121188163757324 0.000145485275425
2452242.747901424 1.0126692056655884 0.0001455253805033
2452242.8242908637 1.0128551721572876 0.0001455519814044
2452242.9006802975 1.0132218599319458 0.0001455975871067
2452242.9770697244 1.013725519180298 0.0001456394093111
2452243.0534591423 1.0144554376602173 0.0001456878962926
2452243.129154102 1.0147202014923096 0.00014570749044645002
2452243.2048490522 1.0145692825317385 0.000145708079799
2452243.2812384404 1.01412832736969 0.0001456755999242
2452243.3576278174 1.0136135816574097 0.0001456442405469
2452243.4340171837 1.012685179710388 0.000145595811773
2452243.5104065374 1.0116201639175415 0.0001455306046409
2452243.586795879 1.0108338594436643 0.0001454761513741
2452243.6631852095 1.0097790956497192 0.0001453937875339
2452243.7395745264 0.970723807811737 0.0001427301904186
2452243.8159638317 0.8634771704673766 0.0001350852107862
2452243.8916586754 0.9993239343166351 0.00014468537847275002
2452243.967353507 1.0085208415985107 0.0001453169388696
2452244.0437427736 1.0088415145874023 0.0001453421718906
2452244.120132027 1.0089917182922363 0.0001453575241612
2452244.196521268 1.009225368499756 0.0001453736476833
2452244.272910496 1.0097347497940063 0.0001454008306609
2452244.3492997107 1.0097501277923584 0.0001453997247153
2452244.425688912 1.009453535079956 0.0001454067532904
2452244.5020781006 1.009508728981018 0.0001454111479688
2452244.5777728288 1.0092560052871704 0.0001453916629543
2452244.653467545 1.0089186429977417 0.000145364421769
2452244.7298566937 1.0085889101028442 0.0001453349541407
2452244.8062458294 1.0083825588226318 0.0001453272125218
2452244.8826349527 1.008163332939148 0.0001453113945899
2452244.9590240624 1.0080450773239136 0.0001452942524338
2452245.0354131586 0.944208323955536 0.0001408455136697
2452245.111802242 0.9760735034942628 0.0001430609845556
2452245.1881913124 1.0096435546875 0.0001453883596695
2452245.264580369 1.0098564624786377 0.0001454137527616
2452245.3402749673 1.010591149330139 0.00014544797159024998
2452245.4159695525 1.0113848447799685 0.0001455044402973
2452245.49235857 1.0115209817886353 0.0001455351448385
2452245.568747575 1.0119359493255615 0.0001455593446735
2452245.645136566 1.0121644735336304 0.0001455638994229
2452245.721525544 1.012484431266785 0.0001455896126572
2452245.7979145097 1.012020707130432 0.0001455649326089
2452245.874303461 1.0115474462509155 0.0001455349702155
2452245.9506924 1.0104038715362549 0.0001454669109079
2452246.0263868812 1.009466528892517 0.0001454078665119
2452246.1020813487 1.0084668397903442 0.0001453551813028
2452246.178470249 1.007485270500183 0.0001452841970603
2452246.254859135 0.933264911174774 0.0001401429763063
2452246.331248008 0.8689061999320983 0.0001354906853521
2452246.407636869 1.006201148033142 0.0001451679127058
2452246.484025716 1.0067845582962036 0.0001452220458304
2452246.5604145494 1.0065250396728516 0.000145238082041
2452246.636803371 1.0060020685195925 0.0001452271390007
2452246.7131921784 1.005343317985535 0.0001452292199246
2452246.7888865294 1.0059815645217896 0.00014528563042395
2452246.8645808673 1.0070648193359375 0.0001453114527976
2452246.9409696357 1.0072988271713257 0.0001453364820918
2452247.017358391 1.0060495138168335 0.0001452924334444
2452247.093747134 1.0060170888900757 0.0001452846627216
2452247.1701358627 1.0066990852355957 0.0001452891010558
2452247.2465245784 1.0053107738494873 0.0001452333090128
2452247.3229132816 1.0039963722229004 0.0001452013530069
2452247.3986075283 1.0034483075141907 0.00014519201795335
2452247.474996205 0.9980233609676361 0.00014488375018115
2452247.550690426 0.9382215738296508 0.000140601885505
2452247.6256901915 0.986710250377655 0.000143933459185
2452247.7034677137 1.006563663482666 0.0001453114382456
2452247.7798563372 1.007437229156494 0.0001453327713534
2452247.8576338314 1.0083720684051511 0.0001454028970329
2452247.9326335457 1.0085368156433103 0.0001454410084988
2452248.004161038 1.0093868970870972 0.00014545798330795
2452248.0854107 1.012158751487732 0.0001455633173463
2452248.161799258 1.0122036933898924 0.0001455703168176
2452248.237493361 1.0121107697486877 0.00014555906091115
2452248.3131874506 1.0116641521453855 0.0001455220917705
2452248.389575969 1.0117908716201782 0.0001455139718018
2452248.4659644733 1.0111564397811887 0.0001454595330869
2452248.542352964 1.0105106830596924 0.0001454241864848
2452248.6187414424 1.0099942684173584 0.000145371974213
2452248.6951299063 1.0093400478363037 0.0001453111617593
2452248.771518357 0.8943011164665222 0.0001372263213852
2452248.847906795 0.9077813029289244 0.0001381800830131
2452248.9236007784 1.008970320224762 0.0001452667274861
2452248.999294749 1.008878707885742 0.000145275495015
2452249.075683146 1.0089539289474487 0.0001452861761208
2452249.152071529 1.0096017122268677 0.0001453209406463
2452249.2284598993 1.0103332996368408 0.0001453535951441
2452249.304848255 1.0105948448181152 0.0001453710719943
2452249.3812365974 1.0105953216552734 0.0001453814475098
2452249.457624926 1.0109254121780396 0.0001454065786674
2452249.534013241 1.0108143091201782 0.0001454025186831
2452249.6104015424 1.0102843046188354 0.0001453849254176
2452249.6860953905 1.0099558234214783 0.00014536367234535
2452249.7617892255 1.0098421573638916 0.0001453461154596
2452249.838177485 1.0098410844802856 0.0001453275472158
2452249.914565731 1.009823203086853 0.0001453182921977
2452249.9909539623 0.989553928375244 0.0001439278566977
2452250.06734218 0.9444164633750916 0.000140775606269
2452250.1437303834 1.0074132680892944 0.0001451526331948
2452250.2201185725 1.0109513998031616 0.000145381243783
2452250.296506747 1.011555790901184 0.000145422265632
2452250.3715060325 1.0118939876556396 0.0001454470911994
2452250.447894179 1.0122603178024292 0.0001454892335459
2452250.5242823106 1.0129268169403076 0.0001455248129786
2452250.6006704285 1.013605713844299 0.0001455582969356
2452250.6770585314 1.0137271881103516 0.0001455647870898
2452250.753446619 1.0133167505264282 0.0001455507444916
2452250.829834693 1.013411283493042 0.0001455302699469
2452250.9062227514 1.013214945793152 0.0001455063174944
2452250.9826107947 1.0126607418060305 0.0001454661833122
2452251.0589988236 1.011898159980774 0.0001454175944672
2452251.1346924 1.011387586593628 0.00014536953676719998
2452251.210385963 1.0104453563690183 0.0001452691358281
2452251.2867739457 0.8658943772315979 0.0001350826205452
2452251.363161913 0.9462018013000488 0.000140839634696
2452251.4395498657 1.0100208520889282 0.0001452635333407
2452251.515937802 1.010183572769165 0.0001452823053114
2452251.592325722 1.0103211402893066 0.000145305195474
2452251.668713627 1.0105592012405396 0.0001453240547562
2452251.745101515 1.0106952190399168 0.000145336438436
2452251.821489387 1.0110560655593872 0.0001453604490961
2452251.8971828083 1.011466145515442 0.00014538783580059998
2452251.972876212 1.0115123987197876 0.0001453912555007
2452252.0492640347 1.0112181901931765 0.0001453755248803
2452252.1256518406 1.0108857154846191 0.000145360987517
2452252.2020396288 1.0116784572601318 0.0001453828590456
2452252.279121834 1.012180209159851 0.00014536874368785
2452252.3548151534 1.0111926794052124 0.0001453409349778
2452252.4312028885 1.0097858905792236 0.0001452873111702
2452252.507590606 0.9693909883499144 0.0001424617803422
2452252.5832838714 0.9487366080284119 0.00014108032337385
2452252.6589771183 1.0084232091903689 0.0001452094875276
2452252.7353647803 1.009906768798828 0.0001453342702006
2452252.8117524222 1.0104126930236816 0.0001453586010029
2452252.8881400446 1.0107730627059937 0.0001454064622521
2452252.9638332147 1.0116704106330872 0.00014544667646980002
2452253.0409152294 1.0121791362762451 0.0001454731682315
2452253.1173027903 1.012330651283264 0.0001454848534194
2452253.1936903303 1.0123045444488523 0.0001454766315873
2452253.2700778483 1.01187264919281 0.0001454786979593
2452253.3457709122 1.011961579322815 0.0001454484299756
2452253.421463954 1.0120083093643188 0.0001454467128496
2452253.497156972 1.0111427903175354 0.0001453756267437
2452253.575627691 1.0105552673339844 0.0001453430450055
2452253.6492373687 1.009545087814331 0.0001452788419555
2452253.7270136056 0.9910098910331726 0.0001440028281649
2452253.8040953856 0.8638648688793182 0.0001349298399873
2452253.8811771385 0.9830973744392396 0.0001433673460269
2452253.956175574 1.009446144104004 0.0001452294236514
2452254.031868412 1.0086528062820435 0.00014524061407424998
