2451569.748378548 0.9990185499191284 0.0005952254286967
2451569.824769289 0.9991742968559264 0.0005923844873905
2451569.9004655927 0.9980572760105133 0.0005873572372364999
2451569.9761619163 0.998322546482086 0.0005810469738207
2451570.05602503 0.998441606760025 0.0005737010797019499
2451570.1317213885 1.0016273260116575 0.0005689372774213
2451570.2053343747 1.0008330345153809 0.0005650213570334
2451570.2824196843 1.0004431009292603 0.0005611460364889
2451570.358810542 1.0006206631660461 0.0005574066017288
2451570.4365903353 1.0014367699623108 0.00055498385336245
2451570.5102033615 1.0012518763542175 0.0005537835240829
2451570.5879831696 0.9989432096481323 0.00055248368880705
2451570.6657629847 0.9988238215446472 0.0005518006801139
2451570.740764954 0.9992938041687012 0.0005512917414307
2451570.816461391 1.0003763437271118 0.0005505458102561
2451570.8935467564 0.9995920360088346 0.00054982505389485
2451570.9692431996 1.0007442235946655 0.0005492614000104
2451571.045634108 1.0019596815109253 0.0005482283886522
2451571.1220250186 1.0012482404708862 0.0005469919997267
2451571.198415931 1.0000265836715698 0.0005462672561407
2451571.2748068436 1.001016616821289 0.0005461629480123
2451571.351197757 1.0003598928451538 0.0005455682403407
2451571.427588671 0.9991998076438906 0.0005448951269499
2451571.503979584 0.9983709454536436 0.0005446608993224
2451571.5803704974 0.9987755417823792 0.0005446111317723
2451571.65676141 0.9991446137428284 0.0005442571127787
2451571.7324578585 0.9985149800777434 0.00054425068083215
2451571.808154306 1.0010024309158323 0.0005446880823001
2451571.8845452145 0.9999491572380066 0.0005443341215141
2451571.9609361216 1.0001678466796875 0.0005444304551929
2451572.0373270265 1.002492070198059 0.0005447402363643
2451572.11371793 1.0018991231918335 0.0005445795832201
2451572.1901088306 0.9998766183853148 0.0005441613029688
2451572.266499729 0.9994236826896667 0.0005440622335299
2451572.342890625 0.9987323880195615 0.00054367701523
2451572.419281518 0.9991820454597472 0.000543734524399
2451572.4956724085 0.9982894659042358 0.0005435007042251
2451572.571368833 0.9988467395305634 0.0005435098719317
2451572.6526209554 0.9985685348510742 0.0005431993631646
2451572.724845061 0.9988572001457214 0.000542951573152
2451572.8005414763 0.999348908662796 0.0005432798643596
2451572.8762378884 0.9998788237571716 0.0005436487845145
2451572.952628759 1.0002808570861816 0.0005436822539195
2451573.0290196263 1.0010076761245728 0.0005437360377982
2451573.1054104897 1.000729203224182 0.0005437553045339
2451573.18180135 0.9995113611221312 0.0005435592029243
2451573.258192206 0.9994584918022156 0.0005433858605101
2451573.3345830576 0.9991231560707092 0.0005434702034108
2451573.4109739056 1.0003845691680908 0.0005436627543531
2451573.4873647494 1.0003550052642822 0.0005436118808574
2451573.5637555895 1.0022252798080444 0.0005439756205305
2451573.640146425 0.9993723034858704 0.0005434117047116
2451573.7165372563 0.9985401034355164 0.0005428091390058
2451573.792233621 0.9984634816646576 0.00054284412181
2451573.8679299816 1.001240372657776 0.0005436378996819
2451573.9443208 1.0027500391006468 0.0005441251560114
2451574.0207116134 1.0017086267471311 0.0005440221866592
2451574.0971024227 1.0019413232803345 0.0005440567620098
2451574.173493227 1.0011329650878906 0.0005438438965938
2451574.2498840266 1.0013399124145508 0.0005438876687549
2451574.326274822 1.002119064331055 0.0005441289395093
2451574.4026656123 1.0014311075210571 0.0005440714303404
2451574.479056398 0.9999454617500304 0.00054374121828
2451574.5554471784 0.9998058676719664 0.0005436816718429
2451574.6318379543 0.9996768236160278 0.0005437029176391
2451574.708228725 0.998944580554962 0.0005433068727143
2451574.7839250294 0.996464192867279 0.00054268978419705
2451574.859621329 0.997847080230713 0.000543076370377
2451574.936012084 0.9998260736465454 0.0005435311468318
2451575.0124028353 1.0007309913635252 0.0005438487860374
2451575.0887935804 1.001638412475586 0.0005440497188828
2451575.165184321 1.0004297494888303 0.0005437198560684
2451575.2415750558 1.0005097389221191 0.0005438102525658
2451575.3179657855 0.999390721321106 0.0005436965730041
2451575.3943565097 0.9994378089904784 0.0005437317886389
2451575.470747229 0.999084174633026 0.0005436893552541
2451575.5471379426 1.0003502368927 0.0005438888911157
2451575.623528651 0.9994542598724364 0.0005437798099592
2451575.6978359707 0.9984516501426697 0.0005435422644950001
2451575.779087894 0.9983628392219543 0.0005432195030152
2451575.8520062817 0.9979526400566102 0.00054296440794125
2451575.927702507 0.9996855854988098 0.000543569214642
2451576.0040931874 0.9995794296264648 0.0005436636856757
2451576.080483862 0.9999301433563232 0.0005437115323729
2451576.156874531 0.9999518990516664 0.0005437684012576
2451576.233265194 0.998672604560852 0.0005435805651359
2451576.3096558517 0.9990656375885008 0.0005435774801298
2451576.3860465037 1.0000224113464355 0.0005438376101665
2451576.462437149 1.0007300376892088 0.0005440530949272
2451576.538827789 1.00019109249115 0.0005439265514723
2451576.615218423 1.0022175312042236 0.0005442278343252
2451576.6916090506 1.0016088485717771 0.0005440798704512
2451576.7679996723 1.000146985054016 0.000543858972378
2451576.8436958278 0.9991618692874908 0.00054337937035595
2451576.919391977 0.9994731545448304 0.0005433506448753
2451576.9957825807 1.0017545223236084 0.0005439927335828
2451577.0721731777 1.0024819374084473 0.0005443572881631
2451577.1485637682 1.0014638900756836 0.0005443117697723
2451577.224954353 1.0006120204925537 0.0005441954708658
2451577.301344931 1.0022220611572263 0.0005444947164505
2451577.3777355026 1.0017616748809814 0.0005444146809168
2451577.4541260675 1.001299262046814 0.0005443064728751
2451577.5305166263 1.0011413097381592 0.0005442721885628
2451577.606907178 1.0008206367492676 0.0005441374960355
2451577.683297723 0.999513566493988 0.0005438808002509
2451577.759688262 0.998833119869232 0.0005436757928691
2451577.8360787933 0.9981060028076172 0.000543383299373
2451577.911774859 0.9959488213062286 0.0005426463321782
2451577.987470918 0.995788037776947 0.0005426374846138
2451578.0638614288 0.9967702627182008 0.0005431434838101
2451578.1402519327 0.9993008971214294 0.0005436645005829
2451578.2166424296 0.9992721080780028 0.0005437319632619
2451578.293032919 1.0002360343933103 0.0005439000669866
2451578.3694234015 1.000550627708435 0.0005439982051029
2451578.445813876 0.9998630881309508 0.00054389948491
2451578.522204343 1.0000452995300293 0.0005440061213448
2451578.5985948034 0.9995900988578796 0.0005438388325273
2451578.6749852556 1.0004125833511353 0.0005440259119495
2451578.7513757 0.9990881085395812 0.0005438324296846
2451578.8235993856 0.9996044039726256 0.0005439502419903
2451578.9048510236 0.9994259178638458 0.0005435232305898499
2451578.9791580685 0.9975595474243164 0.0005429994198493
2451579.055548481 0.998981237411499 0.000543582602404
2451579.1319388854 1.0003473758697508 0.0005439127562567
2451579.208329281 1.0020854473114011 0.0005443208501674
2451579.284719668 1.0008257627487185 0.00054414907936
2451579.3611100465 1.0008864402770996 0.0005440379609353
2451579.437500416 1.0011694431304932 0.0005442679394036
2451579.5131963184 1.0011364221572876 0.00054421764798455
2451579.590281127 1.0003550052642822 0.0005441367393359
2451579.6659770114 1.0014337301254272 0.0005441356624942
2451579.7430618005 1.0027813911437988 0.0005443249829113
2451579.8194521233 1.001546025276184 0.0005440872628241
2451579.895147978 1.0009064674377441 0.0005439084488898
2451579.972232737 0.9997321367263794 0.0005436484352685
2451580.0472341143 0.9982295036315918 0.0005430881865322
2451580.1236243946 0.9994210600852966 0.0005437923828139
2451580.2000146643 0.9999392628669738 0.0005439757951535
2451580.2764049224 1.0003284215927124 0.0005441381945274
2451580.3527951688 0.9995440840721128 0.0005438812077045
2451580.429185403 0.9997264742851256 0.0005439608939923
2451580.505575625 0.9996536970138548 0.0005439406959339
2451580.581965834 0.99982750415802 0.0005439383676275
2451580.6583560295 1.0002416372299194 0.0005440764944069
2451580.734746211 1.0018160343170166 0.0005444079288281
2451580.8111363784 1.0010908842086792 0.0005442266119644
2451580.8875265303 1.0010550022125244 0.0005443298141472
2451580.963222211 0.9985364377498627 0.00054380961228155
2451581.038917876 0.9967941641807556 0.000543292844668
2451581.115307979 0.9977320432662964 0.0005434988997876
2451581.1916980646 1.0002899169921875 0.0005443254485726
2451581.268088131 1.001786708831787 0.0005448157899081
2451581.344478178 0.9997314810752868 0.0005445222486741
2451581.4208682035 0.9991726875305176 0.0005444222479127
2451581.4972582073 1.0001028776168823 0.0005446063587442
2451581.5736481873 1.000508427619934 0.0005447264993563
2451581.6500381436 1.0000697374343872 0.0005447184084914
2451581.726428073 0.9998628497123718 0.0005446717259474
2451581.7764287395 0.9999547004699708 0.0005447717267088
2451583.195194156 0.9988037049770354 0.0005944907024967999
2451583.2514448254 1.0006062984466553 0.0005913174245506
2451583.3278346453 1.00053071975708 0.0005842199898324
2451583.404224488 1.0007728338241575 0.0005802904488518
2451583.4806143516 0.9984499216079714 0.0005777410115115
2451583.5570042343 0.998131275177002 0.0005764295929111
2451583.6333941338 0.9989973306655884 0.0005743431393057
2451583.7097840486 0.9988353252410888 0.0005707442760467
2451583.7861739765 1.000272274017334 0.0005685575306415
2451583.8625639165 1.0004050731658936 0.0005667782970704
2451583.9389538663 1.001307725906372 0.0005642870091833
2451584.0153438253 1.0009353160858154 0.0005612730747088
2451584.091039338 1.0008444786071777 0.0005587420018855
2451584.1667348575 1.001011848449707 0.000556475482881
2451584.2431248366 0.9976636171340942 0.0005543417646549
2451584.319514821 0.9999268054962158 0.000553480524104
2451584.3959048097 1.0024714469909668 0.0005523845902644
2451584.472294802 1.0032299757003784 0.0005516522214747
2451584.548684797 1.001786231994629 0.0005507035530172
2451584.6250747936 0.9993261694908142 0.0005498012178577
2451584.700770338 0.998224139213562 0.0005492075870278999
2451584.777854793 0.999005913734436 0.0005474220379255
2451584.8542447938 0.9988092184066772 0.0005471188342198
2451584.930634795 0.9979904890060426 0.0005468791350722
2451585.0070247967 0.9963727593421936 0.0005463139386847
2451585.082720343 0.9968808889389038 0.00054595028632315
2451585.1584158894 0.9976154565811156 0.000545623479411
2451585.234805889 0.9971579909324644 0.0005450124153867
2451585.3111958876 0.996218204498291 0.0005445770220831
2451585.3875858844 0.998785436153412 0.0005450336029753
2451585.46397588 1.0001832246780396 0.0005451312172226
2451585.5403658734 1.0010968446731567 0.0005450780154205
2451585.616755865 1.001688838005066 0.000545188144315
2451585.6931458544 1.0012283325195312 0.0005450301687233
2451585.7695358414 1.002216100692749 0.0005450560129247
2451585.8459258256 1.0015069246292114 0.0005449207383207
2451585.9174546264 1.0015308856964111 0.00054478563833975
2451585.9987057853 1.0005550384521484 0.0005443401751108
2451586.075095761 0.9998045563697816 0.0005441490211524
2451586.150791279 1.0011816620826721 0.0005441093235276
2451586.2264867937 1.0014381408691406 0.0005438343505375
2451586.3021823056 0.9981752932071686 0.0005431126628536
2451586.3785722675 0.9980153441429138 0.0005431565805338
2451586.4556566807 1.0016356706619265 0.0005438446532934
2451586.532046635 1.00247585773468 0.000544227194041
2451586.6084365863 1.0020525455474851 0.0005442179390229
2451586.684826534 1.0007002353668213 0.0005440872628241
2451586.7612164766 1.0019514560699463 0.0005443330155685
2451586.8376064156 1.0033934116363523 0.0005445394781418
2451586.913996351 1.0024254322052 0.0005443993140943
2451586.9903862816 1.0023086071014404 0.000544331560377
2451587.066776208 1.0017629861831665 0.0005443009431473
2451587.142471676 1.0004950165748596 0.0005440011445898
2451587.21816714 0.9996153116226196 0.000543683883734
2451587.294557053 0.9979553818702696 0.0005430612945929
2451587.370946962 0.997175633907318 0.0005428023869171
2451587.447336866 1.000424027442932 0.0005436415085569
2451587.523726765 0.999649167060852 0.0005437617655843
2451587.60011666 0.9992280006408693 0.0005436869105324
2451587.6765065496 0.99839985370636 0.0005435160128399
2451587.7528964346 0.9977874755859376 0.0005434448248706
2451587.829286315 0.9982374906539918 0.0005434888298623
2451587.90567619 0.9977593421936036 0.0005434770719148
2451587.98206606 0.9981199502944944 0.0005435519851744
2451588.058455925 1.000434637069702 0.0005439905216917
2451588.1348457853 1.0003926753997805 0.000543947215192
2451588.210541187 1.0017638206481934 0.00054422649554905
2451588.2862365833 1.0013833045959473 0.0005439671804197
2451588.3626264283 1.000353455543518 0.0005434419144876
2451588.439016267 0.9992802143096924 0.0005434771883301
2451588.5154061015 0.998046576976776 0.0005434202030301
2451588.5917959297 0.9983453154563904 0.0005436222418211
2451588.6681857533 1.00085186958313 0.0005441208486445
2451588.744575571 1.0018354654312132 0.0005443305126391
2451588.820965383 1.0003126859664917 0.0005440891836769
2451588.89735519 1.00001323223114 0.0005440310924313
2451588.9737449912 0.9987574815750122 0.0005437739891931
2451589.045273619 0.9989667534828187 0.00054371380247175
2451589.1265245774 0.9987883567810056 0.0005435995408333
2451589.202219909 0.9982473254203796 0.00054343833471645
2451589.2779152356 0.9986304044723512 0.000543255417142
2451589.3536105556 0.997803270816803 0.0005429992452262999
2451589.4306947757 0.9960062503814696 0.0005425618728622
2451589.5070845373 0.9977688193321228 0.0005430441815406
2451589.583474293 1.0021843910217283 0.0005440784152597
2451589.65916959 1.003393828868866 0.0005445569986477
2451589.7362537864 1.0028380155563354 0.0005444623529911
2451589.8126435243 1.000976324081421 0.0005442441324703
2451589.889033256 1.000430464744568 0.0005442557740025
2451589.965422982 0.9998277425765992 0.0005440889508463
2451590.0418127016 1.0002529621124268 0.0005442656110972
2451590.1182024153 1.0000593662261963 0.000544098613318
2451590.1945921225 1.0003679990768433 0.0005442071706056
2451590.270287372 0.9997834861278535 0.0005439982924144
2451590.3459826154 0.9994376897811889 0.000543937261682
2451590.4223723044 1.0004353523254397 0.00054399081273
2451590.4987619864 0.9989246129989624 0.0005434032646007
2451590.575151663 0.999475121498108 0.0005438450025394
2451590.6515413322 0.9997955560684204 0.0005441283574327
2451590.727930995 0.9997185468673706 0.0005440875538624
2451590.804320652 0.9984632730484008 0.000543879054021
2451590.880710302 0.9996808171272276 0.0005441618268378
2451590.9570999453 1.000885009765625 0.0005444168928079
2451591.033489582 1.0001887083053589 0.0005442858091555
2451591.109879212 1.0002766847610471 0.0005442851688712
2451591.1862688353 0.999665915966034 0.0005441381945274
2451591.2619640008 1.000256359577179 0.0005444046691991
2451591.3376591597 1.0008621215820312 0.0005445554270409
2451591.4140487625 1.0019010305404663 0.0005446237046271
2451591.4904383584 1.0005290508270264 0.0005441518733277
2451591.566827947 1.0001778602600095 0.0005439179367385
2451591.6432175287 1.0010344982147217 0.0005443193949759
2451591.719607103 1.0008230209350584 0.0005444136331789
2451591.79599667 0.9996681809425354 0.0005442692199721
2451591.87238623 0.9998171925544738 0.0005442320834845
2451591.9487757827 1.000184178352356 0.000544334296137
2451592.025165328 1.000712752342224 0.0005444212001748
2451592.101554865 1.0001134872436523 0.0005442567635327
2451592.1828055466 1.0001806616783142 0.00054424331756305
2451592.254333917 0.9982584714889526 0.0005440000095404
2451592.330028981 0.9986023604869843 0.0005440053646452001
2451592.4050295874 0.9997632205486298 0.0005442089459392499
2451592.482113536 0.9983546137809752 0.0005437557119876
2451592.5585030266 0.9979816079139708 0.0005433441838249
2451592.6355869584 0.9986299276351929 0.00054346042452375
2451592.7112819823 0.9999711513519288 0.0005439974484033
2451592.7876714477 1.0000568628311155 0.0005441673565655
2451592.8647553544 1.0016341805458069 0.0005444807175081
2451592.941144802 1.0019335746765137 0.0005444790294859
2451593.016839792 1.000165939331055 0.000544270791579
2451593.093229222 1.0011954307556152 0.0005443187546916
2451593.1696186434 1.0013521909713743 0.0005445093847811
2451593.2460080553 0.9989969134330748 0.0005440331879071
2451593.3217030084 1.000141441822052 0.0005443063564598001
2451593.397397952 1.001588463783264 0.0005446503637358
2451593.473787335 1.0015627145767212 0.0005446085706353
2451593.550176708 1.0001001358032229 0.0005440732347778
2451593.6265660706 0.9993258714675904 0.0005437895306386
2451593.7029554225 1.002185940742493 0.0005444751586765
2451593.7793447636 1.0018835067749023 0.0005447459989227
2451593.8557340936 1.0011969804763792 0.0005446344730444
2451593.9321234124 1.002333641052246 0.0005449138116091
2451594.008512719 1.0020579099655151 0.0005448084557428
2451594.084902014 1.0022006034851074 0.0005448648589663
2451594.1612912966 1.00394868850708 0.0005452352343127
2451594.237680566 1.00124454498291 0.0005447987932711
2451594.3140698224 1.000630021095276 0.0005446202703751
2451594.389764617 1.0013236999511719 0.0005447668372653
2451594.4654593985 1.001659274101257 0.0005447006551548
2451594.541848612 0.999403476715088 0.0005441977409645
2451594.61823781 0.9966588616371154 0.0005434496561065
2451594.6946269926 0.996963083744049 0.0005433107726275
2451594.771016158 0.9988574981689452 0.0005438801017589
2451594.847405306 0.999106168746948 0.0005439412780106
2451594.9237944353 0.9996198415756224 0.0005437490763142
2451595.000183545 1.0004899501800537 0.0005438928492367
2451595.0765726347 0.9993105530738832 0.0005437541403807
2451595.1529617026 0.9993177652359008 0.000543828413356
2451595.229350748 0.9993200898170472 0.0005438930238597
2451595.3057397692 1.0007576942443848 0.000544145645108
2451595.3814343195 1.0004208087921143 0.0005440166860353
2451595.4571288438 0.999643623828888 0.0005437299842014
2451595.5335177854 0.9986819624900816 0.0005433195037767
2451595.609906697 0.997280776500702 0.0005431044846773
2451595.6661566943 0.9993005394935608 0.00054340416681945
2451597.1425434337 1.0013481974601746 0.0005460817192215
2451597.210599008 1.0010106563568115 0.0005448845040518
2451597.2835157104 1.001966118812561 0.000542624911759
2451597.3668491016 1.0015689134597778 0.000539872504305
2451597.443238058 1.0006085634231567 0.0005382084636949
2451597.5175436917 1.0002317428588867 0.0005370920407585
2451597.5932382257 0.9996834993362426 0.0005366674158722
2451597.669627215 0.9980658292770384 0.0005351899890229
2451597.746016212 0.9916537404060364 0.000532888865564
2451597.8203218803 0.9896928668022156 0.0005315518355927501
2451597.8987942277 0.9947198629379272 0.0005314981099218
2451597.975183244 0.9989405870437622 0.0005301217315718
2451598.050877819 1.0016658902168274 0.000528576754732
2451598.127266844 1.0018455386161804 0.0005269512184895
2451598.204350317 1.002502202987671 0.0005258669843897
2451598.2807393475 1.0031341314315796 0.0005250359536148
2451598.3571283794 1.00250506401062 0.0005235393182374
2451598.433517413 1.0019290447235107 0.0005224889027886
2451598.5092120026 1.0032956004142761 0.0005219322920311
2451598.5849065925 1.002047777175903 0.0005214136908762
2451598.661295628 1.001801371574402 0.0005212269024923
2451598.737684664 0.9988194108009336 0.0005201927269808
2451598.814073699 0.9933953881263732 0.0005187919014133
2451598.8904627333 0.9937031269073486 0.0005185424233786
2451598.9668517667 0.9979166388511655 0.0005189687362872
2451599.043240799 1.0005911588668823 0.000518791784998
2451599.1196298297 0.9995176196098328 0.0005180880543775
2451599.1960188583 0.9999575018882751 0.0005177455022931
2451599.272407885 1.0003302097320557 0.0005175552796572
2451599.34879691 1.0010006427764893 0.0005171350203454
2451599.4251859323 1.0011414289474487 0.0005168274510651
2451599.5015749526 1.0025503635406494 0.0005167960189282
2451599.5772695243 1.0030686259269714 0.0005167733470443001
2451599.6529640933 1.0035486221313477 0.0005170310032553
2451599.7293531047 1.0031874179840088 0.0005167783237993
2451599.805742113 0.9994296431541444 0.00051601260202
2451599.8821311183 0.9951791167259216 0.0005151040386408
2451599.948797884 0.9962293207645416 0.0005138094711582501
2451600.032131337 1.00091290473938 0.0005136769614182
2451600.111992559 1.002918541431427 0.0005139649147167
2451600.1883815504 1.0033985376358032 0.0005137937841936499
2451600.2668538736 1.0024065971374512 0.0005136216059327
2451600.341853967 1.001310348510742 0.0005133267259225
2451600.4182429463 1.0005462169647217 0.0005131611833348
2451600.492548587 1.0011048913002014 0.00051311016432005
2451600.5703264484 1.001599133014679 0.0005131266079843001
2451600.6446320806 1.000877022743225 0.0005130234058015
2451600.7217154894 0.9999203681945801 0.00051303437794555
2451600.8015766735 0.9983410239219664 0.0005126333562657
2451600.872410068 0.9954189658164978 0.0005118449334986
2451600.949493463 0.994161069393158 0.00051149554201395
2451601.025882409 0.9970678985118866 0.0005118925182614001
2451601.10366024 0.9999868571758271 0.00051236938452345
2451601.1793547315 1.0017350912094116 0.0005128254415467
2451601.2557436638 1.001242995262146 0.000512650294695
2451601.332132591 1.001295566558838 0.000512562401127
2451601.4085215135 1.001815915107727 0.0005127039039507
2451601.484910431 1.002114176750183 0.0005126114119775
2451601.5612993436 1.0033881664276123 0.0005128412158228
2451601.636993807 1.0029911398887634 0.00051284191431475
2451601.7126882654 0.9999753832817077 0.0005123493028804
2451601.789077163 0.9995582103729248 0.0005122888833284
2451601.865466056 0.9983694553375244 0.0005118589033372
2451601.941854944 0.9949458837509156 0.0005112049984745
2451602.018243827 0.9930853843688964 0.0005106754251755
2451602.0946327043 0.9968113899230956 0.0005115738604217
2451602.1710215765 1.0008620023727417 0.0005123849841766
2451602.2474104436 1.0014975070953367 0.0005125452880747
2451602.3237993056 1.0021885633468628 0.0005126607138663
2451602.400188162 1.0018526315689087 0.0005128107732161
2451602.4765770133 1.0020663738250732 0.0005127813201397
2451602.552965859 1.002721071243286 0.0005129746859893
2451602.629354699 1.0022954940795898 0.0005129473283886
2451602.70504909 1.0021649599075317 0.0005129466298966999
2451602.7807434755 1.002515435218811 0.0005129287019371
2451602.8571323 1.0024831295013428 0.0005129046621732
2451602.933521118 0.997417151927948 0.0005118089611642
2451603.0099099306 0.9920767545700072 0.0005106767639517
2451603.088382069 0.9949715435504913 0.00051121620344925
2451603.162687539 0.998477816581726 0.0005119775305502
2451603.239076335 0.9994073510169984 0.0005123036680743
2451603.315465125 0.9997230172157288 0.0005123551818542
2451603.3911594655 1.0018718242645264 0.0005126081814522999
2451603.467548244 1.0025665163993835 0.0005126896721776
2451603.5432425737 1.0032497048377993 0.0005128793709445
2451603.6203257833 1.001493215560913 0.0005125280877109
2451603.6974089877 1.0008813142776487 0.0005124874878674
2451603.7731032996 1.000610589981079 0.0005124555318616
2451603.8487976054 1.0014797449111938 0.0005126094911247
2451603.925186348 1.001270771026611 0.0005125154857523
2451604.0015750853 0.9978837370872496 0.0005118327680975
2451604.0779638165 0.992656409740448 0.0005108708282932
2451604.154352541 0.994828522205353 0.0005115020903758
2451604.2307412596 0.9988745450973512 0.0005122416187077
2451604.307129972 1.0000756978988647 0.0005124400486238
2451604.3835186786 1.0002821683883667 0.0005124983727
2451604.4599073785 1.0011831521987915 0.0005128475604578
2451604.536296072 1.0006409883499143 0.0005127491895109
2451604.6126847593 1.0004901885986328 0.0005126688629388
2451604.6890734406 1.001466393470764 0.0005127735785208
2451604.764767673 1.00055992603302 0.0005125971511006
2451604.8404618986 1.001067280769348 0.0005127505864948
2451604.9168505603 1.0024974346160889 0.0005130801582708
2451604.9932392156 1.0016435384750366 0.000512903148774
2451605.0696278643 0.9966144561767578 0.0005118101253174
2451605.146016506 0.9939787983894348 0.0005114268860779
2451605.2224051417 0.9989938139915464 0.0005124864983372
2451605.2987937704 1.002373456954956 0.0005131408688612
2451605.375182392 1.0023869276046753 0.0005132161895744
2451605.4515710073 1.0029224157333374 0.000513378996402
2451605.527959615 1.0020701885223389 0.0005133475060574
2451605.6043482167 1.0021750926971436 0.0005132246878929
2451605.680736811 1.001167058944702 0.0005131331272423
2451605.757125398 1.001421332359314 0.0005131096695549
2451605.8328195363 1.0013865232467651 0.00051317503675815
2451605.908513668 1.0016329288482666 0.0005132153164595
2451605.984902234 1.000977635383606 0.00051312870346
2451606.061290792 0.9980167150497437 0.0005123249138705
2451606.1376793436 0.9946274757385252 0.0005116275278851
2451606.2196234176 0.996627390384674 0.0005120052956044
2451606.290456423 0.9974511861801147 0.0005122492439113
2451606.366844952 0.9986659288406372 0.0005127149634063
2451606.4432334728 0.9992553591728208 0.0005127824842929
2451606.519621986 1.0007193088531494 0.0005130367935635
2451606.5960104913 1.0015050172805786 0.0005131057696416
2451606.6723989886 1.0030109882354736 0.0005135462270118
2451606.748787478 1.0027621984481812 0.0005135335959494
2451606.8244815185 1.0038065314292908 0.0005137970729265
2451606.901564432 1.0044001340866089 0.0005138213164173
2451606.9765640153 1.0038456916809082 0.0005137913394719
2451607.052952471 1.0031620264053345 0.0005135693936608
2451607.1293409187 1.000001072883606 0.0005129571654833
2451607.2057293574 0.9951431155204772 0.0005119652487337
2451607.2821177873 0.997239351272583 0.0005125164170749
2451607.358506208 0.9981035590171812 0.0005128491320647
2451607.43489462 1.0004899501800537 0.0005133470403961
2451607.511283022 1.0012847185134888 0.0005135308019816
2451607.5876714145 1.0003615617752075 0.0005134276580065
2451607.664059797 1.0006763935089111 0.0005134630482643
2451607.74044817 1.000873565673828 0.0005134951206855
2451607.816836532 1.0011616945266724 0.0005136919789947
2451607.892530445 1.0015573501586914 0.0005137167754582499
2451607.9682243466 1.001792311668396 0.0005138083943165
2451608.0446126773 1.0025038719177246 0.000513992679771
2451608.121000997 1.0016683340072632 0.0005137728294357
2451608.1973893046 0.9977518320083616 0.0005129249184392
2451608.2737776004 0.9938367009162904 0.0005121410940773
2451608.350165884 0.997373342514038 0.0005129916826263
2451608.426554155 1.000505447387695 0.0005136773688718
2451608.502942413 1.000083327293396 0.0005137227708473
2451608.5793306576 1.0010766983032229 0.0005139366257935
2451608.6557188877 0.9996768832206726 0.000513696053531
2451608.7321071033 1.0012506246566772 0.0005139658460393
2451608.808495304 0.9999299645423888 0.0005138047272339
2451608.8848834885 0.9985950589179992 0.0005135788233019
2451608.960577219 0.9976194500923157 0.000513282691827
2451609.0362709323 0.9964951276779176 0.0005131128127686
2451609.112659065 0.999203622341156 0.0005136982072144
2451609.189047179 0.9978646039962769 0.0005135025130584
2451609.2654352733 0.9948305487632751 0.0005127445911057
2451609.3418233464 0.9951574206352234 0.0005128747434355
2451609.4182113972 0.9996145963668824 0.0005139222485013
2451609.494599425 1.0037078857421875 0.0005149401258677
2451609.5709874276 1.002182126045227 0.0005147127667441
2451609.6473754044 1.0017610788345337 0.0005148462369106
2451609.6918193055 1.0014057159423828 0.0005150187644176
2451611.5674870694 0.9976651966571806 0.0005393394967541
2451611.6306807376 0.99720162153244 0.0005381990922614
2451611.707068699 0.9974350929260254 0.0005367346457205
2451611.783456672 0.9984008669853208 0.0005366327241063
2451611.859844655 0.998320698738098 0.000536288251169
2451611.9362326465 1.0005778074264526 0.0005353675805963
2451612.0126206456 1.0020289421081543 0.0005336031899787
2451612.0883142147 1.0017454028129578 0.0005320935742929
2451612.16400779 1.0008233785629272 0.0005307318060658
2451612.2403958063 1.0023324489593504 0.0005299191107042
2451612.316783827 1.0010488033294676 0.0005281462799757
2451612.393171851 0.99744176864624 0.0005259563331492
2451612.4695598786 0.9952341914176942 0.0005250276299193
2451612.5459479084 1.0000646114349363 0.0005257691955193
2451612.6223359397 1.0029680728912351 0.0005264283972792
2451612.698723973 1.0028009414672852 0.0005260032485239
2451612.775112007 1.0026791095733645 0.0005255212890915
2451612.8515000413 1.0025222301483154 0.0005250214016996
2451612.9278880763 1.0003999471664429 0.0005240681930445
2451613.0042761113 0.9999162554740904 0.0005231879767961
2451613.0806641458 0.9994066357612608 0.0005223593325354
2451613.156357743 1.0001910328865051 0.0005220246966928001
2451613.232051339 1.0002812147140503 0.0005216280696913
2451613.309133807 1.0008997917175293 0.000521194335306
2451613.384827401 0.998470902442932 0.0005199106526561
2451613.46121543 0.9954367876052856 0.000518818385899
2451613.5376034575 0.996676027774811 0.0005187448696233
2451613.613991482 0.9998329877853392 0.0005193664110265
2451613.690379505 1.0011390447616575 0.0005195724661462
2451613.7667675256 1.0018720626831057 0.0005194879486225
2451613.843155544 1.001206636428833 0.0005192437092773
2451613.914682504 0.9997174739837646 0.0005189115763641499
2451613.993848263 1.000074565410614 0.0005188186478335
2451614.072319582 1.001306414604187 0.0005186071502976
2451614.148707589 1.0023399591445925 0.0005185840418562
2451614.225095593 1.0041147470474243 0.0005166445625945
2451614.300094721 1.0039443969726562 0.000516265979968
2451614.376482718 1.0027340650558472 0.0005157506675459
2451614.452870712 0.9982498288154602 0.0005143907037563
2451614.528564267 0.9926854074001312 0.0005134252714924
2451614.60564669 0.9951820373535156 0.0005140143912285
2451614.682729109 0.9988648891448975 0.0005148641357663501
2451614.7584226527 1.0008075237274168 0.0005151164368726
2451614.8348106286 1.0023677349090576 0.0005154826212674
2451614.9111986 1.0026332139968872 0.000515567837283
2451614.987586568 1.003242015838623 0.0005155425751581
2451615.063974532 1.0033931732177734 0.0005156005499884
2451615.140362492 1.0032514333724976 0.0005155773833394
2451615.216750447 1.0035557746887207 0.0005155529361218
2451615.292443963 1.0026794075965881 0.0005153389356564501
2451615.368137474 1.0028407573699951 0.0005152723751962
2451615.444525417 1.0010571479797363 0.000514815619681
2451615.5209133555 0.9970127940177916 0.0005139315035194
2451615.5973012894 0.9921711087226868 0.0005130184581503
2451615.673689219 0.9946144819259644 0.0005134593811817
2451615.7500771442 0.9990253448486328 0.000514245359227
2451615.826465065 1.0005910396575928 0.0005145133472979
2451615.902852981 1.000073790550232 0.0005144921015016
2451615.9792408925 0.9995368123054504 0.0005143950693309
2451616.055628799 0.9991883039474488 0.000514336337801
2451616.1320167007 1.0004976987838743 0.0005144330789335
2451616.208404598 1.000201106071472 0.000514515209943
2451616.2840980543 1.0001288652420044 0.00051445476128715
2451616.3597915065 1.000455856323242 0.0005144531605765
2451616.4361793892 0.99994295835495 0.0005142791196703
2451616.512567267 0.9977484345436096 0.0005138068809174
2451616.5889551397 0.9953697323799132 0.0005131550715304
2451616.6653430075 0.9964114427566528 0.0005134314997121
2451616.74173087 0.9989606738090516 0.0005140437860973
2451616.8181187278 1.0018407106399536 0.0005145877366885
2451616.89450658 1.002123475074768 0.0005146478652022
2451616.9708944275 1.000252604484558 0.000514448271133
2451617.0424212255 1.0010364055633545 0.000514575804118
2451617.1236701068 1.0017530918121336 0.0005145748145878
2451617.2000579387 1.0021435022354124 0.0005145005416125
2451617.276445765 1.001448631286621 0.0005144173046573
2451617.3521391517 1.0002790093421936 0.00051411276217545
2451617.427832533 1.002170205116272 0.0005144519382156
2451617.5042203437 1.0008976459503172 0.0005141961155459
2451617.5806081486 0.9981533288955688 0.0005135389510542
2451617.656995949 0.9946264028549192 0.0005128433695062
2451617.733383743 0.9972445368766784 0.0005134224775247
2451617.8097715317 1.002365469932556 0.0005145946051925
2451617.8861593152 1.0035308599472044 0.0005149194621481
2451617.962547093 1.0025125741958618 0.0005147478659637
2451618.0389348655 1.002577781677246 0.0005147870397195
2451618.1153226322 1.0048798322677612 0.0005152372759766
2451618.1917103934 1.00538170337677 0.0005153488600626
2451618.268098149 1.0028505325317385 0.0005148618947714
2451618.3444858985 1.0019270181655884 0.000514757586643
2451618.4201792083 0.9991157650947572 0.000514294108143
2451618.4958725125 0.999459207057953 0.0005142406444065
2451618.572260245 0.9969052672386168 0.0005138442502357
2451618.648647972 0.993264615535736 0.0005130564677529
2451618.7250356926 0.9907057881355285 0.0005125577445141
2451618.801423407 0.9956732392311096 0.0005135042010806
2451618.877811116 0.99908447265625 0.0005143137532286
2451618.954198819 1.0014479160308836 0.000514754327014
2451619.030586516 1.0013569593429563 0.0005147748743183
2451619.106974207 1.0022511482238767 0.0005150094511918
2451619.1833618917 1.0027003288269043 0.0005151314544491
2451619.2597495704 1.003157138824463 0.0005152411176823
2451619.3361372426 1.0016210079193115 0.0005149692296981
2451619.4125249092 1.002920389175415 0.0005152564262971
2451619.488218136 1.0028664469718933 0.0005151143413968
2451619.5639113565 1.0019303560256958 0.0005150774959474
2451619.640299004 1.000145673751831 0.0005147006595507
2451619.716686645 0.9966319799423216 0.0005139358690939
2451619.7930742796 0.99418306350708 0.000513513223268
2451619.8694619075 0.9984968900680542 0.0005143003072589
2451619.945849529 1.0005831718444824 0.0005148947238922
2451620.022237144 1.0009143352508545 0.000514869869221
2451620.0986247524 1.0005154609680176 0.0005148717318661
2451620.170151325 1.0012280344963074 0.0005150579672771999
2451620.2513999487 1.0016858577728271 0.0005150855868123
2451620.3277875367 1.0009918212890625 0.0005150116048753
2451620.4041751176 1.0009247064590454 0.0005150652723386
2451620.4805626916 1.0004150867462158 0.0005150081124156
2451620.5562558263 1.0015655755996704 0.0005151719378772999
2451620.631948954 1.001188278198242 0.0005149884964339
2451620.7083365065 0.9987140297889708 0.0005143893067725
2451620.784724052 0.9948846697807312 0.0005135553074069
2451620.86111159 0.9957349896430968 0.0005138251581229
2451620.9374991204 0.9974210858345032 0.0005145226605236
2451621.0138866436 0.9993380904197692 0.0005148696363903
2451621.090274159 1.0011906623840332 0.0005152879166416
2451621.1666616662 1.0025354623794556 0.0005155596300028
2451621.243049166 1.0021536350250244 0.0005155184771865
2451621.3194366577 1.0018783807754517 0.0005154454847797
2451621.3958241413 1.0002537965774536 0.0005151025252416
2451621.4722116166 1.0000756978988647 0.0005150859942659
2451621.5485990834 1.0005080699920654 0.0005153032252565
2451621.6242921106 0.999196618795395 0.0005150616634636499
2451621.699985129 0.998116374015808 0.0005147781339474
2451621.7763725696 0.9942031502723692 0.0005140861030668
2451621.8527600016 0.9913409352302552 0.0005134652601554
2451621.9291474246 0.9955496788024902 0.0005143279558978
2451622.0055348375 1.0006526708602903 0.0005153325037099
2451622.081922241 1.0018552541732788 0.0005156198167242
2451622.158309635 1.0020726919174194 0.0005157432169653
2451622.2346970183 1.0031532049179075 0.0005159240681678
2451622.311084391 1.0036906003952026 0.0005160197615623
2451622.3874717536 1.0032494068145752 0.0005159939755685
2451622.463859105 1.002984881401062 0.000515914754942
2451622.5402464448 1.0012898445129397 0.0005156377446837
2451622.6159393424 1.000837504863739 0.0005155266262590499
2451622.6916322284 1.0021673440933228 0.0005158021813258
2451622.7680195323 0.9984542727470398 0.0005151182413101
2451622.8444068227 0.993543028831482 0.000513955252245
2451622.9207941 0.990882396697998 0.0005135045503266
2451622.997181363 0.9962036609649656 0.0005146136973053
2451623.073568611 0.9977076053619384 0.0005150500801391
2451623.1499558436 0.9988266229629515 0.0005152746452949
2451623.22634306 0.9982151389122008 0.0005151613731868
2451623.3027302595 1.001920223236084 0.0005159033462405
2451623.37981187 1.0031421780586243 0.00051604982581915
2451623.4555046037 1.0016062259674072 0.0005159412976354
2451623.5318917464 1.0020500421524048 0.000516056024935
2451623.608278868 1.0021220445632937 0.0005161534063518
2451623.683971538 1.003037452697754 0.00051631734822875
2451623.7596641853 1.0036379098892212 0.0005164866452105
2451623.836051235 1.0002646446228027 0.0005158896674402
2451623.8846611613 0.9976484179496764 0.0005147471092641
2452307.3058653018 1.000198483467102 0.00049518846208225
2452307.369061033 1.0023882389068604 0.0004943757085129
2452307.4454514813 1.0009052753448486 0.0004935697070322
2452307.5218419335 0.9978262186050416 0.0004927394911646
2452307.598926847 0.9959988892078397 0.00049224059330295
2452307.6746228454 0.9997477531433104 0.0004926291876472
2452307.7503188443 1.0019526481628418 0.0004921946674585
2452307.8260148442 1.0022394657135008 0.0004914428573101
2452307.9024053025 1.0014069080352783 0.0004906895337626
2452307.9787957603 1.0016355514526367 0.0004900044295936
2452308.055186217 1.0004016160964964 0.0004890797426924
2452308.1315766727 1.0014024972915647 0.0004883631481789
2452308.2079671267 1.0018653869628906 0.0004877151222899
2452308.2843575785 1.0018403530120847 0.0004871239943895
2452308.360748028 1.0009669065475464 0.0004864710208494
2452308.437138475 1.0006515979766843 0.0004859383625444
2452308.5135289193 0.9982454776763916 0.0004852635611314
2452308.589919361 0.9951063990592957 0.0004844068316742
2452308.666309799 0.995058476924896 0.0004842858179472
2452308.742700234 0.9989125728607176 0.0004849360557273
2452308.8183962074 1.0020868182182312 0.0004853843856835
2452308.894092177 1.0027393102645874 0.000485455879243
2452308.970482602 1.003075122833252 0.0004855044244322
2452309.0468730223 1.0033564567565916 0.0004853933933191
2452309.1232634396 1.0028020143508911 0.0004851690027862
2452309.1996538527 1.0024967193603516 0.0004848591343034
2452309.2760442616 1.0023943185806274 0.0004847786331083
2452309.3524346664 1.003432273864746 0.0004850196710322
2452309.4288250674 1.001825213432312 0.0004845271469093
2452309.5052154637 0.9987372159957884 0.0004839329922106
2452309.581605856 0.9962530136108398 0.0004832628765143
2452309.6579962433 0.9925571084022522 0.0004822940099984
2452309.7343866266 0.9930649399757384 0.0004823925264645
2452309.810082548 0.9952576756477355 0.00048286914534395
2452309.885778464 0.9984991550445556 0.0004836041189264
2452309.9621688337 0.9983890652656556 0.0004835714935325
2452310.0385591993 0.9991570711135864 0.0004836688749492
2452310.11494956 1.0006556510925293 0.0004838824679609
2452310.1913399156 1.0011674165725708 0.0004839018220081
2452310.2677302663 1.0030815601348877 0.000484293064801
2452310.344120613 1.0029605627059937 0.0004842885246034
2452310.420510954 1.002076745033264 0.000484131014673
2452310.496901291 1.00093674659729 0.0004839966713916
2452310.5732916226 0.9999576807022096 0.0004837947781197
2452310.6496819495 0.9988903999328612 0.0004833102575503
2452310.726072272 0.9963093400001524 0.0004827824886888
2452310.8024625885 0.9986068606376648 0.0004833615676034
2452310.878158443 1.0006191730499268 0.00048386090202255
2452310.953854293 1.001089096069336 0.0004839851171709
2452311.0302445954 1.0009970664978027 0.0004839304601773
2452311.1066348925 1.0017759799957275 0.0004840440233238
2452311.183025184 1.000999927520752 0.0004840234469156
2452311.2594154715 1.001262068748474 0.0004840862529817
2452311.3358057532 1.000606894493103 0.0004840195178985
2452311.41219603 1.0012067556381223 0.0004841603513341
2452311.4885863014 1.0014216899871826 0.0004842548223678
2452311.5649765674 1.0009810924530027 0.0004841316549573
2452311.641366829 0.9982421994209288 0.0004835920117329
2452311.717757085 0.9952341318130492 0.0004828928504139
2452311.794147336 0.9946272373199464 0.000482745206682
2452311.8698431244 0.9996194839477539 0.0004838144523091
2452311.9455389082 1.0013020038604736 0.0004842779308091
2452312.0219291435 1.0017246007919312 0.000484319316456
2452312.098319373 1.002116560935974 0.0004844764189328
2452312.1747095976 1.0022617578506468 0.0004845472285524
2452312.251099817 1.0019192695617676 0.0004845099756494
2452312.327490031 1.00177001953125 0.0004844813374802
2452312.4038802395 1.0014280080795288 0.0004843732167501
2452312.4802704426 1.0013926029205322 0.0004843282222282
2452312.5566606405 0.998461365699768 0.0004838248132728
2452312.633050833 0.9982016086578368 0.0004838469030801
2452312.70944102 0.9960899353027344 0.0004833947459701
2452312.7858312014 0.9923625588417052 0.0004824167117476
2452312.861526922 0.9923393428325652 0.00048242707271125
2452312.937917093 0.9968047440052032 0.0004833993443753
2452313.0087516094 0.999558687210083 0.0004839792818529
2452313.0900029615 1.0014793872833252 0.0004844692884944
2452313.166393116 1.0019471645355225 0.0004845971125178
2452313.242783265 1.0004981756210327 0.0004843487404286
2452313.3191734087 1.0009961128234863 0.000484443095047
2452313.3955635466 1.0022287368774414 0.0004846487136092
2452313.471953679 1.0034133195877075 0.0004848189710173
2452313.5483438056 1.002897024154663 0.0004847400996368
2452313.6247339267 1.0019593238830566 0.0004845137882512
2452313.7011240423 1.0015125274658203 0.0004844232753384
2452313.777514152 0.998604655265808 0.0004837320593651
2452313.853904257 0.9964562058448792 0.0004830581892747
2452313.9295999003 0.9977986514568329 0.00048326588876075
2452314.005295538 0.9984121918678284 0.0004837539454456
2452314.0816856255 1.000069260597229 0.000484204821987
2452314.1580757075 1.000477313995361 0.0004842997295781
2452314.2344657835 1.0006688833236694 0.0004843287460971
2452314.310855854 1.0006349086761477 0.0004844589857384
2452314.3872459186 1.0006933212280271 0.0004844766517635
2452314.463635978 1.0025537014007568 0.0004848016251344
2452314.540026031 1.0016080141067505 0.0004846641386393
2452314.616416078 1.001960277557373 0.000484790536575
2452314.6928061196 1.0023469924926756 0.0004848445823881
2452314.7691961555 1.0021010637283323 0.0004847474629059
2452314.8455861853 0.998439371585846 0.0004837017913814
2452314.9219762096 0.9963456392288208 0.0004832002159673
2452314.997671773 0.9994245171546936 0.0004840385226998
2452315.0733673307 0.9998570084571838 0.0004843547067139
2452315.1497573373 0.9991092681884765 0.000484290998429
2452315.2261473374 0.999580144882202 0.0004844325885642
2452315.302537332 0.9978575110435484 0.000484056858113
2452315.3789273207 0.9977412819862364 0.000484090327518
2452315.455317303 0.9988421201705932 0.0004842217022087
2452315.5317072794 0.9980924129486084 0.0004842258640564
2452315.6080972496 1.001806139945984 0.0004847839591093
2452315.684487214 1.000380039215088 0.0004846463270951
2452315.760877172 1.0013189315795898 0.0004847351810894
2452315.837267124 1.0001890659332275 0.0004843944043386
2452315.9136570697 0.9973308444023132 0.0004838099703192
2452315.989352555 0.996149867773056 0.00048378003702955
2452316.0650480343 1.0005574226379397 0.0004846199299208
2452316.1414379613 1.0027039051055908 0.0004853318096138
2452316.2178278817 1.0033667087554932 0.0004853436548728
2452316.294217796 1.003491997718811 0.0004853672289755
2452316.370607704 1.0018798112869265 0.0004851314588449
2452316.4469976053 1.002060294151306 0.0004851639678236
2452316.5233875 1.0010747909545898 0.0004850040131714
2452316.599777388 1.0007003545761108 0.0004849635297432
2452316.6761672697 1.0002202987670898 0.0004848860844504
2452316.7525571445 1.0004055500030515 0.0004848096868954
2452316.828947013 1.0005974769592283 0.0004848634998779
2452316.905336874 0.9975485205650328 0.0004842002817895
2452316.9817267284 0.9925269484519958 0.0004831205005757
2452317.057422123 0.9935075044631958 0.000483483687276
2452317.13311751 0.9993889331817628 0.0004846639058087
2452317.2095073434 1.0022734403610227 0.000485346186906
2452317.2858971697 1.0015408992767332 0.0004853359423577
2452317.3622869886 1.0024172067642212 0.0004855197912547
2452317.4386768 1.0021679401397705 0.0004855360020883
2452317.515066604 1.0010874271392822 0.0004853686550632
2452317.5914564007 1.003233790397644 0.0004857559979427
2452317.6678461893 1.0028052330017088 0.000485567987198
2452317.74423597 1.002277135848999 0.0004854238941334
2452317.820625743 1.001987338066101 0.0004855160077568
2452317.8970155073 1.000805616378784 0.0004852111742366
2452317.9734052634 0.9951708912849424 0.0004841634945478
2452318.049100559 0.9920968413352966 0.00048340503417415
2452318.1247958457 0.9962320923805236 0.0004843391361646
2452318.201185576 0.9992783665657043 0.0004851171397604
2452318.277575297 0.999843180179596 0.0004852779675275
2452318.353965008 0.9993533492088316 0.0004851950507145
2452318.4303547097 1.0013328790664673 0.0004856635059695
2452318.506744401 1.001928687095642 0.000485770200612
2452318.583134082 1.001428723335266 0.0004856530285906
2452318.6595237525 1.001671552658081 0.0004857625754084
2452318.7359134112 1.0014034509658811 0.0004857772728428
2452318.811608607 1.0006839036941528 0.00048584917385595004
2452318.888692693 1.0007107257843015 0.0004857489839196
2452318.9650823153 0.9993305802345276 0.0004855143197346
2452319.0185550423 0.9973078966140748 0.00048493912618134997
2452320.2630096776 1.0002061128616333 0.0004940855142194
2452320.3373158346 1.0012156963348389 0.0004938321653753
2452320.413705349 1.0009077787399292 0.0004937857156619
2452320.4900948703 1.0002658367156982 0.0004943458479829
2452320.566484397 1.000828981399536 0.0004949081339873
2452320.6428739284 1.0014808177947998 0.0004946556873619
2452320.7192634637 1.0015989542007446 0.0004940305952914
2452320.795653002 1.000795602798462 0.0004938549827784
2452320.872042542 1.0003790855407717 0.0004939204081892
2452320.9484320837 1.0007057189941406 0.0004937929334118
2452321.024821626 0.9996274113655088 0.0004930168506689
2452321.1012111683 0.99475622177124 0.0004912923905067
2452321.17690626 0.9923221170902253 0.00048984555178315
2452321.252601351 0.9967672228813172 0.0004899877822026
2452321.328990891 0.9997647404670716 0.000489548430778
2452321.4053804297 1.0002906322479248 0.0004887075629085
2452321.4817699664 0.9992929697036744 0.0004881649219896
2452321.5581595004 1.0000299215316772 0.0004884002264589
2452321.6345490324 1.0011368989944458 0.0004884474328719
2452321.7109385617 1.001232028007507 0.0004880273190792
2452321.7873280877 1.0008203983306885 0.0004876289458479
2452321.863717611 1.0007550716400146 0.0004874300793744
2452321.940107131 1.0017378330230713 0.0004873066209256
2452322.016496647 1.0027613639831543 0.0004872195131611
2452322.09288616 0.9995703697204588 0.0004862298083025
2452322.168581219 0.9960630238056183 0.0004852966376347
2452322.2442762745 0.993898332118988 0.0004846409137826
2452322.320665776 0.9974539875984192 0.0004852286947425
2452322.397055273 0.9995002746582032 0.0004852959536947
2452322.473444766 1.0005183219909668 0.0004853861755691
2452322.549834255 1.0007786750793457 0.0004856305022258
2452322.6262237397 1.000117778778076 0.0004855063452851
2452322.70261322 1.000734806060791 0.0004856371961068
2452322.779002696 1.001938223838806 0.0004856957239098
2452322.8553921673 1.001594305038452 0.0004856101004406
2452322.9317816338 1.0016180276870728 0.0004855949664488
2452323.0081710964 1.0014162063598633 0.0004855429579038
2452323.0845605535 1.0013375282287595 0.0004854081198573
2452323.1609500065 1.000444769859314 0.0004849996475968
2452323.2366450047 0.9957889318466187 0.00048386772687075
2452323.312339999 0.9968002438545228 0.0004840483888983
2452323.3887294373 0.9993983507156372 0.0004844157665502
2452323.4651188706 1.0013331174850464 0.0004850688274018
2452323.5415082993 1.001248121261597 0.0004850029945373
2452323.617897723 1.0014196634292605 0.0004849664401262
2452323.694287142 1.0027569532394407 0.000485120981466
2452323.770676555 1.0032880306243896 0.000485205440782
2452323.847065964 1.00108540058136 0.0004848159733228
2452323.9234553673 1.0009490251541135 0.0004848667886108
2452323.999844766 1.0012273788452148 0.0004848682438023
2452324.0762341595 1.0006361007690427 0.0004847735981456
2452324.1526235477 0.999960482120514 0.0004846041265409
2452324.2290129308 0.995102047920227 0.0004836524894926
2452324.3047078596 0.9936837255954742 0.00048305749078275
2452324.3804027834 0.99655419588089 0.0004838419845327
2452324.4574865997 1.0024155378341675 0.0004850096884183
2452324.533181513 1.0040018558502195 0.0004855553270317
2452324.60957087 1.0033513307571411 0.0004854477592743
2452324.685960222 1.0028902292251587 0.0004854416183661
2452324.7623495683 1.0017675161361694 0.0004852997080888
2452324.8387389095 1.0008459091186523 0.0004851258709095
2452324.915128245 1.0005412101745603 0.0004850903351325
2452324.9915175755 1.0007526874542236 0.0004851271223742
2452325.067906901 1.0007158517837524 0.0004850269760936
2452325.1442962205 1.000033974647522 0.0004849150718655
2452325.2206855346 0.999119699001312 0.0004846222873311
2452325.296380395 0.9963824152946472 0.0004839969333261
2452325.372075251 0.9925501942634584 0.0004831557744182
2452325.4484645487 0.9957577586174012 0.0004838597378693
2452325.5248538414 1.000155687332153 0.0004849312244914
2452325.6012431285 1.0014187097549438 0.0004851782287005
2452325.67763241 1.000346064567566 0.0004851320991292
2452325.7540216865 0.9999369382858276 0.0004851277190027
2452325.8304109573 1.00109601020813 0.0004853589925915
2452325.9068002226 1.0008325576782229 0.0004852992715314
2452325.9831894822 1.0011708736419676 0.0004854336439166
2452326.0595787363 1.0033210515975952 0.000485670112539
2452326.1359679853 1.0025734901428225 0.0004855130100622
2452326.212357228 1.001991629600525 0.0004852333513554
2452326.2838853323 0.9995791018009186 0.00048475504445375
2452326.3644412495 0.9965335428714752 0.0004838971653953
2452326.440136029 0.99383282661438 0.0004833799612242
2452326.5165252495 0.9966531991958616 0.0004841767949983
2452326.592914465 1.0001450777053833 0.0004849056713283
2452326.6693036743 0.9995844960212708 0.0004848005482926
2452326.7456928785 0.9988164305686952 0.0004847597738262
2452326.8220820767 0.9993852972984314 0.0004848660319112
2452326.898471269 0.9999650716781616 0.0004849635297432
2452326.974860456 1.00146484375 0.0004852797428611
2452327.051249637 1.0023545026779177 0.0004854400758631
2452327.1276388126 1.0031661987304688 0.0004854786966461
2452327.2040279824 1.0024902820587158 0.0004855133593082
2452327.280417146 1.0034042596817017 0.0004857073072344
2452327.356111858 1.0012771487236023 0.00048519190750080004
2452327.4318065634 0.9962483048439024 0.0004841424815822
2452327.5081957104 0.996240258216858 0.0004842590424232
2452327.5845848513 0.9991263151168824 0.0004849246761295
2452327.6609739866 1.0013595819473269 0.0004854650469496
2452327.737363116 1.0003840923309326 0.0004853015416301
2452327.81375224 0.9994435906410216 0.0004851357080042
2452327.8901413577 1.000602960586548 0.0004853352729696
2452327.9665304697 1.00013530254364 0.0004852409765589
2452328.0429195757 1.0007067918777464 0.0004852001438848
2452328.1193086756 1.0011674165725708 0.0004852912097703
2452328.19569777 1.001151204109192 0.0004853836435358
2452328.2720868583 1.0004515647888184 0.0004853346617892
2452328.3484759405 1.0010908842086792 0.0004853574500884
2452328.424170571 0.9966272711753844 0.0004844833601964
2452328.4998651952 0.9944193959236144 0.000483987503685
2452328.57625426 0.9969062209129332 0.0004847012460231
2452328.6526433183 1.0007976293563845 0.0004854855360463
2452328.7290323707 1.0028836727142332 0.0004859687760472
2452328.805421417 1.003066062927246 0.0004860380722675
2452328.8818104574 1.004319190979004 0.0004862217756453
2452328.9581994917 1.004705548286438 0.0004862465139012
2452329.0345885195 1.0043290853500366 0.0004861397028435
2452329.110977541 1.0015820264816284 0.0004858064057771
2452329.187366557 1.000121831893921 0.0004855227598454
2452329.2637555664 0.9984320998191832 0.0004852359707001
2452329.3401445695 0.999650239944458 0.0004854470898862
2452329.4165335665 0.9989356398582456 0.0004852125421166
2452329.4922281117 0.993863970041275 0.00048395445628555
2452329.567922651 0.9922709465026855 0.0004837313026655
2452329.644311629 0.9976559281349182 0.0004849617253057
2452329.7207006 1.0005805492401123 0.0004855353035964
2452329.797089565 0.9991602301597596 0.0004854253202211
2452329.8734785235 0.9998074769973754 0.0004856254672631
2452329.949867476 1.0001293420791624 0.0004856017185375
2452330.026256421 1.0016063451766968 0.0004859798937104
2452330.1026453595 1.0028549432754517 0.0004863789363298
2452330.1790342913 1.0035772323608398 0.0004864926740992
2452330.2554232166 1.0030561685562132 0.0004864107468165
2452330.331812135 1.0020554065704343 0.0004862292262259
2452330.4082010468 1.0014522075653076 0.0004861394700128
2452330.4838955067 0.9992859661579132 0.00048545520985495
2452330.559589959 0.9945070147514344 0.0004844505456276
2452330.63597885 0.9944000244140624 0.0004845391376875
2452330.712367733 0.996155858039856 0.0004851095727644
2452330.788756609 0.9976815581321716 0.0004855222359765
2452330.8651454775 0.9985380172729492 0.0004854334983974
2452330.9415343385 1.000011682510376 0.0004857401654589
2452331.0179231917 1.0009031295776367 0.0004860074550379
2452331.0943120373 1.0026679039001465 0.0004863054782617
2452331.170700875 1.0037132501602173 0.0004865675873588
2452331.2470897045 1.0035781860351562 0.0004865579539909
2452331.323478526 1.0021365880966189 0.000486413744511
2452331.399867339 1.0015809535980225 0.000486309902044
2452331.476256144 1.0007895231246948 0.0004860979970544
2452331.5519504957 0.9967119395732877 0.00048520092968824997
2452331.6276448388 0.9933363199234008 0.0004845704534091
2452331.704033616 0.9958008527755736 0.0004851603589486
2452331.780422384 1.000029683113098 0.0004859432810917
2452331.856811142 1.0018271207809448 0.0004863427893724
2452331.9331998895 1.001994252204895 0.0004864768416155
2452332.0095886267 1.0009615421295166 0.0004863541398663
2452332.0859773527 1.000656008720398 0.0004862996283918
2452332.1623660675 1.0011651515960691 0.0004864415386691
2452332.23875477 1.0016884803771973 0.0004865392984356
2452332.31514346 1.001377820968628 0.0004865408991463
2452332.3901432515 1.0017907619476318 0.0004866980598308
2452332.4679207997 1.000927448272705 0.0004867087409365
2452332.544309449 0.9985642433166506 0.0004862388013862
