2451491.674592856 1.0357507467269895 0.000200304435566
2451491.756539371 1.0624611377716064 0.0002024965506279
2451491.837791436 1.0463062524795532 0.0002009230884141
2451491.91904351 1.001266837120056 0.0001966683630598
2451492.0009900536 0.9442366361618042 0.0001913062151288
2451492.0822421405 0.9543871283531188 0.00019216536020390002
2451492.1634942307 1.0092885494232176 0.0001974103506654
2451492.2454407862 1.0531082153320312 0.0002014273923123
2451492.326692881 1.0636987686157227 0.00020231564121784998
2451492.4079449764 1.0281490087509155 0.0001991130702663
2451492.4891970726 0.971865326166153 0.00019381710444575
2451492.570449168 0.9110379219055176 0.0001880107447504
2451492.652395725 0.9432471990585328 0.0001910302380565
2451492.7336478177 1.0051572918891907 0.00019696352683235
2451492.81489991 1.0507737398147583 0.0002011124015552
2451492.8968464616 1.0566897392272947 0.0002016780053963
2451492.978098549 1.0216161012649536 0.0001984905247809
2451493.0593506335 0.9729698300361632 0.0001939181820489
2451493.141297178 0.9370499253273008 0.0001905571261886
2451493.2225492573 0.9795158505439758 0.00019456888549025002
2451493.303801333 1.030335783958435 0.000199310699827
2451493.385053406 1.063771665096283 0.00020239158038745002
2451493.4663054757 1.0557494163513184 0.0002016394573729
2451493.5482520037 1.0077346563339231 0.0001971831516129
2451493.629504066 0.9437765777111051 0.0001911985673359
2451493.710756125 0.91387277841568 0.0001883216464193
2451493.792702642 0.9754531383514404 0.0001941931404871
2451493.873954693 1.0289559960365295 0.00019918026373485
2451493.95520674 1.0606001615524292 0.0002020765095949
2451494.036458783 1.0473538041114807 0.0002008713126997
2451494.1177108223 1.0038563013076782 0.0001968321157619
2451494.1996573196 0.947368621826172 0.0001915414904942
2451494.28090935 0.9430300891399384 0.00019112419249720002
2451494.362161377 1.0011960268020628 0.0001966071722563
2451494.4441078613 1.047846794128418 0.0002009216696023
2451494.5253598792 1.0644644498825073 0.00020245098858135
2451494.6066118935 1.038041591644287 0.0002000430249609
2451494.6885583643 0.9835022687911988 0.0001949989818967
2451494.7649491387 0.9198434352874756 0.0001888800325104
2451494.8517568316 0.9343178868293762 0.0001902676594909
2451494.932314366 0.9977884888648987 0.00019629060261645002
2451495.013566358 1.0475993156433103 0.0002008560550166
2451495.095512807 1.0609582662582395 0.0002020947140408
2451495.176764789 1.0303583145141602 0.00019929110567315
2451495.2580167674 0.9813280701637268 0.0001947700802702
2451495.3399632024 0.9346761703491212 0.000190330814803
2451495.421215171 0.9665987193584442 0.0001933598614414
2451495.502467135 1.0205218791961668 0.0001982972316909
2451495.5837190947 1.05819433927536 0.00020186534675295
2451495.6649710494 1.0561552047729492 0.0002016607759287
2451495.7469174606 1.0126198530197144 0.0001976862113224
2451495.8281694055 0.9529512822628021 0.00019207993318555
2451495.909421346 0.9131764769554136 0.0001882451906567
2451495.991367743 0.9648059010505676 0.000193195475731
2451496.072619674 1.0226522088050842 0.00019863369379885
2451496.1538715996 1.060657620429993 0.00020208764181
2451496.2358179814 1.0540418624877927 0.0002015169447986
2451496.3170698974 1.0103213787078857 0.0001975140694412
2451496.3983218083 0.9529356360435484 0.0001920794602483
2451496.4795737145 0.9321653246879578 0.0001900831339298
2451496.5608256157 0.9862045645713806 0.0001952073071151
2451496.642771973 1.0345270633697508 0.0001997137442231
2451496.7240238637 1.0581780076026917 0.00020188138296355
2451496.8052757494 1.0392802953720093 0.0002001415559789
2451496.887916552 0.9911083877086639 0.0001956710766535
2451496.968473967 0.9271738529205322 0.00018959807493955
2451497.049725837 0.927130162715912 0.0001895360765047
2451497.1309777023 0.991901010274887 0.000195774839085
2451497.212229563 1.0423206090927124 0.000200422888156
2451497.294175878 1.061469554901123 0.000202186012757
2451497.3754277276 1.0381921529769897 0.00020009955187555
2451497.456679572 0.9914706349372864 0.0001957307395059
2451497.538625871 0.9360321164131165 0.0001904992386698
2451497.6198777044 0.9549014568328857 0.00019227212032999998
2451497.701129532 1.0093612670898435 0.0001974008773686
2451497.7830758146 1.0521496534347534 0.0002013708872254
2451497.864327632 1.0577410459518433 0.0002018737068283
2451497.950440662 1.016964614391327 0.00019810599769695
2451498.026831249 0.9641682505607605 0.00019318886188555003
2451498.108083049 0.9125730395317077 0.0001882363430922
2451498.1900293035 0.9529890418052672 0.0001921362709254
2451498.2712810924 1.0120524168014526 0.0001976378334802
2451498.3525328753 1.05597186088562 0.000201687158551
2451498.434479112 1.0584298372268677 0.0002019019302679
2451498.515730883 1.020021915435791 0.0001983666370506
2451498.5969826486 0.9655131101608276 0.0001932558079715
2451498.6782344077 0.9350614547729491 0.00019038201571669998
2451498.759486161 0.9835600852966307 0.0001950123551068
2451498.841432368 1.03306245803833 0.0001995614729821
2451498.9226841093 1.061713993549347 0.00020219697034915002
2451499.003935844 1.0470057725906372 0.0002008148294407
2451499.085882032 0.9961748123168944 0.0001961437665158
2451499.167133754 0.9311826229095459 0.0001900329662021
2451499.24838547 0.9127920866012572 0.0001881724456325
2451499.3303316385 0.9783283472061156 0.0001944755786098
2451499.4115833407 1.0307500958442688 0.00019937787146770002
2451499.492835037 1.0587046146392822 0.0002019177918555
2451499.5740867266 1.0437793135643005 0.00020056563516840001
2451499.655338409 0.9993551969528198 0.0001964086695807
2451499.7372845435 0.9417576789855956 0.0001910395076265
2451499.818536212 0.9481991827487946 0.00019160978263235001
2451499.899787874 1.0045843124389648 0.000196939901798
2451499.9817339866 1.0492981672286987 0.0002010736352531
2451500.0629856335 1.0611690282821655 0.00020214766846035
2451500.1442372734 1.0262975692749023 0.0001989562588278
2451500.2261833637 0.9721872806549072 0.0001939258654601
2451500.307434988 0.9111218154430387 0.00018804918363454998
2451500.388686605 0.9405841827392578 0.0001908837584778
2451500.469938214 1.0034669041633606 0.00019685702864075
2451500.551189814 1.04940128326416 0.0002010778407566
2451500.633135865 1.0593501329421997 0.000201999762794
2451500.7143874485 1.0268524289131165 0.0001990401724469
2451500.795639024 0.9763412475585936 0.0001942888193298
2451500.877585049 0.9353261590003968 0.0001904124364955
2451500.9588366062 0.9734694361686707 0.0001940306538017
2451501.0352269514 1.022426962852478 0.00019861340115309999
2451501.1213396937 1.0628672242164612 0.00020229079382255
2451501.2025912236 1.0555896759033203 0.0002016516082221
2451501.284537201 1.00831139087677 0.0001972770114662
2451501.3657887103 0.9455024302005768 0.0001913628511829
2451501.4470402095 0.9138877391815184 0.0001882910000858
2451501.528986155 0.973510146141052 0.0001940520014613
2451501.6102376324 1.0284167528152466 0.00019916273595295
2451501.691489098 1.06203031539917 0.0002022323169512
2451501.773435009 1.0499663352966309 0.0002011114265769
2451501.854686451 1.0056295990943909 0.00019704180158435002
2451501.9359378805 0.94829660654068 0.000191622893908
2451502.0171892964 0.9380083978176116 0.00019061256170970002
2451502.098440699 0.994918406009674 0.0001960351801244
2451502.1803865433 1.0403544902801511 0.0002002476830966
2451502.261637917 1.0599262714385986 0.00020202551968395
2451502.3428892745 1.035640239715576 0.0001998309599002
2451502.424835072 0.9823516607284544 0.0001948771532624
2451502.506086396 0.9188633263111115 0.00018881413416230002
2451502.5873377025 0.9321632385253904 0.0001900807546917
2451502.6685889894 0.9977040886878967 0.00019631271425164999
2451502.749840257 1.045275330543518 0.0002006694412557
2451502.8317859587 1.060915231704712 0.0002021341497311
2451502.9130371828 1.0333478450775146 0.0001996292776311
2451502.994288383 0.9852963089942932 0.000195168700884
2451503.0373445647 0.9521998763084412 0.0001920474023791
2451504.7255650368 0.9139074981212615 0.00018913795065594999
2451504.7859829124 0.92009037733078 0.0001894806191558
2451504.8679290074 0.986847937107086 0.0001955766638275
2451504.9491806533 1.0383282899856567 0.0002002009787247
2451505.030432307 1.0597147941589355 0.000202030481887
2451505.1116839666 1.03843754529953 0.00020009154104625002
2451505.1929356293 0.9939177632331848 0.000195944783627
2451505.274881754 0.9370922446250916 0.0001905126409837
2451505.356133421 0.9529611766338348 0.0001921086586662
2451505.437385089 1.0075738430023191 0.0001972445024875
2451505.519331216 1.0506849288940427 0.0002012001205002
2451505.6005828837 1.058320164680481 0.0002018731029238
2451505.6818345496 1.0225641727447508 0.0001986142306122
2451505.763780673 0.9652726054191588 0.0001932243321789
2451505.8450323353 0.9115523397922517 0.0001880841518868
2451505.9262839956 0.9492163062095642 0.0001916653709486
2451506.007535653 1.0107368230819702 0.00019747270562215
2451506.0887873075 1.055626392364502 0.0002016273938352
2451506.1707334174 1.059687614440918 0.0002019760140683
2451506.2519850656 1.021548867225647 0.00019847990915869998
2451506.3332367097 0.9688609838485716 0.000193554587895
2451506.415182809 0.935748815536499 0.0001903888478409
2451506.496434446 0.9808496832847594 0.00019468245591265
2451506.577686079 1.0294007062911987 0.0001991917233681
2451506.6589377075 1.05974680185318 0.00020199140999465
2451506.7401893325 1.0472935438156128 0.0002008695882977
2451506.822135411 0.9987080693244934 0.0001963959948625
2451506.9033870273 0.9346152544021606 0.00019029319082614998
2451506.984638639 0.9130401611328124 0.0001882359647424
2451507.0665847044 0.9781818389892578 0.0001944551331689
2451507.147836307 1.0310378670692444 0.0001993868791032
2451507.229087905 1.0603079795837402 0.0002020637184614
2451507.3110339567 1.0455268621444702 0.0002006993454415
2451507.3922855454 1.0009154677391052 0.00019659313693405
2451507.473537129 0.944936752319336 0.0001912757870741
2451507.554788708 0.9477468132972716 0.00019154475012325
2451507.6360402824 1.0052133798599243 0.0001969744334928
2451507.71798631 1.0505366325378416 0.0002011270553339
2451507.7992378743 1.0646451711654663 0.00020240646699670002
2451507.885350638 1.030766785144806 0.00019934403826475
2451507.9624354457 0.9786624312400816 0.000194478634512
2451508.0436869953 0.9140627086162566 0.0001882888027466
2451508.12493854 0.9377511739730836 0.0001905474637169
2451508.206884537 1.002620220184326 0.0001967232819879
2451508.2881360715 1.0495966672897339 0.0002010484313359
2451508.3693876006 1.0597926378250122 0.0002019966486841
2451508.4506391245 1.0268564820289612 0.0001989417796721
2451508.5318906433 0.9760323762893676 0.0001942427043104
2451508.6138366144 0.9337539076805114 0.0001901162759168
2451508.695088123 0.9700510501861572 0.00019365595653645
2451508.776339626 1.022601008415222 0.0001985787966987
2451508.858285581 1.0603320598602295 0.0002020175306824
2451508.9395370735 1.056068181991577 0.00020162722648815
2451509.0207885606 1.010787010192871 0.0001974933111341
2451509.1020400426 0.9502288103103638 0.0001917858680826
2451509.183291519 0.914551854133606 0.0001883595832623
2451509.2652374473 0.970215141773224 0.0001937216729857
2451509.346488913 1.0256577730178833 0.00019888649694615
2451509.427740373 1.0625724792480469 0.0002022592234425
2451509.5096862847 1.052478551864624 0.0002013628254644
2451509.5909377337 1.0077149868011477 0.00019721427088365
2451509.6721891775 0.9503094553947448 0.0001917771587613
2451509.7541350727 0.937638521194458 0.0001905481767607
2451509.8353865054 0.9924848973751068 0.0001958090360858
2451509.916637932 1.038712501525879 0.0002000628446694
2451509.997889353 1.058219075202942 0.0002018516315729
2451510.079140769 1.0360774993896484 0.0001998156803892
2451510.161086635 0.9847437143325805 0.0001950302685145
2451510.2423380394 0.9200480580329894 0.00018888655904445
2451510.323589438 0.930040180683136 0.0001897992187878
2451510.405535287 0.9956589341163636 0.0001960989757208
2451510.486786674 1.0455724000930786 0.00020066057186335
2451510.5680380547 1.062885284423828 0.0002022518892772
2451510.64928943 1.0373544096946716 0.0001999512678594
2451510.730540799 0.9875887036323548 0.0001953086466528
2451510.8124866183 0.9347450137138368 0.0001902991643873
2451510.8937379755 0.9609403610229492 0.0001928136116475
2451510.970128135 1.0126850008964539 0.0001976824132725
2451511.056935128 1.0558232069015503 0.0002015811041928
2451511.138186467 1.0576863288879397 0.00020174500969
2451511.2194378 1.0168315172195437 0.0001980380766326
2451511.301383582 0.9579784870147704 0.0001925768883666
2451511.3826349024 0.9108130931854247 0.00018798128439805002
2451511.4638862167 0.9554020166397096 0.0001922654337249
2451511.5451375246 1.0128865838050842 0.0001976817293325
2451511.626388826 1.0541087388992307 0.0002014320343732
2451511.7083345763 1.055037498474121 0.0002014583151321
2451511.7895858646 1.017058789730072 0.00019800123845919998
2451511.8708371464 0.9616475105285645 0.0001928773126564
2451511.9527828773 0.9358686804771424 0.0001903504744404
2451512.034034146 0.9871747195720673 0.00019524422532405002
2451512.1152854078 1.036136031150818 0.0001998521765926
2451512.196536663 1.06281578540802 0.00020225191110505
2451512.277787911 1.045432448387146 0.0002007234434131
2451512.3597336076 0.9946278929710388 0.0001959860674105
2451512.4409848414 0.9285574555397034 0.0001897041584015
2451512.5222360687 0.918574333190918 0.000188747755601
2451512.6041817437 0.9847907423973083 0.0001950747391674
2451512.6854329566 1.03472238779068 0.00019967599655495
2451512.766684162 1.0572524070739746 0.0002017602237174
2451512.8486298146 1.0380098819732666 0.0002000074891839
2451512.9298810055 0.9914773404598236 0.00019567248818925002
2451513.011132188 0.9366541504859924 0.0001904759701574
2451513.0923833633 0.9499028325080872 0.0001917533372761
2451513.1736345305 1.0078918933868408 0.0001972148311324
2451513.2555801445 1.05242121219635 0.000201274495339
2451513.336831296 1.0620682835578918 0.00020214838150415
2451513.418082439 1.0252732038497925 0.0001988216681638
2451513.500722482 0.9682607650756834 0.00019351566152180002
2451513.581279154 0.9134297370910643 0.0001882228752947
2451513.662530272 0.949099063873291 0.0001916688634082
2451513.7444758345 1.0105957984924316 0.0001974710612557
2451513.8257269347 1.0554043054580688 0.00020156538812435
2451513.9069780256 1.0594284534454343 0.0002019470266532
2451513.988229107 1.0227223634719849 0.0001985934140975
2451514.068091272 0.9709883332252502 0.0001937516644829
2451514.1548979618 0.9337174892425537 0.0001901689829537
2451514.232676747 0.9765672385692596 0.00019428087398405
2451514.3139277888 1.026473045349121 0.0001989496231544
2451514.3958732737 1.0598804950714111 0.0002019346720771
2451514.4771242943 1.0494120121002197 0.00020099234097865
2451514.558375304 1.001998782157898 0.000196672801394
2451514.6396263023 0.9403864145278931 0.00019075366435565
2451514.720877289 0.9134556055068968 0.0001882534415926
2451514.802822716 0.9767490029335022 0.0001942872477229
2451514.8840736784 1.0301579236984253 0.00019930153939635
2451514.9653246272 1.0608941316604614 0.0002021171530941
2451515.047270015 1.0479736328125 0.0002009242889471
2451515.1285209367 1.0050162076950073 0.00019696386880235
2451515.209771843 0.946613311767578 0.0001914465829031
2451515.291717187 0.9428894519805908 0.000191092301975
2451515.372968063 1.0009623169898987 0.00019658185192379999
2451515.454218922 1.04557204246521 0.0002006654976867
2451515.5347753125 1.0606030225753784 0.0002020783285843
2451515.616720588 1.0312517881393433 0.0001993722107727
2451515.6986658433 0.9769989252090454 0.0001943483657669
2451515.7799166273 0.9124521017074586 0.00018810624169415
2451515.86116739 0.9335439205169676 0.0001901881187222
2451515.9431125806 0.998721182346344 0.000196382010472
2451516.024363296 1.0458305478096008 0.0002007328657782
2451516.076447075 1.059272050857544 0.0002019607782131
2451517.3639576337 1.0219227075576782 0.0002101145073538
2451517.4097915436 0.99076247215271 0.0002003980189329
2451517.490348142 0.9631667733192444 0.0001941658556461
2451517.5715992255 1.0113645792007446 0.00019643954874475002
2451517.652850333 1.0544149875640867 0.000199195346795
2451517.7347959136 1.0763938426971436 0.0002002736146096
2451517.8160470542 1.0562821626663208 0.00019767326739380002
2451517.8972982056 1.0049760341644287 0.0001926038821693
2451517.9792438196 0.93856543302536 0.0001861439668573
2451518.0598005303 0.943672776222229 0.0001863776706159
2451518.1417461536 1.01180362701416 0.0001925107790157
2451518.2229973255 1.064376175403595 0.0001972809404833
2451518.3042484983 1.0839911699295044 0.0001989520678762
2451518.3854996716 1.0611965656280518 0.0001967305433936
2451518.468139753 1.0108026266098022 0.0001921931834658
2451518.5486964704 0.9556369185447692 0.0001871317363111
2451518.62994764 0.9797098636627196 0.00018937930872195
2451518.7111988077 1.031277060508728 0.0001942300441442
2451518.793144427 1.071167230606079 0.0001979378284886
2451518.8743955884 1.0724257230758667 0.00019817997963395
2451518.955646747 1.0319620370864868 0.0001944756659213
2451519.037592356 0.972264230251312 0.000188980193343
2451519.118843507 0.9201035797595978 0.00018413429643255
2451519.200094654 0.9626556038856504 0.0001882255164673
2451519.2820402514 1.023168921470642 0.0001940399961313
2451519.36329139 1.0640100836753845 0.00019784491450984998
2451519.4445425235 1.064643144607544 0.0001978446380235
2451519.525793653 1.0261682271957397 0.00019446157966735
2451519.607044778 0.97426176071167 0.0001896554895211
2451519.6889903517 0.9452667236328124 0.0001869687257567
2451519.7702414664 0.9959966540336609 0.00019187826546834997
2451519.8514925768 1.044577956199646 0.0001963535614777
2451519.93413259 1.0721752047538757 0.0001989234660868
2451520.014689236 1.0563244819641113 0.00019754374807230002
2451520.0959403305 1.0023878812789917 0.0001927366538438
2451520.1778858737 0.9361807107925416 0.0001865274389274
2451520.259136958 0.9200786054134369 0.00018506040214555
2451520.3403880373 0.9853986501693724 0.000191363680642
2451520.421639111 1.0355936288833618 0.00019601835083444998
2451520.498029005 1.061224341392517 0.0001982580433832
2451520.5848356956 1.0424768924713137 0.0001965607225429
2451520.666086753 0.9981686472892761 0.0001924527168739
2451520.747337805 0.9427217245101928 0.0001872643333626
2451520.8292833054 0.9519408345222472 0.000188274483662
2451520.9105343465 1.0084296464920044 0.0001936481639859
2451520.991785382 1.0531610250473022 0.0001977264619199
2451521.073036412 1.0658507347106934 0.00019890440307785
2451521.154287436 1.031505465507507 0.0001958809880306
2451521.236232908 0.9764394760131838 0.0001907996775116
2451521.3174839206 0.9143017530441282 0.0001848734027589
2451521.398734928 0.9435511231422424 0.0001877385511761
2451521.480680383 1.0063159465789795 0.0001935578038683
2451521.561931379 1.0527985095977783 0.00019781666196645
2451521.643182369 1.0609234571456907 0.0001984530244953
2451521.7251278064 1.0235830545425415 0.0001951476733665
2451521.806378785 0.9717623889446259 0.00019029535178555
2451521.887629758 0.9328454136848447 0.0001866439852165
2451521.968880725 0.9722557663917542 0.00019033545686395
2451522.0501316865 1.0229510068893433 0.0001949838624568
2451522.1320770946 1.0581281185150146 0.0001981388631975
2451522.213328044 1.0498115420341492 0.0001973464750335
2451522.2945789876 1.0051122903823853 0.0001932703307829
2451522.376524378 0.9437301158905028 0.0001874079171102
2451522.4577753097 0.9144360423088072 0.0001846047525759
2451522.539026235 0.9774435162544248 0.0001905020762933
2451522.6209716075 1.0340628623962402 0.0001957163331098
2451522.7022225214 1.0669443607330322 0.00019865968351945
2451522.784167881 1.0546780824661255 0.00019750662613655001
2451522.8647243306 1.0099233984947205 0.0001933850362547
2451522.9459752264 0.9506425261497496 0.0001877917966339
2451523.027920568 0.9445117712020874 0.0001871689892141
2451523.109171451 1.003062665462494 0.0001926025433931
2451523.190422328 1.049437403678894 0.0001968263240996
2451523.272367651 1.0666077136993408 0.0001983268011827
2451523.3536185157 1.0404366254806519 0.00019591422460505
2451523.434869374 0.9910156726837158 0.0001912310544867
2451523.516120226 0.9282051026821136 0.0001851795386755
2451523.5925099105 0.9421458840370176 0.00018638611800265
2451523.6793163633 1.0147875547409055 0.0001927985722431
2451523.7605671966 1.0650481581687925 0.00019725097081385
2451523.841818023 1.080633282661438 0.0001985157141461
2451523.923763295 1.0537068843841553 0.000195888307644
2451524.0050141085 1.004029929637909 0.00019144098041569998
2451524.0862649158 0.955347776412964 0.0001867672835942
2451524.168210168 0.9848562479019164 0.0001896207395475
2451524.2494609617 1.0370718836784363 0.0001944362520589
2451524.330711749 1.077328085899353 0.0001979801745619
2451524.4119625296 1.0783559679985046 0.0001980463857762
2451524.493213304 1.0365535020828247 0.0001941207447089
2451524.575158522 0.9791147708892822 0.0001886890095192
2451524.6564092822 0.939545065164566 0.00018481240840625
2451524.7376600355 0.9909109473228456 0.0001895895111374
2451524.8196052327 1.0478591918945312 0.0001948375138454
2451524.9008559724 1.0859290957450867 0.0001981999375857
2451524.9821067043 1.0824955701828003 0.0001978198852157
2451525.0633574296 1.0424185991287231 0.00019413865084055
2451525.144608148 0.9881014227867126 0.0001889899140223
2451525.226553309 0.9679968953132628 0.0001869927946245
2451525.3078040127 1.0218085646629333 0.00019196185894535
2451525.3890547086 1.0706770420074463 0.0001963596587302
2451525.4709998476 1.0928751230239868 0.0001983810943784
2451525.5522505287 1.0738326907157898 0.00019658731616795002
2451525.633501202 1.0227288007736206 0.0001918708148878
2451525.7154463176 0.9568027257919312 0.0001855492300819
2451525.796696976 0.9568606615066528 0.0001855530572356
2451525.8779476257 1.023705005645752 0.000191848972463
2451525.9591982677 1.0763100385665894 0.00019660406542235
2451526.0404489017 1.098913550376892 0.0001986443676287
2451526.1223939774 1.0776153802871704 0.000196762222913
2451526.203644595 1.0320743918418884 0.0001925432152347
2451526.2848952035 0.976976215839386 0.000187340308912
2451526.366840254 0.9981971979141236 0.0001893254666356
2451526.4480908457 1.0516141057014465 0.0001943300085258
2451526.5293414285 1.0935713052749632 0.0001981058303499
2451526.611286452 1.0978477001190183 0.0001985416893148
2451526.6925370167 1.0584033727645874 0.00019490757404125
2451526.7786487164 0.9992124438285828 0.00018908477068174998
2451526.8550381185 0.9491648077964783 0.0001843391582951
2451526.9362886553 0.9877012968063352 0.0001882584474515
2451527.018233631 1.048852801322937 0.000193888467038
2451527.0994841475 1.0917795896530151 0.00019787547353185
2451527.180734654 1.094643235206604 0.0001981618261197
2451527.2626795983 1.0586417913436887 0.0001949943252839
2451527.3439300833 1.004894196987152 0.00019018055172635002
2451527.4251805576 0.9735040068626404 0.000187218785868
2451527.506431021 1.01959228515625 0.0001917198605951
2451527.587681472 1.0681170225143433 0.0001963106042239
2451527.6696263594 1.09849214553833 0.0001990353193832
2451527.7508767867 1.082488775253296 0.00019767643971135
2451527.832127201 1.031023621559143 0.0001930567086674
2451527.9140720502 0.9650523662567138 0.0001869304687716
2451527.995322438 0.9436361193656921 0.00018513586110195
2451528.076572812 1.0077751874923706 0.0001913035230245
2451528.158517619 1.058098554611206 0.0001960559893632
2451528.239767963 1.0808985829353333 0.00019832867110375
2451528.321018292 1.0622838735580444 0.0001967924326891
2451528.4022686044 1.0164697170257568 0.00019274123769715
2451528.4835189003 0.9582056999206544 0.0001874774607131
2451528.565463625 0.9611887931823728 0.0001879745541373
2451528.646713884 1.017700016498566 0.0001934160172822
2451528.727964124 1.0613937377929688 0.0001975633786059
2451528.80990879 1.0747337341308592 0.0001989665761357
2451528.8911589887 1.0403079390525818 0.00019610571325755
2451528.9724091645 0.9831351041793824 0.0001910548890009
2451529.04046485 0.9231449365615844 0.0001856970338849
2451535.0224421998 1.2234179973602295 0.0001941674854606
2451535.0800813725 1.1534613370895384 0.00019055489246960002
2451535.1613317677 1.0460611581802368 0.0001875072630355
2451535.243276605 1.0270159244537351 0.0001917824702104
2451535.324526988 1.0266491770744324 0.00019649181194830002
2451535.4057773645 1.022329807281494 0.0001993427868001
2451535.487722183 0.9836804270744324 0.0001981523237191
2451535.5689725475 0.9168444275856018 0.0001935257096192
2451535.650222906 0.8417863249778748 0.0001875441521406
2451535.732167706 0.8105538487434387 0.0001851469423854
2451535.8127236045 0.8696474432945251 0.0001911117433337
2451535.8946683914 0.921990931034088 0.0001960557856364
2451535.975918725 0.9522340893745422 0.0001987011492019
2451536.0571690523 0.9387182593345642 0.000197336092242
2451536.1391138206 0.8934246897697448 0.0001931872538989
2451536.2203641348 0.8367984294891357 0.00018765163986239999
2451536.3016144433 0.8428980112075805 0.0001877290196716
2451536.383559192 0.9042226672172544 0.0001931848673848
2451536.4648094876 0.9533085823059082 0.00019743604207170002
2451536.541198648 0.9726646840572355 0.00019881335174425
2451536.6273100586 0.9468602836132047 0.00019612398318704998
2451536.7085603345 0.8944180607795715 0.0001912209845613
2451536.79050505 0.8348891139030457 0.0001852082205004
2451536.871755313 0.8631016314029692 0.00018754474149315
2451536.953005569 0.9311213493347168 0.0001935164182214
2451537.0349502647 0.9802830815315248 0.0001976150815607
2451537.1162005076 0.9936075806617737 0.0001985829076147
2451537.197450743 0.962129771709442 0.000195447486476
2451537.278700972 0.9138398468494415 0.00019068449182665
2451537.3599511944 0.8718741536140442 0.000186441335245
2451537.4418958556 0.9100441932678224 0.0001896404573926
2451537.523146064 0.964909702539444 0.0001944972318597
2451537.6043962655 1.003372311592102 0.0001978920627152
2451537.6863409057 1.0036627054214475 0.0001975818449864
2451537.7675910927 0.9642910063266754 0.00019370615336805
2451537.8488412728 0.908199667930603 0.0001882720098365
2451537.9307858916 0.8746090531349182 0.000184842487215
2451538.012036057 0.9338484406471252 0.00019011856784339998
2451538.0932862153 0.9910151958465576 0.0001952255843207
2451538.174536366 1.0286670327186584 0.0001983735346584
2451538.2557865093 1.0229099988937376 0.0001976528728846
2451538.3377310904 0.983530819416046 0.0001938041532412
2451538.4189812187 0.9286786615848541 0.00018850147171175
2451538.500231339 0.9164738059043884 0.0001871089625637
2451538.5821758974 0.9738926887512208 0.0001922890223795
2451538.663426002 1.0232662558555603 0.00019662670820245
2451538.7446760987 1.0457524061203003 0.0001984762348001
2451538.826620633 1.0249754190444946 0.0001964143157238
2451538.9078707136 0.9738521873950958 0.00019159111980115
2451538.989120786 0.9100872874259948 0.0001853640715125
2451539.07037085 0.9176051020622253 0.00018593643471825
2451539.151620906 0.9828996658325196 0.0001919550268212
2451539.2335653976 1.03440260887146 0.0001966372947208
2451539.314815436 1.0535812377929688 0.0001982661633519
2451539.3960654656 1.0321924686431885 0.0001962246460607
2451539.478009931 0.9863693714141843 0.0001919579081004
2451539.559259942 0.9340868294239044 0.00018693855963639998
2451539.635648833 0.9560748636722565 0.00018890797946364998
2451539.721759937 1.0172853469848633 0.000194302512682
2451539.8030099203 1.059521198272705 0.0001979927474167
2451539.8849543375 1.0616614818572998 0.0001982626854442
2451539.9662043015 1.0206220746040344 0.0001943989336723
2451540.0474542542 0.9612658619880676 0.0001888974074972
2451540.1293986407 0.913947343826294 0.0001843836071202
2451540.210648573 0.9586427807807922 0.0001887928228825
2451540.291898494 1.0177760124206543 0.0001944191317306
2451540.373842848 1.0607807636260986 0.0001981898240046
2451540.4550927463 1.0589691400527954 0.00019806103955485
2451540.536342633 1.017772555351257 0.0001944083778653
2451540.617592508 0.9637662470340729 0.00018945142073784998
2451540.69884237 0.9377340078353882 0.0001868651306722
2451540.7807866624 0.9891875386238098 0.0001917376794153
2451540.8620364983 1.0360834002494812 0.00019608340517145
2451540.9432863207 1.0611622333526611 0.0001984031841857
2451541.0252305716 1.0450778007507324 0.0001969365985132
2451541.1064803656 0.9950049817562102 0.00019239095126975
2451541.187730144 0.929703414440155 0.0001862672215793
2451541.2696743486 0.919812738895416 0.0001853350404417
2451541.350924094 0.9867024719715118 0.00019169781444355
2451541.432173823 1.039425015449524 0.0001965544215636
2451541.513423534 1.0618258118629456 0.00019867549417535
2451541.5946732257 1.0428372621536257 0.0001969652803381
2451541.6766173397 0.9968330264091492 0.0001928021520143
2451541.7578669917 0.939382791519165 0.00018749754235609998
2451541.8391166218 0.9480222463607788 0.0001884858502307
2451541.921060671 1.0016512870788574 0.0001937921915668
2451541.982171472 1.0361279249191284 0.0001969024306163
2451544.364803333 1.0326842665672302 0.00019693953072415
2451544.445358936 0.9805595278739928 0.00019165789126409998
2451544.526608983 0.9141936302185056 0.0001851427368819
2451544.6078590285 0.9333257675170898 0.00018683090456755
2451544.6898035165 0.9973913729190826 0.00019272896315665
2451544.771053557 1.0458977222442627 0.000197086832486
2451544.852303594 1.0584073066711426 0.00019812321261265
2451544.933553628 1.0285089015960691 0.0001952811580849
2451545.015498103 0.9784730672836304 0.0001905703975353
2451545.0967481295 0.9339486956596375 0.00018632136925585
2451545.1779981516 0.966022253036499 0.0001892791624413
2451545.2599426145 1.0192307233810425 0.0001941779628396
2451545.3411926283 1.0572830438613892 0.00019759146380235
2451545.4224426374 1.0554558038711548 0.0001973792532226
2451545.503692642 1.012887954711914 0.0001934983156388
2451545.584942641 0.9531329870224 0.000187932542758
2451545.6668870803 0.91214519739151 0.0001840509939938
2451545.74813707 0.9645514488220215 0.0001890269195428
2451545.8293870543 1.0225204229354858 0.0001944061659742
2451545.911331478 1.0603443384170532 0.0001978352374862
2451545.9925814522 1.052375853061676 0.00019706245075205002
2451546.073831421 1.009145140647888 0.0001931406441144
2451546.1557758283 0.9525818824768064 0.0001878926559584
2451546.237025786 0.934967666864395 0.00018621102208264998
2451546.318275739 0.991711974143982 0.000191513550817
2451546.4043867937 1.040771245956421 0.0001959686342161
2451546.480775628 1.061335206031799 0.0001978784566745
2451546.5627200077 1.0406904220581057 0.0001960063382284
2451546.643969938 0.9905744493007659 0.00019138456991635002
2451546.725219863 0.92306387424469 0.0001850782864494
2451546.8071642257 0.922515392303467 0.0001849928958108
2451546.888414139 0.9884714186191558 0.0001912355437525
2451546.9696640465 1.0402090549468994 0.0001959997025551
2451547.051608392 1.061184644699097 0.0001978913496714
2451547.1328582885 1.0383288264274597 0.00019583979883459998
2451547.2141081784 0.9900662899017332 0.0001913662854349
2451547.295358063 0.9355795383453368 0.0001862840072135
2451547.376607942 0.957280993461609 0.0001883638324216
2451547.458552258 1.0139033794403076 0.0001935760228661
2451547.5398021247 1.0537853240966797 0.0001972206446225
2451547.621051986 1.0576447248458862 0.0001975430059246
2451547.7029962842 1.0195401906967163 0.0001941264490596
2451547.784246133 0.962065190076828 0.00018878464470615
2451547.8654959765 0.9130982756614684 0.0001841423945734
2451547.946745814 0.9545495212078094 0.00018811299378280002
2451548.0279956446 1.0132426023483276 0.0001935094187501
2451548.109939913 1.0561956167221067 0.0001974578335648
2451548.191189732 1.0564886331558228 0.00019750164938155
2451548.272439545 1.0172549486160278 0.000193946660147
2451548.3543837946 0.9623261094093322 0.0001888406113721
2451548.435633595 0.9336286783218384 0.00018610624101705
2451548.51688339 0.983074963092804 0.0001907698751892
2451548.598827621 1.03413987159729 0.0001954388135345
2451548.6800774033 1.063562035560608 0.0001981267851078
2451548.7613271796 1.049164652824402 0.000196867797058
2451548.8425769494 0.9992776811122894 0.0001923219460877
2451548.923826713 0.9348319172859194 0.0001862803619587
2451549.005770913 0.917821168899536 0.0001846378581831
2451549.0870206635 0.982647716999054 0.0001907620753627
2451549.1682704086 1.0342005491256712 0.0001955046027433
2451549.2502145893 1.060405135154724 0.0001978413347387
2451549.331464321 1.0430147051811218 0.00019629592861745
2451549.4127140464 0.9978582262992858 0.0001921496732393
2451549.4897971135 0.9415986239910126 0.00018688265845405
2451549.5759079205 0.9448234438896177 0.00018718472711035
2451549.6571576265 1.0017485618591309 0.0001924457028508
2451549.738407326 1.0466909408569336 0.000196534267161
2451549.819657019 1.059198021888733 0.0001976951607502
2451549.901601147 1.027204513549805 0.0001947828422999
2451549.982850827 0.972805619239807 0.00018981391622215
2451550.0641005 0.9128154516220092 0.0001841040793806
2451550.146044608 0.942517340183258 0.0001869647094281
2451550.2272942676 1.0054201483726501 0.0001928336860146
2451550.3085439205 1.0522184371948242 0.0001971226301975
2451550.3904880076 1.0614838600158691 0.0001979290827875
2451550.4717376465 1.0275599956512451 0.0001948471690411
2451550.552987279 0.9746180176734924 0.0001900178467622
2451550.6342369043 0.9347792863845824 0.00018626274686535
2451550.7154865223 0.9724795818328856 0.0001897926267702
2451550.7974305744 1.0240222215652464 0.0001945338153745
2451550.8786801784 1.0581133365631104 0.00019765643810379998
2451550.959929775 1.0494201183319092 0.0001968451688298
2451551.0418738057 1.0023473501205444 0.0001926138065755
2451551.123123388 0.9405280649662016 0.0001867784376372
2451551.2043729625 0.9111278057098388 0.0001839455508161
2451551.2856225297 0.9731203615665436 0.00018985789210995
2451551.3668720894 1.026458501815796 0.0001948162098415
2451551.4488160824 1.0607268810272217 0.0001978887012228
2451551.530065627 1.0511313676834106 0.00019706493185365
2451551.611315164 1.008041501045227 0.0001931516599142
2451551.6932591335 0.9499389529228208 0.0001877203612821
2451551.774508654 0.9429855644702911 0.0001870642154244
2451551.8557581673 0.998500406742096 0.0001922443625517
2451551.937702113 1.044924259185791 0.0001964922848856
2451552.0189516097 1.0622922778129575 0.0001980413144337
2451552.1002010982 1.0360348224639893 0.0001957118220161
2451552.1814505784 0.981628954410553 0.00019070848793485
2451552.2627000497 0.9159026145935056 0.0001844349317252
2451552.3446439523 0.9308307170867922 0.0001858967298176
2451552.4258934064 0.9953305423259734 0.00019192639592795
2451552.507142852 1.0444599390029907 0.0001964413386303
2451552.5883922884 1.059835970401764 0.00019780850561795002
2451552.674502792 1.0309141874313354 0.00019517870532575002
2451552.751585572 0.9871469736099244 0.0001911922154249
2451552.8335294197 0.9384454488754272 0.0001866336970124
2451552.914778818 0.9674356281757354 0.0001893227818072
2451552.9960282063 1.0212799310684204 0.0001943214156199
2451553.077277585 1.061314046382904 0.0001979001244762
2451553.158526953 1.0609626770019531 0.0001978803629754
2451553.24047075 1.0170570611953735 0.0001938544155564
2451553.3217200963 0.955463707447052 0.00018824866128845
2451553.402969432 0.91221421957016 0.0001840757759055
2451553.4849131955 0.961199164390564 0.0001888024853542
2451553.566162508 1.0188398957252502 0.0001940979054779
2451553.6474118093 1.058534026145935 0.0001977089268621
2451553.7293555364 1.0548564195632937 0.0001973703765543
2451553.8106048126 1.0147827863693237 0.00019376257841935
2451553.891854076 0.9598313570022584 0.0001886295940494
2451553.973103326 0.9374434649944303 0.00018654268933455
2451554.054352562 0.9922087788581848 0.0001917080226121
2451554.136296222 1.0402114391326904 0.0001960549707291
2451554.2175454292 1.0643054246902466 0.00019823500042545
2451554.298794621 1.0447174310684204 0.0001965134724741
2451554.3807382346 0.9931981563568116 0.0001917407353175
2451554.461987394 0.9267683625221252 0.00018551394168745
2451554.543236537 0.9250659346580504 0.0001853928988566
2451554.6244856617 0.9914526641368864 0.0001916342880576
2451554.7057347684 1.0411946773529053 0.0001961916568689
2451554.7876782925 1.061551570892334 0.0001980005181394
2451554.8689273605 1.0390856862068176 0.00019598731159925
2451554.950176408 0.992191970348358 0.0001917110057547
2451555.0321198707 0.9373361468315125 0.0001865770609583
2451555.1133688763 0.957085072994232 0.00018844954320225
2451555.1946178605 1.013667345046997 0.000193709085579
2451555.2765612593 1.0574221611022947 0.000197614528588
2451555.357810204 1.0631782412528992 0.00019817639258685
2451555.439059131 1.0249836444854736 0.0001947433192981
2451555.511974823 0.9751679599285124 0.00019011617405335001
2451557.587650595 1.051283836364746 0.0001989901502383
2451557.6376502714 1.0281050205230713 0.0001966895797522
2451557.7195941852 0.975621461868286 0.0001917217305162
2451557.8008436575 0.9134423136711121 0.00018554843700254998
2451557.882093128 0.9412667751312256 0.0001879124756669
2451557.963342596 1.0062519907951355 0.00019384850020280002
2451558.0445920615 1.0549526214599607 0.0001981175737455
2451558.126535964 1.0646437406539917 0.0001987925788853
2451558.2077854234 1.0292492508888245 0.0001955198749783
2451558.2890348793 0.9772628545761108 0.0001906863908516
2451558.3709787717 0.9355865716934204 0.000186634613783
2451558.4522282197 0.9712135493755341 0.00018994161655424999
2451558.5334776645 1.0210925340652464 0.0001944853574968
2451558.6154215443 1.0563400983810425 0.0001976783678401
2451558.69667098 1.0505093932151794 0.0001971098245121
2451558.7779204114 1.0065128803253172 0.0001931295264512
2451558.859169838 0.9462166130542756 0.00018746864225245
2451558.9404192604 0.9119649529457092 0.0001842078781919
2451559.0223631174 0.9697571396827696 0.0001897111505968
2451559.10361253 1.02500718832016 0.00019481222261670002
2451559.184861938 1.0624529123306274 0.0001981575042009
2451559.26680578 1.0536707639694212 0.0001973860053112
2451559.348055178 1.0111989974975586 0.00019348030036774998
2451559.4293045704 0.9544100165367126 0.0001882002106867
2451559.511248397 0.94353848695755 0.0001871857093647
2451559.5924977795 0.999812126159668 0.00019238891400159998
2451559.6737471567 1.046014428138733 0.0001966201380128
2451559.754996529 1.0629756450653076 0.00019808081560765
2451559.8362458954 1.038463830947876 0.0001958421635208
2451559.9223563294 0.982220947742462 0.0001907884870888
2451560.00013349 0.9168914556503296 0.0001845602528192
2451560.0806884016 0.9246718883514404 0.0001853134890552
2451560.1626321855 0.9902105927467344 0.0001913632586365
2451560.243881525 1.0404260754585266 0.00019594920740925
2451560.325130859 1.057075262069702 0.0001975147461052
2451560.407074626 1.0316485166549685 0.0001952206803252
2451560.488323949 0.9854202270507812 0.00019100774079555
2451560.569573266 0.936740517616272 0.0001863721408881
2451560.650822578 0.9646026194095612 0.00018906885816244998
2451560.732071884 1.0210202932357788 0.000194215826923
2451560.8140156227 1.0618542432785034 0.0001979571243282
2451560.8952649175 1.0614365935325623 0.00019790548685699998
2451560.9765142063 1.0179033279418943 0.0001940013316925
2451561.058457928 0.9579625725746154 0.0001884614030132
2451561.1397072054 0.9129879176616669 0.00018414773512625
2451561.2209564773 0.9599257111549376 0.0001885985984699
2451561.3022057433 1.0189927816390991 0.00019407920626685
2451561.383455003 1.05814528465271 0.0001976070925593
2451561.465398696 1.0547348260879517 0.0001973465259652
2451561.546647944 1.014104187488556 0.00019362456077935
2451561.6278971867 0.9585784077644348 0.0001885063393274
2451561.709840861 0.934341251850128 0.000186196193681
2451561.7910900917 0.9875628650188446 0.00019120199431195
2451561.8723393166 1.037469744682312 0.0001957658532774
2451561.9542829734 1.0647608041763303 0.0001982107205549
2451562.035532186 1.0477259159088135 0.00019667232118075002
2451562.116781393 0.9965660572052002 0.0001920245122164
2451562.198030594 0.93291500210762 0.00018600533803685002
2451562.279279788 0.924631893634796 0.0001851843262556
2451562.361223414 0.9909136891365052 0.0001913863234221
2451562.4424725967 1.0415413975715637 0.00019607514695955
2451562.5237217727 1.0650959014892578 0.0001981954992515
2451562.60566538 1.0436992645263672 0.000196284148842
2451562.6869145436 0.9970853924751282 0.00019198881636835002
2451562.7681637015 0.9390774965286256 0.0001865594967966
2451562.85010729 0.953193187713623 0.0001878922921605
2451562.9313564347 1.0091879963874817 0.00019311330834165
2451563.0077445144 1.0497043132781982 0.00019681164121720002
2451563.093854706 1.0603225827217102 0.00019779539434235002
2451563.1751038316 1.02316153049469 0.0001944148971233
2451563.257047388 0.9689865112304688 0.0001893642038339
2451563.338296501 0.9149873554706573 0.000184260214155
2451563.4202400437 0.9519989788532258 0.00018779724632615
2451563.5014891434 1.0131773948669431 0.0001934886386152
2451563.5827382365 1.0570949912071228 0.0001974785482161
2451563.6639873227 1.0621306896209717 0.0001979304943233
2451563.745930839 1.024271011352539 0.0001945621188497
2451563.827179912 0.9697955846786498 0.00018944125622505
2451563.908428978 0.9333757162094116 0.0001861074997577
2451563.9896780374 0.9771948456764221 0.0001902114527183
2451564.0709270895 1.028407335281372 0.0001949474099092
2451564.1528705712 1.063019633293152 0.0001980377710424
2451564.234119609 1.0514512062072752 0.00019701684504975
2451564.3153686407 1.0036994218826292 0.0001926783006638
2451564.3973121005 0.9390111565589904 0.0001866033562691
2451564.4785611173 0.9148962497711182 0.0001843259087763
2451564.5598101267 0.9786087274551392 0.0001903427619254
2451564.6410591286 1.0306159853935242 0.0001951345839188
2451564.7223081235 1.0590434074401855 0.0001977175561478
2451564.804251546 1.0450133085250854 0.0001964675320778
2451564.885500525 1.0029478669166565 0.0001925675751408
2451564.966749497 0.9455007314682008 0.0001872449647635
2451565.0486928965 0.944842994213104 0.0001871535932878
2451565.1299418528 1.0003203451633453 0.00019231017358825
2451565.2111908 1.0453473329544067 0.0001964890689123
2451565.2931341757 1.0614293813705444 0.0001978963264264
2451565.374383107 1.0312827825546265 0.0001952322054421
2451565.4556320305 0.977386713027954 0.0001902872754726
2451565.5368809453 0.915090024471283 0.0001843446007114
2451565.6181298513 0.9383577108383178 0.0001866283710114
2451565.700073184 1.003621220588684 0.0001926431577885
2451565.7813220723 1.0514081716537476 0.0001970357916434
2451565.8625709517 1.0634700059890747 0.0001980967645067
2451565.944514257 1.031209111213684 0.0001952111488208
2451566.0257631177 0.9818578958511353 0.00019064408115805002
2451566.107011969 0.9371556639671323 0.0001863905927166
2451566.193816287 0.9731890857219695 0.00018989665113615
2451566.2702040765 1.0198719501495361 0.0001941442751558
2451566.3514528982 1.0564850568771362 0.0001974282349692
2451566.4327017097 1.0523303151130676 0.00019709122716445
2451566.51395051 1.0081937313079832 0.0001930586149683
2451566.5958937337 0.9467611312866212 0.0001872763823485
2451566.677142512 0.910082072019577 0.00018383470887775
2451566.7583912793 0.965771198272705 0.000189212965779
2451566.840334468 1.0236546993255615 0.0001944933464983
2451566.921583211 1.061507523059845 0.00019792974489969998
2451567.0028319415 1.054737210273743 0.0001973688194993
2451567.0847750925 1.0128268003463743 0.0001935478649102
2451567.166023797 0.9581165313720704 0.0001884523517219
2451567.2472724877 0.9428815245628356 0.000187064113561
2451567.328521164 0.9983285665512086 0.00019223313574905
2451567.409769826 1.043538212776184 0.0001963626418728
2451567.4917129055 1.062628149986267 0.0001980663073481
2451567.5729615367 1.0384196639060974 0.00019588618306435002
2451567.654210151 0.9851662516593932 0.0001910046557895
2451567.736153181 0.9186127781867982 0.0001846639206632
2451567.8174017617 0.9253777861595154 0.00018535669369155
2451567.8986503235 0.99309104681015 0.0001917043409775
2451567.9798988667 1.0442950129508972 0.0001964300099643
2451568.061147391 1.0622873306274414 0.0001980283705051
2451568.1437847586 1.0364903211593628 0.00019569692085495
2451568.224338811 0.9906843900680542 0.0001914919703267
2451568.305587275 0.938687205314636 0.0001866462844191
2451568.38753015 0.9632707238197328 0.0001890010607894
2451568.452806664 1.011176586151123 0.00019343769236
2452229.01677726 0.9283659160137177 0.00018330718739884998
2452229.073723061 0.9782773256301879 0.00018727158021645
2452229.1549749966 1.0330793857574463 0.0001916681212605
2452229.2369213924 1.0635322332382202 0.0001941600494319
2452229.3181733238 1.0499094724655151 0.00019292050274085
2452229.3994252514 1.006421446800232 0.0001890005223685
2452229.481371635 0.948428511619568 0.0001836549054132
2452229.562623552 0.9452287852764127 0.0001833370115491
2452229.6438754625 1.0017104148864746 0.0001885588571894
2452229.725821828 1.0452933311462402 0.0001924914831761
2452229.8070737254 1.059828758239746 0.0001937830820679
2452229.8883256167 1.031662940979004 0.0001912770385388
2452229.969577501 0.9791374802589417 0.00018647740216689999
2452230.050829379 0.9147159457206726 0.0001804369385354
2452230.1320812497 0.9342957735061643 0.00018230206478615
2452230.214027575 0.9996698200702665 0.000188364276255
2452230.2952794326 1.048575520515442 0.0001927722623804
2452230.377225744 1.0609923601150513 0.0001938631321536
2452230.458477589 1.0315865874290466 0.00019124282698609998
2452230.539729427 0.9824888110160828 0.0001867783721536
2452230.6216757186 0.9371290802955629 0.0001825533254304
2452230.702927544 0.9694705307483673 0.00018557821749705
2452230.7841793625 1.0219193696975708 0.0001903765514725
2452230.8654311756 1.0590481162071228 0.00019370334484839998
2452230.9466829817 1.055477738380432 0.0001933938328875
2452231.0286292415 1.012099266052246 0.0001894958841148
2452231.109881035 0.9514273107051849 0.0001838842144934
2452231.191132823 0.9131715297698976 0.0001802789774956
2452231.2730790647 0.966477632522583 0.000185288634384
2452231.3543308405 1.0216906070709229 0.0001903481315821
2452231.43558261 1.0571397542953491 0.000193530897377
2452231.5168343736 1.0480912923812866 0.00019272245117455002
2452231.5980861317 1.00598406791687 0.0001889155246317
2452231.6800323436 0.9522743821144104 0.0001839565084083
2452231.7612840896 0.9369936585426331 0.00018253093730885
2452231.84253583 0.9933233261108398 0.0001877520553534
2452231.9244820243 1.039763569831848 0.0001919659698614
2452232.0057337536 1.0613840222358704 0.0001939022986334
2452232.086985477 1.0413016080856323 0.0001921082584885
2452232.1689316537 0.990611493587494 0.0001875154703157
2452232.2501833653 0.9236266016960144 0.00018127693329
2452232.3314350722 0.9261101484298706 0.000181482406333
2452232.412686773 0.9924605786800385 0.0001876898677437
2452232.4939384684 1.043238878250122 0.0001922772935358
2452232.575884617 1.0615979433059692 0.0001939237263286
2452232.6571363015 1.0369606018066406 0.0001917269037221
2452232.7383879805 0.988890528678894 0.0001873479341156
2452232.8203341123 0.9354203939437864 0.0001823877828428
2452232.90158578 0.9584205448627471 0.00018452408403385
2452232.982837443 1.011146068572998 0.000189389422303
2452233.0640891 1.0509544014930725 0.0001929666686919
2452233.1453407514 1.0553630590438845 0.0001933607709361
2452233.227286856 1.0172057151794431 0.0001899614435387
2452233.3085384965 0.9607718884944916 0.0001847525927587
2452233.389790132 0.911651372909546 0.0001801148464437
2452233.4717362206 0.954202115535736 0.0001841456833062
2452233.5529878456 1.0138389468193054 0.00018963121692645
2452233.6342394645 1.0568246841430664 0.0001934909960255
2452233.7161855367 1.0570932626724243 0.0001935055770445
2452233.7974371454 1.0183477997779846 0.00019003319903275
2452233.878688749 0.96400386095047 0.0001850492262747
2452233.959940347 0.9361027479171752 0.00018244019884145
2452234.0411919397 0.9852423667907716 0.0001870257692644
2452234.123137985 1.033454656600952 0.0001914116874104
2452234.204389567 1.059695482254028 0.00019373888790134999
2452234.2856411436 1.0434162616729736 0.0001922991650644
2452234.367587173 0.994062602519989 0.0001878297480288
2452234.4488387387 0.9291101098060609 0.00018177100719184999
2452234.5300903 0.9152960777282714 0.0001804444182198
2452234.6113418555 0.9821353554725647 0.00018671056022859998
2452234.692593405 1.0338608026504517 0.000191441446077
2452234.7696782043 1.0601163506507874 0.00019377692660775
2452234.855790947 1.0430949330329895 0.0001922572264447
2452234.9370424813 0.9971691370010376 0.0001881163771031
2452235.0189884673 0.9399911761283872 0.0001828210806706
2452235.100239991 0.9491076469421387 0.00018367423035665
2452235.181491509 1.0064966678619385 0.000188959587831
2452235.2634374793 1.050999641418457 0.000192972656805
2452235.3446889864 1.0619773864746094 0.0001939549401868
2452235.4259404885 1.0289732217788696 0.0001910197897814
2452235.507191985 0.9746007919311523 0.00018604142678664998
2452235.5884434762 0.9152528047561644 0.0001804780913516
2452235.670389419 0.9448994994163512 0.0001832754933275
2452235.751640899 1.0055683851242065 0.0001888968399725
2452235.832892374 1.0496517419815063 0.0001928710844367
2452235.9148383006 1.0566294193267822 0.000193482497707
2452235.9960897644 1.0224363207817078 0.00019042038911715002
2452236.0773412227 0.9718482494354248 0.0001857781462604
2452236.159287133 0.9345000982284544 0.0001823031634557
2452236.2405385803 0.9751238226890564 0.00018610239931145
2452236.321790022 1.0259405374526975 0.000190751205082
2452236.4030414587 1.0597188472747803 0.00019376237469254998
2452236.484292889 1.0516235828399658 0.0001930458965944
2452236.5662387707 1.00572407245636 0.0001889061240945
2452236.6474901903 0.944356769323349 0.00018322988034919998
2452236.7287416044 0.9147564172744752 0.0001804419298423
2452236.810687469 0.9750869870185852 0.0001860956836026
2452236.8919388712 1.027827262878418 0.000190909471712
2452236.973190268 1.0612387657165527 0.0001939013600349
2452237.054441659 1.0494757890701294 0.00019285674352425002
2452237.1356930444 1.0047446489334106 0.0001888063125079
2452237.21763888 0.9469271898269652 0.0001834764843806
2452237.2988902535 0.9402438700199127 0.00018283627287015
2452237.380141621 0.99737548828125 0.0001881541393231
2452237.462087439 1.0427923202514648 0.000192232284462
2452237.5433387943 1.0592730641365051 0.00019371306552774998
2452237.624590144 1.0321308374404907 0.0001912779553094
2452237.706535944 0.9800449609756468 0.0001865529629867
2452237.787787281 0.9158461987972257 0.0001805173742468
2452237.8690386126 0.9325208067893982 0.0001821245386963
2452237.9502899377 0.9975813031196592 0.0001881614734884
2452238.031541257 1.0460187196731567 0.0001925457763718
2452238.1134870253 1.0608080625534055 0.0001938436325872
2452238.1947383317 1.0335422158241272 0.0001914172607939
2452238.2759896317 0.9845184683799744 0.0001869551633717
2452238.3579353807 0.9345632791519164 0.0001823206112021
2452238.439186668 0.9634504914283752 0.000185013122973
2452238.520437948 1.0156432390213013 0.00018979574088
2452238.601689222 1.0550385117530823 0.00019334867101855
2452238.6829404887 1.0526868104934692 0.0001931471779244
2452238.764886204 1.009595513343811 0.0001892707659862
2452238.8461374575 0.9514567255973816 0.0001839025571825
2452238.927388704 0.913120687007904 0.000180281815119
2452239.0093343984 0.964524507522583 0.0001851019769674
2452239.0905856304 1.0206733345985413 0.00019025445362779998
2452239.1718368554 1.0578644275665283 0.0001935801265062
2452239.253782528 1.0518990755081177 0.0001930602302309
2452239.335033738 1.0115848183631897 0.00018943705799750001
2452239.4162849407 0.9570472836494444 0.0001844290090957
2452239.497536136 0.9351692199707029 0.00018237876793135
2452239.578787323 0.989172339439392 0.0001873886940302
2452239.6607329566 1.0361878871917725 0.0001916458422783
2452239.741984128 1.059564471244812 0.0001937476408784
2452239.823235291 1.040640950202942 0.0001920611539389
2452239.9051809004 0.988540470600128 0.0001873337459983
2452239.9864320466 0.9239728450775144 0.00018130516400555
2452240.067683184 0.9241362810134888 0.0001813225972
2452240.1496287673 0.9905481338500975 0.0001875190646387
2452240.230879888 1.0403345227241516 0.00019201364921170002
2452240.312130999 1.0593501329421997 0.0001937305787578
2452240.3933821013 1.0378217101097107 0.00019182493997500002
2452240.4746331945 0.9925423860549928 0.0001877277099993
2452240.5565787326 0.937937080860138 0.0001826374063966
2452240.6378298076 0.9568766951560974 0.0001844188445829
2452240.7190808738 1.010470271110535 0.0001893412409117
2452240.801026385 1.0510611534118652 0.0001929968857439
2452240.8746384475 1.058119773864746 0.0001936418848345
2452242.373271915 0.9962255358695984 0.0001895527093438
2452242.429522923 1.0332928895950317 0.00019215069187335
2452242.510774379 1.05983304977417 0.0001940827205544
2452242.5920258323 1.0435912013053894 0.0001924394673551
2452242.673277282 0.9998072385787964 0.0001884610683191
2452242.7552231844 0.9446730017662048 0.0001833230635384
2452242.8364746235 0.9486889243125916 0.0001837126983446
2452242.9177260576 1.005388259887695 0.0001889394916361
2452242.999671941 1.04929780960083 0.0001928887795656
2452243.0809233617 1.0625527501106262 0.0001940590154845
2452243.1621747753 1.0310388803482056 0.0001912324369186
2452243.2441206384 0.977007508277893 0.0001863138168118
2452243.325372038 0.9150400459766388 0.00018049534264715
2452243.4066234306 0.9420094490051268 0.0001830504043027
2452243.4878748157 1.0028457045555115 0.00018867263133865
2452243.569126194 1.0478550195693968 0.0001927478151628
2452243.6510720216 1.056093454360962 0.0001934498868649
2452243.732323386 1.0227319598197937 0.00019047054956895
2452243.8135747425 0.9731281995773317 0.0001859476760728
2452243.895520549 0.9330859184265136 0.0001822017948143
2452243.976771892 0.9713330864906312 0.00018572138651499998
2452244.0580232283 1.0234596729278564 0.0001905179378809
2452244.1399690136 1.059287905693054 0.0001937241322593
2452244.221220336 1.054919719696045 0.00019330657960375
2452244.302471652 1.010572910308838 0.0001893406879389
2452244.383722962 0.9495765268802642 0.0001837129166233
2452244.464974264 0.9160600900650024 0.0001805656938813
2452244.546920016 0.9731523990631104 0.0001859163603512
2452244.628171305 1.0279125571250916 0.00019090828573089998
2452244.709422589 1.0617082118988037 0.0001939130306709
2452244.7913683206 1.049174666404724 0.0001928060955833
2452244.8726195907 1.0043810606002808 0.00018874109082385
2452244.953870855 0.9480803608894348 0.0001835184375522
2452245.035122112 0.9370147585868835 0.0001825047511374
2452245.1163733634 0.9940533638000488 0.0001877861795946
2452245.1983190635 1.039619207382202 0.0001919385249493
2452245.279570302 1.057750940322876 0.00019356579286974998
2452245.3608215344 1.0337307453155515 0.000191413637367
2452245.442767216 0.983810782432556 0.000186877354281
2452245.5240184357 0.9183932542800903 0.0001807421940611
2452245.60526965 0.9303168654441832 0.000181892173714
2452245.6872153124 0.996070921421051 0.0001880058116512
2452245.7684665145 1.0465164184570312 0.00019258615066055
2452245.84971771 1.0625414848327637 0.0001939836220117
2452245.9309689 1.0352104902267456 0.00019154589972455001
2452246.0122200837 0.9856218099594116 0.0001870473060989
2452246.0941657163 0.9350078105926511 0.0001823186757974
2452246.1754168877 0.9610204994678496 0.0001847572857514
2452246.256668054 1.0137306451797483 0.0001896183384815
2452246.3386136685 1.0517506599426267 0.0001929823920363
2452246.419864822 1.0509560108184814 0.00019293370132795
2452246.501115971 1.0104782581329343 0.0001892791769932
2452246.582367113 0.9552337229251862 0.00018417598766965002
2452246.6636182494 0.9125032424926756 0.0001801496109692
2452246.745563834 0.960524260997772 0.0001846866070991
2452246.826814959 1.01777583360672 0.00018994333368025
2452246.9080660776 1.057846188545227 0.000193556305021
2452246.9900116445 1.0564886331558228 0.0001933904568431
2452247.0712627517 1.0153232216835022 0.00018964623450295
2452247.1525138533 0.9607509970664978 0.0001846562809078
2452247.2344594025 0.9360442161560056 0.0001823617058107
2452247.3157104924 0.988109767436981 0.0001871783897513
2452247.3962671226 1.0340051054954529 0.00019134852482235
2452247.4782126546 1.0592116117477417 0.0001935756517923
2452247.559463727 1.0423272848129272 0.0001920667564263
2452247.641409247 0.9924772381782532 0.000187572062714
2452247.722660308 0.9272420108318328 0.00018146843649439998
2452247.8025224563 0.9201413393020628 0.0001808324159355
2452247.8858568654 0.9872313141822816 0.0001871042477432
2452247.967107909 1.038137137889862 0.0001916918481583
2452248.05322012 1.0609296560287476 0.0001938272544066
2452248.1303044315 1.0407887697219849 0.0001920338399941
2452248.2115554577 0.9947859048843385 0.000187854617252
2452248.292806478 0.938611388206482 0.0001826616207836
2452248.3740574922 0.9539746940135956 0.00018407838797425
2452248.455308501 1.0082155466079712 0.0001890519197331
2452248.537253957 1.0510766506195068 0.0001929304562509
2452248.6185049536 1.057103455066681 0.00019347092893435
2452248.699755945 1.020145297050476 0.000190198115888
2452248.781701383 0.9651101231575012 0.0001851510314736
2452248.8629523623 0.910307765007019 0.0001799832753022
2452248.9442033363 0.9473668932914732 0.0001834811555454
2452249.0254543037 1.0074760913848877 0.00018901329167415
2452249.1067052656 1.0525020360946655 0.0001930729340529
2452249.188650674 1.0564637184143066 0.00019344764587
2452249.269901624 1.02059006690979 0.00019021067419085
2452249.351152568 0.9690549969673156 0.0001854996226029
2452249.4330979586 0.937685787677765 0.0001825468498282
2452249.5143488906 0.9830448627471924 0.00018677138723429998
2452249.5955998166 1.0312304496765137 0.0001911687722895
2452249.6775451894 1.061815857887268 0.0001938944478752
2452249.7587961033 1.0490147471427917 0.00019276343664385
2452249.840047011 0.9989936351776124 0.0001882400538306
2452249.9212979134 0.9372383952140808 0.00018253111193185
2452250.002548809 0.9130964875221252 0.0001802295300876
2452250.084494151 0.9767205715179444 0.0001861752243712
2452250.165745035 1.0288318991661072 0.0001909336278913
2452250.2469959124 1.059830665588379 0.0001937252818606
2452250.3289412353 1.047035813331604 0.0001925817341543
2452250.410886552 1.003007411956787 0.0001886231621028
2452250.4914429593 0.9469413161277772 0.0001834501163102
2452250.5733882636 0.9473187327384948 0.0001834641443565
2452250.65463911 1.0031296014785767 0.00018862104479915
2452250.73588995 1.0491503477096555 0.0001927717530634
2452250.817140783 1.0635910630226135 0.00019402892939974998
2452250.89839161 1.0328006744384763 0.0001913074374897
2452250.980336882 0.9793282151222228 0.0001864139776444
2452251.061587696 0.917066216468811 0.0001805832434911
2452251.1428385032 0.9402225017547609 0.0001827621599659
2452251.2247837554 1.003607988357544 0.0001886699465103
2452251.3060345496 1.0496715307235718 0.00019278867694080002
2452251.387285337 1.0589218139648435 0.0001936113112606
2452251.468536118 1.0266228318214417 0.00019072187569685
2452251.5497868913 0.9771965146064758 0.0001862048957264
2452251.6317321095 0.9327280521392822 0.0001820471661631
2452251.7129828692 0.9674022793769836 0.00018531359819455
2452251.7942336225 1.0205707550048828 0.0001901693613035
2452251.8761788188 1.0585170984268188 0.0001935949840117
2452251.957429558 1.0540934205055237 0.0001931423612404
2452252.038680289 1.0104892253875732 0.0001892073341878
2452252.120625464 0.9497443437576292 0.0001836129522416
2452252.2018761807 0.9163885116577148 0.0001804757775971
2452252.28382134 0.9732270240783691 0.0001858634350355
2452252.3643775913 1.0275508165359497 0.00019075965974475002
2452252.4456282854 1.0615928173065183 0.0001938234781846
2452252.527573422 1.05147385597229 0.0001928650890477
2452252.6088241003 1.0084872841835022 0.0001890494677354
2452252.6900747702 0.9516307711601256 0.000183731841389
2452252.7720198827 0.9361530542373656 0.000182276518899
2452252.8532705363 0.9905621409416199 0.00018734846526055
2452252.933826732 1.0365550518035889 0.0001915184620884
2452253.016466269 1.058335781097412 0.0001934610190801
2452253.097716897 1.0365028381347656 0.00019152155437035
2452253.178967517 0.9870295524597168 0.0001870523992693
2452253.2602181276 0.9233172237873075 0.0001811020993045
2452253.3414687295 0.9293659329414368 0.000181730982149
2452253.4234137717 0.994722545146942 0.0001876959722721
2452253.5039699054 1.0428205728530884 0.0001920783979585
2452253.5873038275 1.0598697662353516 0.0001936453336384
2452253.6678599427 1.0344547033309937 0.0001913083979161
2452253.7477215994 0.989599734544754 0.0001872666252893
2452253.8289721454 0.936394155025482 0.0001823808270273
2452253.912306029 0.9610764384269712 0.0001846991217462
2452253.9928621077 1.0141475200653076 0.0001895861059892
2452254.050501366 1.045275330543518 0.00019237751257600001
2452255.7171827424 1.0154706835746765 0.00019744367455124998
2452255.784544618 1.0168964862823486 0.0001972328172996
2452255.8664899874 0.994659185409546 0.0001936596963787
2452255.9477408985 0.9507880806922913 0.0001888314654934
2452256.028991804 0.8975218534469603 0.0001832467096392
2452256.110937154 0.9135295152664183 0.0001842191559262
2452256.192188045 0.969016432762146 0.00018922861636375
2452256.273438928 1.0134130716323853 0.0001929854188347
2452256.354689804 1.0245189666748047 0.0001937606502906
2452256.4359406717 0.9911594986915588 0.0001906613033497
2452256.5178859835 0.9381148815155028 0.0001856370217865
2452256.599136836 0.8817403316497803 0.00018030234059550001
2452256.6803876804 0.917970895767212 0.0001835129369283
2452256.762332969 0.9834697246551511 0.000189267710084
2452256.843583798 1.0315428376197815 0.00019334794342280002
2452256.9248346193 1.0360771417617796 0.0001936929038492
2452257.0067798845 1.000895380973816 0.0001904739474412
2452257.0880306903 0.9491489827632904 0.00018574753630665
2452257.169281489 0.9138572812080384 0.0001824371574912
2452257.2505322807 0.9560554623603821 0.00018638392066345
2452257.3317830646 1.006041407585144 0.0001910076389322
2452257.4137282926 1.0417035818099976 0.0001941109803738
2452257.4949790617 1.0343679189682007 0.0001932623054017
2452257.5762298238 0.9869033098220824 0.0001890072453534
2452257.65817503 0.9236434698104856 0.0001830581313697
2452257.739425778 0.8959156572818756 0.0001803736449801
2452257.820676519 0.958691120147705 0.000186171833775
2452257.901927253 1.0120324492454529 0.0001910687424242
2452257.98317798 1.0438966751098633 0.0001938222267199
2452258.065123151 1.031541109085083 0.0001925523538375
2452258.1463738643 0.9900299012660979 0.00018859983538275
2452258.227624571 0.9319169521331788 0.0001834321592468
2452258.309569721 0.930254817008972 0.0001832215639296
2452258.390820414 0.9882085919380188 0.00018858516705215
2452258.4720711005 1.030253529548645 0.0001926515833474
2452258.5540162306 1.0457351207733154 0.0001940680813277
2452258.635266904 1.0195645093917847 0.00019156300550089998
2452258.7158231204 0.9654479324817655 0.00018686142720975
2452258.7977682305 0.9039261639118195 0.00018060010916085
2452258.879018884 0.9241440296173096 0.000182268267963
2452258.960963981 0.9828826189041135 0.0001882127980934
2452259.042214622 1.0332826972007751 0.00019265148876
2452259.1234652563 1.0508621931076048 0.0001938691129907
2452259.205410334 1.0182218551635742 0.0001910595601657
2452259.2866609553 0.9679419994354248 0.00018644527153805
2452259.3679115702 0.9218160510063172 0.0001822208141675
2452259.4498566287 0.9544655680656432 0.0001852585701271
2452259.531107231 1.00873863697052 0.00019014059944304999
2452259.6123578274 1.045648455619812 0.000193540676264
2452259.693608417 1.0440348982810974 0.00019335826800665
2452259.774859001 1.004856824874878 0.0001895177410915
2452259.8568040277 0.9449110627174376 0.0001841128250816
2452259.938054599 0.9074600040912628 0.0001805022911867
2452260.0193051635 0.9642975926399232 0.0001854537840699
2452260.101250171 1.017008900642395 0.0001906020188471
2452260.1825007237 1.0510079860687256 0.0001938954228535
2452260.2637512702 1.050022006034851 0.0001931892475113
2452260.34500181 1.0095143914222717 0.00018928488134400002
2452260.426252344 0.9508349895477296 0.0001840051991166
2452260.5081973206 0.9335266351699828 0.0001820880570448
2452260.589447842 0.9914498627185822 0.00018715891201275
2452260.6706983577 1.0502424240112305 0.0001913495943881
2452260.7526433156 1.0664291381835935 0.0001933416497195
2452260.833893819 1.0526639819145203 0.0001916032269946
2452260.9151443155 1.0078401565551756 0.00018725002883
2452260.991533666 0.9353731274604796 0.000181607203558
2452261.0783397397 0.9208315312862394 0.00018149235256705
2452261.1595902178 0.9819602966308592 0.0001876287715276
2452261.24084069 1.0325390696525574 0.00019217815133735
2452261.322091156 1.0507289171218872 0.0001939800422405
2452261.4040360646 1.030396580696106 0.0001919030037242
2452261.485286518 0.9813991487026215 0.00018755465862335
2452261.5665369662 0.927408456802368 0.000182435134775
2452261.6484818556 0.9498142600059508 0.0001844680373324
2452261.729732291 1.0024129152297974 0.0001893986700451
2452261.81098272 1.047154664993286 0.0001930422440636
2452261.8929275908 1.0495201349258425 0.0001933329622261
2452261.974178008 1.0101802945137024 0.00018985816859634999
2452262.055428418 0.9538840055465696 0.000184657619684
2452262.1366788223 0.9033116698265076 0.00018003593140745
2452262.2179292203 0.9474895000457764 0.000183980926522
2452262.29987406 1.0093008279800415 0.0001893820881377
2452262.3811244452 1.0501583814620972 0.00019314727978775
2452262.4623748246 1.056557536125183 0.0001933953171828
2452262.544319645 1.0186203718185425 0.0001900267816381
2452262.625570012 0.9661762714385986 0.00018514429393685
2452262.706820372 0.9407537579536436 0.0001824592181947
2452262.788070726 0.9890199601650238 0.00018693414313015
2452262.8693210734 1.0385459661483765 0.0001912640000227
2452262.951265862 1.07009220123291 0.0001938188506755
2452263.032516197 1.0557498335838318 0.0001924232201417
2452263.1137665254 1.003652811050415 0.0001878904586192
2452263.195711294 0.943804144859314 0.0001819945027818
2452263.2769616097 0.9333573579788208 0.000180684881343
2452263.3582119187 1.0009992122650146 0.0001868363033281
2452263.440156668 1.0554455518722534 0.0001914135355036
2452263.5214069635 1.0797533988952637 0.0001936331027536
2452263.602657253 1.0640790462493896 0.0001921750517794
2452263.6839075354 1.0233770608901978 0.0001882723809103
2452263.7651578113 0.9696306586265566 0.0001830723485909
2452263.847102527 0.9809743762016296 0.0001837669842643
2452263.9283527895 1.0389050841331482 0.00018895050743585002
2452264.009603045 1.0843167304992676 0.0001929006684804
2452264.0915477406 1.097684860229492 0.0001939470384968
2452264.1727979826 1.0647091269493103 0.00019085811800315
2452264.2540482176 1.0107367038726809 0.0001857571769505
2452264.335992892 0.9564655423164368 0.000180118397111
2452264.417243113 0.989451766014099 0.0001830748733482
2452264.4984933264 1.0539202690124512 0.0001888954575406
2452264.5797435334 1.1010857224464417 0.00019310745119575
2452264.660993733 1.1106750965118408 0.0001937827473739
2452264.7429383714 1.079606294631958 0.0001907275000121
2452264.8241885565 1.0344247221946716 0.0001861594864749
2452264.905438734 0.9994620680809022 0.0001824626815505
2452264.9873833503 1.0363011360168457 0.0001859387848526
2452265.0686335126 1.0897544026374817 0.00019046590750800002
2452265.149883668 1.127660632133484 0.0001936396147357
2452265.231133815 1.119757890701294 0.00019292229990235
2452265.312383955 1.0768003463745115 0.0001887968828668
2452265.3943285323 1.0187554359436035 0.0001831177360145
2452265.4755786564 0.9917023181915282 0.00018025628378375
2452265.5568287717 1.0571111440658567 0.0001859223702922
2452265.638773325 1.1157402992248535 0.0001908271078718
2452265.7200234244 1.1558859944343567 0.00019373245595485
2452265.8012735154 1.1513986587524414 0.0001926826516864
2452265.8832180435 1.1134800910949707 0.0001887209218693
2452265.964468118 1.060610592365265 0.00018351225298825
2452266.045718183 1.0627776384353635 0.0001827099331421
2452266.0991904438 1.0954893231391907 0.00018631607963465
2452266.392940586 0.8918856382369995 0.0001907983823912
2452266.452662823 0.7982807755470275 0.0001871249260148
2452266.534607279 0.7360439300537108 0.0001808954257285
2452266.615857282 0.7607448995113373 0.000182492454769
2452266.6971072764 0.8503819108009337 0.0001885028323158
2452266.7790517057 0.9175086617469788 0.0001927963312482
2452266.8603016827 0.9515665769577026 0.00019400493329150003
2452266.9415516513 0.9526278376579284 0.0001914326712721
2452267.0221071686 0.9280221462249756 0.0001870782143669
2452267.1040515676 0.8998968601226807 0.0001825612853281
2452267.1478015413 0.9115688502788544 0.00018292650202050002
2452272.022118559 1.0121170282363892 0.0001837171730585
2452272.0721186027 0.9849830269813536 0.0001803226041374
2452272.1533686677 1.0074207186698914 0.0001828153326641
2452272.234618726 1.0662105083465576 0.0001885795063572
2452272.3165632235 1.1151468753814695 0.0001928393758134
2452272.3978132694 1.1250624656677246 0.00019364427134855
2452272.479063309 1.091866374015808 0.0001906499819597
2452272.560313342 1.038635492324829 0.00018586236546975002
2452272.6415633685 0.9916229248046876 0.0001819214958231
2452272.7235078337 1.0255990028381348 0.0001852696732385
2452272.8047578475 1.0743623971939087 0.0001899647395475
2452272.886007855 1.1090049743652344 0.0001932162849698
2452272.967952301 1.103265643119812 0.0001926999975694
2452273.049202296 1.0503414273262024 0.00018874331726685
2452273.1304522846 0.9856429696083068 0.0001833352725952
2452273.2123967116 0.9557402729988098 0.0001802683691494
2452273.2936466876 1.012398600578308 0.00018579471361584998
2452273.3748966577 1.0680882930755615 0.0001907736150315
2452273.456146621 1.104662835597992 0.000193964340724
2452273.5373965786 1.093092441558838 0.0001929978607222
2452273.619340974 1.0487231016159055 0.0001890567073132
2452273.700590919 0.9909351170063019 0.0001838225871324
2452273.7818408576 0.9783955812454224 0.0001827398082241
2452273.8644796778 1.0317094326019287 0.00018793634808385
2452273.94503516 1.0757964849472046 0.0001918842681334
2452274.0262850802 1.0948729515075684 0.0001934320607688
2452274.1082294374 1.0682713985443115 0.0001912977895699
2452274.1894793445 1.0196040868759155 0.0001866803359007
2452274.2755903513 0.9282665550708771 0.00018037515110335
2452274.351979141 0.9287623167037964 0.0001816558869904
2452274.43322903 0.9950576424598692 0.0001876956230262
2452274.515173356 1.0416188240051267 0.00019226456061
2452274.5964232325 1.0565436482429504 0.00019379390869285002
2452274.677673103 1.030825972557068 0.0001915718021336
2452274.7596174097 0.981515109539032 0.0001872984867077
2452274.840867267 0.9272676110267638 0.00018243293743575002
2452274.9221171183 0.954659938812256 0.0001849075779318
2452275.0040614065 1.008000373840332 0.0001898688933579
2452275.085311245 1.0469673871994019 0.00019344353495395002
2452275.1665610773 1.0463098287582395 0.0001934315660037
2452275.2478109035 1.0021173357963562 0.00018966936477225
2452275.329060723 0.945378303527832 0.0001842854835558
2452275.4110049796 0.8992743492126464 0.0001800278841983
2452275.492254786 0.9452504813671112 0.0001844474536483
2452275.573504587 0.999988317489624 0.0001896175963338
2452275.655448824 1.0387868881225584 0.0001932422455865
2452275.7366986116 1.0360013246536255 0.00019293165678385
2452275.817948393 0.9970436692237854 0.0001894646557047
2452275.899198168 0.9435271322727203 0.0001845843798946
2452275.9804479363 0.9187313318252563 0.0001823219936341
2452276.0623921407 0.9719384908676147 0.0001873558503575
2452276.143641896 1.0183164477348328 0.00019169146980855
2452276.224891645 1.044166922569275 0.0001939603243954
2452276.3068358293 1.0229166746139526 0.00019230163889
2452276.388085565 0.96932053565979 0.00018753344193095
2452276.469335294 0.9047615528106688 0.0001815000287024
2452276.551279458 0.8974605202674866 0.0001809229434002
2452276.632529174 0.9649122357368469 0.00018718430510484998
2452276.7137788828 1.0169887542724607 0.0001918143098009
2452276.795028585 1.0372838377952573 0.00019372926180945
2452276.87627828 1.015999674797058 0.0001919024653034
2452276.95822241 0.9710711240768432 0.0001877360627986
2452277.0394720915 0.9155005812644958 0.0001825978397391
2452277.1207217663 0.9317492246627808 0.0001839175529312
2452277.202665875 0.9870697259902954 0.0001890490384539
2452277.2839155355 1.0313827395439148 0.00019294651428935
2452277.365165189 1.0406025648117063 0.0001936993066919
2452277.4471092764 1.004826545715332 0.000190504360944
2452277.528358915 0.9487380683422089 0.0001853840367402
2452277.609608547 0.8935167193412781 0.0001802305196179
2452277.690858171 0.929762989282608 0.0001836115334299
2452277.772107788 0.992098867893219 0.0001891637803055
2452277.854051838 1.0376311540603635 0.0001932169543579
2452277.93530144 1.0425981283187866 0.00019364195759405
2452278.016551034 1.006430745124817 0.0001903776865219
2452278.0984950615 0.9546223878860473 0.0001856101443991
2452278.17974464 0.9191369116306306 0.00018221368372905
2452278.2609942104 0.9620288610458374 0.0001862571225501
2452278.3422437734 1.0142316818237305 0.00019081398932025
2452278.423493328 1.048397183418274 0.0001936507906066
2452278.505437315 1.0346601009368896 0.0001926387049024
2452278.5866868533 0.9906737804412842 0.00018842385907185002
2452278.667936383 0.929079532623291 0.0001826599764171
2452278.749880344 0.904451549053192 0.0001804034400265
2452278.831129857 0.97147861123085 0.0001863269062596
2452278.9123793603 1.0277690887451172 0.0001911289873532
2452278.9943232955 1.0578097105026243 0.0001936913322424
2452279.0755727813 1.0448307991027832 0.0001923699746839
2452279.1575166984 1.006113052368164 0.00018835480295815
2452279.238071726 0.9544797837734222 0.00018305585399495
2452279.319321185 0.9520516395568848 0.000182910618605
2452279.4012650736 1.0116809606552124 0.0001883548102341
2452279.4825145137 1.055924654006958 0.00019241986592525
2452279.563763944 1.0705776214599607 0.0001938357017934
2452279.645707805 1.0397520065307615 0.0001912333245854
2452279.7269572173 0.9874398708343506 0.00018633585568745
2452279.808206621 0.9178218841552734 0.0001803428021958
2452279.890150456 0.9350299835205078 0.0001825654035201
2452279.9561221823 0.9924057722091675 0.0001875839370768
2452281.9554179423 0.9608624577522276 0.0001886268582893
2452282.0068066795 0.9171546101570128 0.0001840929035097
2452282.0887508765 0.9240136146545408 0.0001838456955738
2452282.170000625 0.9917469918727874 0.00018932470266
2452282.2512503653 1.0446172952651975 0.0001936768821906
2452282.3331945413 1.0640623569488523 0.0001950964651769
2452282.4144442677 1.0399941205978394 0.0001925582037074
2452282.495693987 0.9916812181472776 0.0001879381161415
2452282.576943699 0.9382684230804442 0.00018276006449010002
2452282.658193403 0.9628257155418398 0.0001847546227509
2452282.7401375417 1.016584038734436 0.0001895158056868
2452282.8213872313 1.056515872478485 0.00019300243729954998
2452282.9026369136 1.0580825805664062 0.0001931539882207
2452282.98458103 1.0169430971145628 0.0001894690358312
2452283.0658306973 0.9584551751613617 0.00018413294310445
2452283.1470803577 0.9101740121841432 0.000179610797204
2452283.229024452 0.9543514251708984 0.0001837597956182
2452283.310274098 1.0131009817123413 0.00018913183157559998
2452283.3915237365 1.0541876554489136 0.0001927962730405
2452283.472773368 1.053793728351593 0.00019275898375775
2452283.5540229925 1.0149204730987549 0.0001892906439024
2452283.635967051 0.9627277255058287 0.0001845280203269
2452283.7172166617 0.9372570216655732 0.0001821694459067
2452283.7984662657 0.9889227747917176 0.000186941208085
2452283.8804103034 1.0388580560684204 0.0001914077001856
2452283.9616598934 1.066078782081604 0.00019384719053045
2452284.0429094764 1.0499953031539917 0.0001923992676893
2452284.124159053 0.9994545578956604 0.0001878810144262
2452284.2054086225 0.9333148002624512 0.0001817796146497
2452284.287352626 0.9200077652931212 0.0001805449137464
2452284.3686021827 0.9860587418079376 0.0001866481979959
2452284.4498517327 1.037660837173462 0.0001913271698867
2452284.5317957164 1.0616220235824585 0.0001934327592607
2452284.613045253 1.041730225086212 0.00019167062418995
2452284.6942947833 0.995537519454956 0.0001875437155831
2452284.7762387474 0.9398549199104308 0.0001823933416744
2452284.8574882643 0.9508116543292999 0.0001834080612752
2452284.938737775 1.0077122449874876 0.0001886102691059
2452285.0199872795 1.051937222480774 0.0001925607502926
2452285.101236778 1.062485694885254 0.0001935028267325
2452285.1831807094 1.0292527675628662 0.0001905306125991
2452285.264430195 0.9751131832599639 0.00018563352932685
2452285.345679674 0.9157076478004456 0.0001801064936444
2452285.4276235863 0.9473444819450376 0.0001830112450988
2452285.508873053 1.008742332458496 0.0001887039761641
2452285.5901225125 1.0545573234558103 0.0001927461562445
2452285.6720664063 1.0624114274978635 0.0001934641622938
2452285.753315854 1.0252694487571716 0.000190133228898
2452285.8345652954 0.9725741147994996 0.0001854135480243
2452285.9158147303 0.934428334236145 0.0001818146411096
2452285.9970641597 0.974789619445801 0.0001855836308095
2452286.079008022 1.0263477563858032 0.0001902512303786
2452286.160257438 1.059633195400238 0.00019320761930425
2452286.241506849 1.0489635467529297 0.0001922703231684
2452286.3234506925 1.001845359802246 0.0001880370546132
2452286.4047000906 0.9414991736412048 0.00018246795661975
2452286.485949483 0.9140921235084531 0.0001799150340957
2452286.5678933077 0.9769939184188842 0.0001857329189078
2452286.649142687 1.031622588634491 0.00019075703312405
2452286.730392061 1.0623886585235596 0.0001934414030984
2452286.8067803555 1.0516639947891235 0.0001924906537169
2452286.89289079 1.0047342777252195 0.0001883434306364
2452286.974834584 0.9459588527679444 0.0001829634129535
2452287.056083933 0.9398368299007417 0.00018239240307585
2452287.137333276 0.9974506497383115 0.0001876842870842
2452287.2192770517 1.0438657999038696 0.0001918512425618
2452287.3005263824 1.0601168274879456 0.00019328830239825
2452287.381775707 1.033660888671875 0.0001909377751871
2452287.4630250256 0.9817799627780914 0.0001862602002802
2452287.544274338 0.918303608894348 0.0001803620980354
2452287.626218083 0.936259329319 0.0001820559409679
2452287.707467383 0.9989721477031708 0.00018782287224889998
2452287.7887166766 1.045764684677124 0.0001920016948133
2452287.8706604023 1.0586081743240356 0.0001931492006406
2452287.951909684 1.0294355750083923 0.0001905670287669
2452288.0331589594 0.9813414812088012 0.0001861986529547
2452288.115102667 0.9348169565200805 0.0001819233293645
2452288.1963519296 0.965322881937027 0.00018473723321215
2452288.2776011867 1.0170704126358032 0.0001894319429993
2452288.358850437 1.055630326271057 0.00019286177121094998
2452288.4400996813 1.054853081703186 0.0001928088749991
2452288.522043357 1.0115429162979124 0.0001889264385681
2452288.603292589 0.9525498747825623 0.0001835664952523
2452288.6845418145 0.913162350654602 0.0001798840676201
2452288.7664854713 0.9654892683029176 0.000184745164006
2452288.847734684 1.0219732522964478 0.0001898785558296
2452288.9289838905 1.059732437133789 0.0001932473533088
2452289.0109275277 1.0535058975219729 0.000192671563127
2452289.0921767214 1.012817621231079 0.00018905874458135
2452289.1734259087 0.956795573234558 0.0001839231699705
2452289.2546750894 0.9370510280132294 0.0001820990437408
2452289.3359242636 0.9915134310722352 0.0001871094718808
2452289.417867868 1.0368528366088867 0.0001912167790578
2452289.49911703 1.0587096214294434 0.0001931499500642
2452289.580366184 1.037548303604126 0.0001912743027787
2452289.662309769 0.9846738576889038 0.0001865035301307
2452289.74355891 0.9184167683124542 0.00018035126413445
2452289.824808045 0.9203611612319944 0.000180531758815
2452289.9067516094 0.9899721145629882 0.0001869755797088
2452289.98800073 1.0414941906929016 0.00019161082309435
2452290.069249844 1.0625460147857666 0.0001934731408255
2452290.150498952 1.041720986366272 0.0001916228429763
2452290.231748052 0.9959403872489928 0.0001875322486739
2452290.313691582 0.9413576126098634 0.0001824887440307
2452290.3949406683 0.9622645676136017 0.00018444667512079998
2452290.4761897475 1.0158487558364868 0.0001893096632556
2452290.5581332557 1.0560375452041624 0.000192880645045
2452290.6393823205 1.0595178008079529 0.00019317660189695001
2452290.720631378 1.0181310176849363 0.000189519720152
2452290.8018804286 0.960328310728073 0.00018421931599725
2452290.883129471 0.9101502299308778 0.0001795301504898
2452290.965072942 0.9525890946388244 0.0001834843715187
2452291.0463219695 1.0122188925743103 0.0001889940758701
2452291.1275709895 1.0562831163406372 0.0001928837737068
2452291.2095144377 1.058637261390686 0.0001930904545588
2452291.2907634424 1.0221232771873474 0.00018984184134745
2452291.3720124387 0.9696372151374816 0.0001850438275141
2452291.4539558627 0.9392356872558592 0.0001822642079787
2452291.535204843 0.9864948987960814 0.00018662045476955
2452291.6164538153 1.0350276231765747 0.000190962004126
2452291.697702779 1.06512850522995 0.00019363946194059998
2452291.7789517343 1.051721692085266 0.0001924491807585
2452291.860895117 1.002104878425598 0.0001880220952443
2452291.942144055 0.9384274780750275 0.00018211361020799998
2452292.0233929846 0.920486271381378 0.0001803905906854
2452292.105336341 0.9850488305091858 0.0001864386140368
2452292.186585253 1.0358147025108337 0.0001909955972223
2452292.2678341568 1.0596815347671509 0.0001930855651153
2452292.349777486 1.0405690670013428 0.0001913985906867
2452292.431026372 0.9969754219055176 0.00018738915241555
2452292.51227525 0.9396061301231384 0.0001821301993913
2452292.5935241194 0.9464899599552155 0.00018278592324344999
2452292.6747729806 1.00502347946167 0.0001881717471405
2452292.7567162695 1.0495692491531372 0.0001922505034599
2452292.826854164 1.0644719004631042 0.00019358577992529999
2452295.053911815 1.0597388744354248 0.0001971651799976
2452295.117800075 1.035749077796936 0.0001943569659488
2452295.199743708 0.9838058948516843 0.0001889421255327
2452295.280992897 0.9187832176685333 0.000182493669854
2452295.36224208 0.9319849610328672 0.0001833133865147
2452295.4441856937 0.9971714019775392 0.0001889746636152
2452295.5254348638 1.0472403168678284 0.0001932796076289
2452295.606684027 1.061897039413452 0.0001944244868354
2452295.68862762 1.033572554588318 0.000191679195268
2452295.7698767707 0.9849281907081604 0.0001869643165264
2452295.851125913 0.9350122809410096 0.0001820734905777
2452295.93237505 0.9629128575325012 0.0001845398364821
2452296.0136241796 1.0151606798171997 0.0001892873842734
2452296.09556774 1.0542309284210205 0.0001927679113578
2452296.1768168565 1.055249571800232 0.0001928698547999
2452296.258065966 1.01379656791687 0.0001891373685793
2452296.340009506 0.954607367515564 0.0001837459567468
2452296.4212586023 0.9123506247997284 0.0001797663062461
2452296.5025076927 0.9626482725143432 0.0001844729995355
2452296.584451213 1.0221251249313354 0.0001899016497191
2452296.66570029 1.0612537264823914 0.0001933810926857
2452296.7469493602 1.057008981704712 0.0001929915015352
2452296.8281984245 1.014606773853302 0.0001892236323328
2452296.9094474823 0.9590916037559508 0.0001841632765717
2452296.99139097 0.936313271522522 0.0001820495235733
2452297.072640015 0.9902051389217377 0.0001869714687927
2452297.153889054 1.0360792875289917 0.0001911541476147
2452297.2358325226 1.0594059228897097 0.0001932044833665
2452297.3170815487 1.0412248969078064 0.0001915922402986
2452297.397636133 0.992310255765915 0.0001871943168225
2452297.4802740184 0.9263216853141784 0.0001811207039281
2452297.561523026 0.9227794408798217 0.0001807805092539
2452297.6427720278 0.9886506199836732 0.0001867777755251
2452297.724021023 1.0389491319656372 0.00019138726202065
2452297.805270012 1.0614560842514038 0.0001933596504386
2452297.887213431 1.0404847860336304 0.0001915292377816
2452297.9684624085 0.9937575757503507 0.00018729895236895
2452298.049711379 0.9382672905921936 0.0001822190242819
2452298.13165478 0.9560437202453612 0.0001838620810303
2452298.212903739 1.011799931526184 0.00018887960322895
2452298.294152692 1.0537277460098269 0.0001926516706589
2452298.3754016394 1.0593913197517395 0.000193178311747
2452298.4566505803 1.0219831466674805 0.0001897619513329
2452298.538593951 0.967210054397583 0.0001848267711466
2452298.6198428804 0.9140528738498687 0.0001798633602447
2452298.7010918036 0.9513274431228635 0.0001832819834817
2452298.7830351563 1.0111217498779297 0.0001887618855107
2452298.8642840683 1.053897500038147 0.00019268419418945
2452298.945532974 1.057389259338379 0.000192931111087
2452299.027476309 1.0217124223709106 0.0001897412730613
2452299.108725203 0.9687991440296172 0.00018493094830765
2452299.189974091 0.9364064931869508 0.0001819697208702
2452299.271222974 0.9816139936447144 0.00018610049301055
2452299.3524718503 1.0324883460998535 0.0001907581463456
2452299.434415156 1.0646743774414062 0.0001935647742357
2452299.5156640206 1.0509499907493591 0.00019240160327165
2452299.5976073146 1.0010351538658142 0.0001878597249742
2452299.678856168 0.9365270733833314 0.0001818509772419
2452299.7607994503 0.915933072566986 0.0001799308520276
2452299.8413538574 0.979764848947525 0.00018600915063865
2452299.9232971277 1.0321635007858276 0.0001907917321659
2452300.004545958 1.0601756572723389 0.0001932801751536
2452300.0857947823 1.0453822612762451 0.0001919790229294
2452300.167043601 1.0008878707885742 0.0001879855481092
2452300.2482924135 0.9431280493736268 0.0001826722145779
2452300.330235655 0.9448922276496888 0.0001828545937314
2452300.4114844557 1.0016131997108457 0.00018803457351159998
2452300.4927332513 1.0466177463531494 0.0001920773211168
2452300.574676475 1.0607274770736694 0.00019331787189
2452300.6559252585 1.0309727787971497 0.00019065139349545
2452300.7371740364 0.9789336919784544 0.0001859703479567
2452300.8191172425 0.9165881276130676 0.0001801529433578
2452300.9003660083 0.9428362548351288 0.00018263852689410001
2452300.9816147685 1.0059138536453247 0.0001884311059257
2452301.062863523 1.0519284009933472 0.00019253129721615
2452301.1441122717 1.0623804330825803 0.0001934485771926
2452301.226055448 1.0293186902999876 0.0001905141543829
2452301.307304185 0.9791130721569062 0.0001859783878899
2452301.3885529153 0.9351204633712769 0.0001819068565964
2452301.470496074 0.9707313179969788 0.0001851682609412
2452301.5517447926 1.0221968293190002 0.00018988717783934998
2452301.632993506 1.0587939023971555 0.0001931490551214
2452301.7142422125 1.0527057647705078 0.00019260487169955
2452301.795490913 1.0075414180755615 0.0001885391538962
2452301.8774340414 0.946802258491516 0.0001829886168707
2452301.9586827303 0.9122348129749296 0.00017971419583765
2452302.039931413 0.9694522023200988 0.0001850660337368
2452302.1218745224 1.0248349905014038 0.000190104387002
2452302.2031231932 1.060119867324829 0.00019324002641944997
2452302.284371857 1.0520973205566406 0.0001925162941915
2452302.366314948 1.0095705986022947 0.000188734193216
2452302.4475636 0.9531327188014983 0.00018354763597009998
2452302.5288122455 0.940643310546875 0.0001823781931307
2452302.6100608846 0.9970381259918212 0.00018756122153715
2452302.6913095172 1.0433936119079588 0.000191745639313
2452302.7732525766 1.064332365989685 0.0001935751351993
2452302.854501196 1.0404981970787048 0.00019150080333924999
2452302.9357498097 0.9855579137802124 0.0001865477825049
2452303.0176928495 0.9189239740371704 0.0001803164777811
2452303.09894145 0.9266266226768494 0.00018107987852995002
2452303.1801900435 0.9908161163330078 0.0001870016858447
2452303.262133063 1.0408939123153689 0.0001915059838211
2452303.343381643 1.0579935908317566 0.00019301610154795
2452303.4246302163 1.0332756042480469 0.0001908285485114
2452303.505878783 0.9869028329849241 0.00018663905939315
2452303.5871273424 0.9360934495925904 0.0001818812015699
2452303.669070327 0.9617893099784852 0.0001843136560637
2452303.7503188727 1.0155368447303772 0.00018914455722549999
2452303.8315674113 1.0557321310043335 0.0001927880075527
2452303.9135103743 1.05810809135437 0.0001929581922013
2452303.994758898 1.0165085792541504 0.0001892927975859
2452304.076007414 0.9584725499153136 0.0001839996984926
2452304.1579503547 0.9141327142715454 0.0001798906887415
2452304.239893288 0.9623510241508484 0.0001843791105784
2452304.3204473495 1.0203852653503416 0.0001896068570204
2452304.4016958354 1.059251070022583 0.00019307858747195
2452304.4829443134 1.056310534477234 0.000192815932678
2452304.5648872145 1.0155709981918335 0.0001891905412776
2452304.646135676 0.9613819122314453 0.00018422148423265
2452304.7273841295 0.9357564449310304 0.0001818594755604
2452304.809327006 0.9859779477119444 0.0001865027006715
2452304.8905754425 1.0332396030426025 0.0001907391415443
2452304.971823871 1.0599067211151123 0.0001931008155224
2452305.0530722905 1.0441316366195679 0.00019174092449239998
2452305.133626271 0.9942801594734192 0.00018718435603655
2452305.216263535 0.929487645626068 0.0001812847331166
2452305.2995952205 0.9217620491981504 0.0001805438805604
2452305.3773714523 0.9867756962776184 0.000186523728189
2452305.461397551 1.0402013659477232 0.00019133895693809999
2452305.5412570587 1.0623767375946045 0.0001932678715093
2452305.6218109885 1.0429991483688354 0.0001916608016472
2452305.7058370635 0.9971858859062195 0.00018742925749389998
2452305.78639098 0.9405803084373474 0.0001822999256546
2452305.8690281822 0.9538434743881224 0.000183565687621
2452305.94819323 1.007996678352356 0.0001885583915282
