2451598.2805868294 1.0731306076049805 0.0252290777862072
2451598.3541982607 1.0560182332992551 0.0244566351175308
2451598.4278096943 1.0189313888549805 0.0238931365311145
2451598.501421129 1.00642991065979 0.023501643911004
2451598.575032565 0.993709087371826 0.0233870446681976
2451598.6486440008 0.9801732897758484 0.0233926605433225
2451598.7222554367 1.0559762716293335 0.0232573822140693
2451598.795172425 1.0403956770896912 0.02308046538382765
2451598.868089413 1.0060666799545288 0.0228939447551965
2451598.9417008464 0.9955430030822754 0.0225490368902683
2451599.015312279 0.9759198427200316 0.0220456253737211
2451599.0889237104 0.9585878252983092 0.0215402301400899
2451599.16253514 1.0402737855911257 0.0212072562426328
2451599.236146568 1.0194352865219116 0.0209008026868104
2451599.309757993 0.9758923053741456 0.0204803831875324
2451599.382674968 0.9725995361804961 0.020017243921756703
2451599.455591941 0.9624540209770202 0.0197342336177825
2451599.5292033586 0.9409539103507996 0.019590325653553
2451599.602814773 1.026518702507019 0.0196643956005573
2451599.676426184 1.022783875465393 0.0197383388876914
2451599.750037592 0.9838031530380248 0.0196191649883985
2451599.8236489967 0.9790275692939758 0.0194862075150012
2451599.897260397 0.9665815234184264 0.0193263888359069
2451599.973649583 0.9527425169944764 0.0191234350204467
2451600.044483187 1.026968240737915 0.0190301928669214
2451600.1174001293 1.0140887498855593 0.01886235084384675
2451600.1910115145 0.985356867313385 0.0186833934858441
2451600.266706236 0.986883521080017 0.0185482706874608
2451600.3389287186 0.9642844200134276 0.018377972766757
2451600.409762303 0.9454597234725952 0.0181651692837476
2451600.4847625648 1.0217888355255127 0.0181008744984865
2451600.5597628215 1.025685667991638 0.0180608537048101
2451600.6305963923 0.9850633144378662 0.0180351827293634
2451600.703513299 0.9948083758354187 0.0180827686563134
2451600.779207988 0.9752272963523864 0.0180273950099945
2451600.851430439 0.96026873588562 0.0179363004863262
2451600.926430671 1.0316801071166992 0.0179114472121
2451600.9993475582 1.0375991463661194 0.017858766019344302
2451601.0729588866 1.006854474544525 0.017749567516148
2451601.1458757636 1.0065675973892212 0.0176738072186708
2451601.2180981888 0.9725713133811952 0.0176014062017202
2451601.2917095013 0.964953064918518 0.0175373647361993
2451601.3653208087 1.021206617355347 0.017504259943962
2451601.438932111 1.0347175598144531 0.0174471344798803
2451601.5125434073 0.9960570931434632 0.0173732805997133
2451601.5861546984 0.9938691854476928 0.0173448380082845
2451601.6590715377 0.9702657163143158 0.01734702847898
2451601.7319883713 0.9723876118659972 0.0173579510301351
2451601.8055996452 1.018887281417847 0.0173560753464698
2451601.879210913 1.0396848917007446 0.0173422824591398
2451601.9528221753 0.9986976981163026 0.0172723699361085
2451602.0264334315 0.9899912476539612 0.0172245614230632
2451602.1000446826 0.977783977985382 0.0171639919281005
2451602.173655927 0.97285395860672 0.0171372033655643
2451602.24657272 0.9989809095859525 0.017148601822555
2451602.319489507 1.0391618013381958 0.0171586647629737
2451602.393100734 1.0013270378112793 0.0171058122068643
2451602.466711954 0.989729344844818 0.0170624945312738
2451602.540323168 0.9756144285202024 0.0170350093394517
2451602.6139343763 0.9801506996154784 0.0170293897390365
2451602.687545578 0.9802943468093872 0.0170455370098352
2451602.7611567737 1.0368472337722778 0.0170829184353351
2451602.8340735175 1.012959122657776 0.017037458717822952
2451602.906990255 0.9884974956512452 0.0169943217188119
2451602.980601432 0.9830166101455688 0.0169743094593286
2451603.0493514873 0.9784597456455231 0.016953623853623798
2451603.1306015453 0.9810621738433836 0.0169325415045022
2451603.2007404775 1.0373759269714355 0.016990534961223547
2451603.275740518 1.0104591846466064 0.01695185061544175
2451603.3486572173 0.9926210641860962 0.0169185735285282
2451603.42018502 0.9855865240097046 0.01691284123808145
2451603.495185041 0.9925688207149506 0.0169097036123275
2451603.566712831 0.967213988304138 0.0168930944055318
2451603.6410183934 1.048508882522583 0.0169614423066377
2451603.7153239483 1.030996322631836 0.0169474054127931
2451603.788935052 0.995111048221588 0.016908248886466
2451603.862546149 0.9883121252059937 0.0169066060334444
2451603.936157239 0.9885591864585876 0.016913266852498
2451604.0090738786 0.9600362777709962 0.016874860972166
2451604.0819905107 1.0393366813659668 0.0169655252248048
2451604.15560158 1.0291435718536377 0.0169398039579391
2451604.2292126426 0.9936105012893676 0.0169082321226596
2451604.3028236986 0.9893521666526792 0.0169009882956743
2451604.376434747 0.9759196043014526 0.0168885253369808
2451604.450045788 0.9541768431663512 0.0168744549155235
2451604.5236568223 1.037010908126831 0.0169727783650159
2451604.596573405 1.0292614102363586 0.016962960362434353
2451604.669489982 0.9888019561767578 0.0168983619660139
2451604.7431009943 0.9890158772468568 0.0169067606329917
2451604.8167119995 0.978930652141571 0.0168923400342464
2451604.8903229972 0.9509865641593932 0.0168857350945472
2451604.9639339885 1.031705379486084 0.0169510673731565
2451605.0375449713 1.0290344953536987 0.016955941915512
2451605.1104615037 0.9881930351257324 0.016907160170376252
2451605.1833780287 0.9940621256828308 0.0169075820595026
2451605.2569889897 0.9707191586494444 0.0168873481452465
2451605.3305999427 0.9505949020385742 0.0168816857039928
2451605.404210888 1.026134371757507 0.016946006566286
2451605.4778218255 1.0352811813354492 0.0169509202241897
2451605.5514327553 0.986526310443878 0.0169023945927619
2451605.6250436776 0.9938017129898072 0.016909884288907
2451605.6979601495 0.9737677872180939 0.01689171139150855
2451605.770876613 0.9561737179756165 0.0168929081410169
2451605.8444875116 1.0343849658966064 0.0169478245079517
2451605.918098402 1.0451200008392332 0.0169601812958717
2451605.9917092845 0.999258518218994 0.0169251542538404
2451606.0653201584 1.000717043876648 0.0169143956154584
2451606.1389310244 0.9789515733718872 0.0168885421007871
2451606.218097418 0.9682236909866332 0.0168856233358383
2451606.285458289 1.0218840837478638 0.016942597925662953
2451606.358374688 1.0415916442871092 0.0169523116201162
2451606.4319855203 1.005623459815979 0.0169099159538745
2451606.505596344 1.004116415977478 0.0169039238244295
2451606.579207159 0.97938734292984 0.016891211271286
2451606.6528179655 0.9852770566940308 0.0168962609022855
2451606.7264287625 1.0245542526245115 0.0169331654906272
2451606.8000395508 1.0467786788940427 0.0169562716037035
2451606.8743447713 1.0041882991790771 0.01692962460219855
2451606.945872218 0.9984201192855836 0.0169135872274637
2451607.0194829786 0.9811981320381165 0.0168911609798669
2451607.09309373 0.9817757010459902 0.0168912839144468
2451607.1667044717 0.996600031852722 0.0169164147228002
2451607.2403152045 1.042151927947998 0.0169521924108266
2451607.3139259266 1.0053329467773435 0.0169247034937143
2451607.387536639 0.9940909147262572 0.0169091969728469
2451607.4604529003 0.9755944907665253 0.0168976997956633
2451607.533369152 0.9757895469665528 0.0168953351676464
2451607.6069798335 0.9720314145088196 0.0169103145599365
2451607.680590504 1.0432908535003662 0.0169670227915048
2451607.7542011635 1.0118993520736694 0.0169290304183959
2451607.827811812 0.9893578290939332 0.0169211886823177
2451607.90142245 0.983766496181488 0.016895618289709
2451607.975033075 0.9816804528236388 0.0168991517275571
2451608.047949249 0.9569558799266814 0.01689059380441895
2451608.1208654107 1.0477558374404907 0.0169571880251169
2451608.1944760005 1.0253394842147827 0.0169406495988369
2451608.2680865764 0.992418885231018 0.0169088449329137
2451608.341697139 0.9927516579627992 0.0169114861637353
2451608.4153076885 0.9869140982627868 0.0168936289846897
2451608.4889182234 0.9675548672676086 0.0169011782854795
2451608.5625287443 1.0495572090148924 0.0169580820947885
2451608.635444811 1.0311487317085266 0.01694078184664245
2451608.7083608625 0.9993219375610352 0.0169113036245107
2451608.781971336 1.000727295875549 0.0169049613177776
2451608.855581793 0.9921891689300536 0.0168948862701654
2451608.9291922324 0.9751750826835632 0.0168786589056253
2451609.002802653 1.057246685028076 0.0169580820947885
2451609.0764130536 1.053319215774536 0.0169478133320808
2451609.149328997 1.009304940700531 0.0169109962880611
2451609.2222449197 1.0162893533706665 0.0169109683483839
2451609.2958552567 0.9994498491287231 0.0169010311365127
2451609.3694655695 0.9776829481124878 0.0168844182044267
2451609.443075857 1.0596288442611694 0.0169535782188177
2451609.5166861187 1.0540275573730469 0.0169467404484748
2451609.590296351 0.9950549602508546 0.0169113520532846
2451609.6632121173 1.0095454454421997 0.0169110875576734
2451612.4076135987 1.0272074341773987 0.025079749524593298
2451612.454140727 1.0023906230926511 0.024839723482728
2451612.527750814 0.9920998215675354 0.0247979033738374
2451612.6013609027 1.063870549201965 0.0249327346682548
2451612.6742765578 1.0395908951759338 0.0249099032953381
2451612.7471922147 1.0114227533340454 0.0247978437691926
2451612.820802307 1.0044392347335815 0.0246653985232114
2451612.8944124 0.9952786564826964 0.0245049186050891
2451612.968022493 0.9733322858810426 0.0240580011159181
2451613.041632586 1.0369503498077393 0.023581076413393
2451613.115242678 1.0126676559448242 0.0230942778289318
2451613.1888527703 0.977352738380432 0.0228043925017118
2451613.261768426 0.9738383293151855 0.022419271990656797
2451613.3353785146 0.9614677131175994 0.0218926258385181
2451613.408294167 0.9296050071716307 0.021249771118164
2451613.481904253 1.0193089246749876 0.0209232158958911
2451613.555514336 1.010465383529663 0.0207934193313121
2451613.6291244174 0.9697314500808716 0.0206914171576499
2451613.7027344964 0.9790711998939512 0.0205356981605291
2451613.775650138 0.9657568931579588 0.02036921400576825
2451613.848565777 0.9424237608909608 0.0202829260379076
2451613.917314805 1.0232107043266296 0.020267606712877702
2451613.993702611 1.009122908115387 0.02004944626241915
2451614.069395979 0.9664340615272522 0.0197533350437879
2451614.1430060402 0.9669888615608216 0.0195838175714016
2451614.2173105325 0.9626197516918182 0.01945820171386
2451614.2902261517 0.9431886076927184 0.0192540790885686
2451614.3631417667 1.0246217846870422 0.019066548906266648
2451614.436057379 1.0264407396316528 0.0188139993697404
2451614.5096674217 0.9748492836952208 0.018639825284481
2451614.5839718943 0.983946293592453 0.0185907045379281
2451614.65619306 0.9672546982765198 0.018540769815444898
2451614.730497524 0.9475736618041992 0.0184285566210746
2451614.8041075496 1.024503707885742 0.0184286497533321
2451614.8777175713 1.0291948318481443 0.0184189062565565
2451614.950633154 0.9748323261737823 0.01832728553563355
2451615.023548732 0.9878341555595396 0.0182707086205482
2451615.0971587393 0.9686610698699952 0.0181831233203411
2451615.170768743 0.9652048349380492 0.018128702417016
2451615.244378741 1.0210189819335935 0.0180980693548917
2451615.317988734 1.036456823348999 0.0180173143744468
2451615.3915987224 0.9859427213668824 0.0178489387035369
2451615.465208706 0.990372598171234 0.0177588406950235
2451615.538124251 0.9706912636756897 0.01768724340945475
2451615.611039791 0.9703499674797058 0.0176612790673971
2451615.684649759 1.0266271829605105 0.0176902785897254
2451615.758259722 1.0350123643875122 0.0176316630095243
2451615.83186968 0.9991480112075805 0.0175726152956485
2451615.905479633 0.9929770827293396 0.0175671931356191
2451615.9790895795 0.9826635718345642 0.0175277832895517
2451616.0526995216 0.9796146750450134 0.0174869187176227
2451616.1256150245 1.0211940407752993 0.0174705917015671
2451616.198530522 1.044523000717163 0.0174618735909461
2451616.272140448 1.0005449056625366 0.0173810683190822
2451616.3457503677 0.9980196356773376 0.0173146165907382
2451616.419360282 0.9807990193367004 0.0172419473528862
2451616.4929701905 0.980653703212738 0.0172166526317596
2451616.5665800935 1.0060222148895264 0.0172213595360517
2451616.6401899904 1.0443902015686035 0.0172373205423355
2451616.713105449 1.010779321193695 0.017194422893226098
2451616.7860209015 0.9974325299263 0.0171423684805631
2451616.8596307817 0.9817437529563904 0.0171103216707706
2451616.933240656 0.988769233226776 0.0171080324798822
2451617.0068505234 0.9947144389152528 0.0171160008758306
2451617.0853214143 1.0443162322044373 0.01712733134627335
2451617.1540702414 1.029954433441162 0.0170927196741104
2451617.2276800917 1.0064414739608765 0.017044648528099
2451617.3005955033 0.9893197119235992 0.01700868550688025
2451617.373510909 0.987326979637146 0.016986483708024
2451617.4471207405 0.9689731597900392 0.0169656630605459
2451617.5207305667 1.0483152866363523 0.0170274768024683
2451617.594340386 1.0297402143478391 0.0169877745211124
2451617.6679501995 0.9984559416770936 0.0169347804039716
2451617.741560006 0.9886147379875184 0.0169145390391349
2451617.8151698066 0.9873519539833068 0.0169056579470634
2451617.8880851697 0.9728202819824219 0.01689943578094235
2451617.9610005254 1.0482845306396484 0.0169626493006944
2451618.0346103073 1.0321360826492307 0.0169561300426721
2451618.1082200827 0.9990385770797728 0.0169057790189981
2451618.1818298516 0.9957705140113832 0.01691017113626
2451618.255439614 0.9820411205291748 0.0168928541243076
2451618.32904937 0.9616034626960752 0.0168781913816928
2451618.402659119 1.0423835515975952 0.0169611368328332
2451618.47557443 1.030675232410431 0.0169461006298661
2451618.5484897355 0.9891248941421508 0.0168993640691041
2451618.6220994648 0.9913395047187804 0.0169198382645845
2451618.6957091875 0.9843447804450988 0.0168991852551698
2451618.769318904 0.9605951905250548 0.0168680772185325
2451618.842928613 1.0413697957992551 0.0169542618095874
2451618.9165383163 1.0376632213592527 0.0169482212513685
2451618.989453581 0.991973042488098 0.0169062400236725
2451619.062368839 0.999796748161316 0.0169160068035125
2451619.135978521 0.9814329147338868 0.0168941505253314
2451619.2095881966 0.9648761749267578 0.0168981477618217
2451619.283197865 1.0414615869522097 0.0169543009251356
2451619.356807526 1.0391627550125122 0.0169459842145442
2451619.43041718 0.9907542467117308 0.0169029142707586
2451619.504026827 0.9988227486610411 0.0169131327420473
2451619.576942037 0.9824844300746918 0.01689005363732575
2451619.6498572393 0.9625663757324218 0.0168901644647121
2451619.723466865 1.0414299964904783 0.0169465132057666
2451619.7970764833 1.0480304956436155 0.0169514883309602
2451619.8706860947 0.9955474734306335 0.0169037990272045
2451619.9442956983 1.0026763677597044 0.0169067420065403
2451620.0179052944 0.9811660051345824 0.0168901607394218
2451620.091514883 0.9661909341812132 0.0168701894581317
2451620.160957885 1.03923499584198 0.0169417168945074
2451620.2387340385 1.043104648590088 0.0169545952230691
2451620.3109547445 0.993302881717682 0.0169020984321832
2451620.384564303 0.9966667890548706 0.0169075168669223
2451620.458173854 0.9759942889213562 0.01690031029284
2451620.5317833964 0.9749556779861448 0.0168901141732931
2451620.605392932 1.0344692468643188 0.0169338155537843
2451620.6790024587 1.0448890924453735 0.0169507581740617
2451620.751917548 1.0236722826957703 0.01693230215460055
2451620.8248326294 1.0138510465621948 0.0169222131371498
2451620.8984421324 0.9926489591598512 0.0168906711041927
2451620.9720516265 0.9984449744224548 0.0169122125953435
2451621.0456611128 1.0191723108291624 0.0169271789491176
2451621.11927059 1.0438438653945925 0.0169449411332607
2451621.1928800587 1.0011825561523435 0.0169166065752506
2451621.2664895193 0.991749942302704 0.0168914292007684
2451621.339404542 0.9862286448478699 0.016891507431864697
2451621.4123195554 0.9988847374916076 0.0169012490659952
2451621.4859289885 0.991773247718811 0.0169202834367752
2451621.5595384133 1.0421326160430908 0.0169395413249731
2451621.6331478283 1.0019880533218384 0.0169105753302574
2451621.7067572335 0.9943896532058716 0.0168929584324359
2451621.780366629 0.9857796430587769 0.0168914347887039
2451621.853976015 0.9976470470428466 0.0169017277657985
2451621.9268909628 0.9945256412029266 0.01690557505935425
2451621.9998059007 1.040592074394226 0.0169370397925376
2451622.0734152556 1.0092681646347044 0.0169126726686954
2451622.1470246003 0.991317868232727 0.0168952103704214
2451622.220633934 0.9879134893417358 0.0168925989419221
2451622.294243257 0.9963908791542052 0.0169019307941198
2451622.3678525677 0.963114023208618 0.0168874021619558
2451622.441461867 1.044239163398743 0.01695142313838
2451622.514376727 1.014212787151337 0.01692994125187395
2451622.587291575 0.9843522906303404 0.0168965347111225
2451622.660900837 0.986275613307953 0.0168921276926994
2451622.7345100855 0.9965108036994934 0.0169087909162044
2451622.8081193203 0.9697520136833192 0.0168810989707708
2451622.8817285406 1.0563095808029177 0.0169598665088415
2451622.9553377465 1.03227961063385 0.0169385317713022
2451623.0289469366 0.99429714679718 0.0168948024511337
2451623.1018616846 0.9925995469093323 0.0169001342728734
2451623.174776416 0.9917618632316588 0.0169059094041585
2451623.248385555 0.949828505516052 0.0168837402015924
2451623.3219946763 1.0382553339004517 0.0169482417404651
2451623.3962982027 1.0289469361305237 0.0169471381232142
2451623.4692128575 0.983725309371948 0.0169072542339563
2451623.5428219154 0.9834330677986144 0.0169104766100645
2451623.61643095 0.984485924243927 0.0169140826910734
2451623.689345535 0.9560017883777618 0.0168991116806864
2451623.7622600934 1.035801649093628 0.0169676877558231
2451623.835869048 1.027279257774353 0.0169715508818626
2451623.8844787176 0.9883465170860288 0.0169385802000761
2452308.267403154 0.9768829345703124 0.0117663890123367
2452308.313237854 0.9873999953269958 0.0116026140749454
2452308.386851158 1.0031819343566897 0.0113237267360091
2452308.4604644617 1.0052103996276855 0.0111462902277708
2452308.5340777645 1.002431035041809 0.0110432589426636
2452308.6069966005 1.011821210384369 0.0109735955484211
2452308.679915435 1.0100330114364624 0.0108985835686326
2452308.7535287333 0.9830367565155028 0.010711277835071
2452308.8271420286 0.9971953034400942 0.0105833765119314
2452308.900755322 1.0042873620986938 0.0105225071310997
2452308.9743686127 0.9999854564666748 0.0104500688612461
2452309.047981901 1.00866436958313 0.0104051865637302
2452309.120900721 1.0138631463050842 0.0103450096212327
2452309.193819538 0.9813673496246336 0.0102396421134471
2452309.267432817 0.996131718158722 0.0102280508726835
2452309.341046092 0.9995119571685792 0.010187211446464
2452309.414659364 0.9963684678077696 0.0101333120837807
2452309.488272632 1.0071187019348145 0.0101196262985467
2452309.561885896 1.0117878913879397 0.0101239364594221
2452309.635499157 0.9818421006202696 0.0100628770887851
2452309.7084179483 0.9958628714084625 0.0100702447816729
2452309.7813367364 1.0011056661605835 0.0100503740832209
2452309.8549499847 0.9975777864456176 0.0100209591910243
2452309.928563229 1.0047826766967771 0.010015926323831
2452310.0021764687 1.0139384269714355 0.0100156618282198
2452310.075789704 0.9769865870475768 0.0099362339824438
2452310.149402935 0.9977485537528992 0.0099415984004735
2452310.223016161 0.9993816018104552 0.0099306106567382
2452310.2959349183 0.9989475309848785 0.00991729507222765
2452310.3688536705 1.0061907768249512 0.0099090728908777
2452310.442466883 1.015060544013977 0.0099023096263408
2452310.5160800903 0.9791569113731384 0.0098400022834539
2452310.5896932925 0.9955632090568542 0.0098493164405226
2452310.6633064896 1.003374457359314 0.0098512861877679
2452310.736919682 0.9986990094184875 0.0098393121734261
2452310.8098384053 1.0033020973205566 0.009844078216701701
2452310.8827571236 1.0156439542770384 0.0098609831184148
2452310.956370301 0.9765037298202514 0.009810896590352
2452311.029983473 0.9945202469825744 0.0098314369097352
2452311.10359664 1.001030206680298 0.0098437005653977
2452311.177209801 1.0030473470687866 0.0098428158089518
2452311.250822957 1.0045034885406494 0.0098451953381299
2452311.324436108 1.0161263942718504 0.0098632546141743
2452311.39735479 0.9822959601879119 0.00981381908059115
2452311.4702734663 0.9932233691215516 0.009830817580223
2452311.5438866005 1.00400710105896 0.0098431566730141
2452311.6174997296 1.0010387897491455 0.0098391789942979
2452311.691112853 1.004827618598938 0.0098412279039621
2452311.764725971 1.0170670747756958 0.0098620317876338
2452311.838339083 0.9862239360809326 0.0098168142139911
2452311.9119521896 0.9896200299263 0.0098249521106481
2452311.9848708278 0.9995610415935516 0.00984277296811335
2452312.05778946 1.0020928382873535 0.00984304305166
2452312.1314025493 1.0006848573684692 0.009844216518104
2452312.2050156333 1.008755087852478 0.0098570520058274
2452312.2786287116 0.995300054550171 0.0098373582586646
2452312.352241784 0.994741141796112 0.0098304441198706
2452312.4258548506 0.9984943866729736 0.0098419515416026
2452312.499467911 1.0017669200897217 0.0098445676267147
2452312.572386503 1.003894865512848 0.009848557878285601
2452312.645305089 1.0093337297439575 0.0098548782989382
2452312.718918132 0.9931834936141968 0.0098332744091749
2452312.7925311695 0.9854785203933716 0.0098169054836034
2452312.8654497378 0.9989163279533386 0.00984371220692985
2452312.939757225 0.9998141527175904 0.0098432544618844
2452313.0085090073 0.9973101615905762 0.00983721576631065
2452313.086288795 1.0137707591056824 0.00985673023387785
2452313.1592073394 1.0077576637268066 0.0098511492833495
2452313.2328203404 0.984372615814209 0.0098148696124553
2452313.3064333354 1.0027006864547727 0.0098417196422815
2452313.380046324 0.9979462027549744 0.009835940785706
2452313.4536593063 0.9989015460014344 0.0098378146067261
2452313.5272722826 1.010316014289856 0.0098540661856532
2452313.600885253 1.0096979141235352 0.0098543604835867
2452313.673803755 0.9828512668609619 0.0098141613416373
2452313.7467222507 0.9981775879859924 0.0098376804962754
2452313.8203352024 0.9997866749763488 0.0098430328071117
2452313.8939481475 1.00009024143219 0.0098390085622668
2452313.967561086 1.0092780590057373 0.0098568517714738
2452314.0411740183 1.0131950378417969 0.0098566180095076
2452314.1147869444 0.9758139252662658 0.0098139392212033
2452314.1883998644 1.0004091262817385 0.0098419589921832
2452314.2613183158 1.0015578269958496 0.009841880295425601
2452314.3342367616 1.0000585317611694 0.0098385382443666
2452314.4078496625 1.0073589086532593 0.0098500801250338
2452314.4814625564 1.013835906982422 0.0098576778545975
2452314.5550754443 0.9814812541007996 0.0098138395696878
2452314.628688325 0.9984633922576904 0.0098354332149028
2452314.7023011995 1.002230167388916 0.0098415585234761
2452314.775914068 0.9982111454010008 0.0098342848941683
2452314.8488324685 1.0039016604423523 0.009848300833255
2452314.921750862 1.016202688217163 0.0098645389080047
2452314.99536371 0.9794718027114868 0.0098126223310828
2452315.0689765518 0.9990550279617308 0.009837538935244
2452315.142589386 0.9989719986915588 0.0098400050774216
2452315.216202214 0.999929428100586 0.0098396139219403
2452315.2898150356 1.0040568113327026 0.0098464228212833
2452315.36342785 1.0145790576934814 0.0098641160875558
2452315.4363461975 0.9834580421447752 0.0098141031339764
2452315.5092645376 0.9996660947799682 0.0098437629640102
2452315.582877332 1.0023077726364136 0.0098461136221885
2452315.6564901187 0.9977892041206362 0.0098380409181118
2452315.730102899 1.0069111585617063 0.0098540177568793
2452315.803715672 1.0147140026092527 0.0098664090037345
2452315.877328438 0.9770541191101072 0.0098112327978014
2452315.9502467373 0.9933663606643676 0.00983690377324815
2452316.023165029 1.000278115272522 0.0098493071272969
2452316.096777774 1.0011234283447263 0.009845532476902
2452316.1703905114 1.0017545223236084 0.0098468791693449
2452316.2440032414 1.013341784477234 0.0098648006096482
2452316.3176159644 0.986883521080017 0.0098242033272981
2452316.39122868 1.004026174545288 0.0098504936322569
2452316.464841388 1.0129828453063965 0.0098663615062832
2452316.5377596295 1.0037821531295776 0.00985338399186725
2452316.6106778635 1.00143301486969 0.0098477127030491
2452316.6842905493 1.0117280483245847 0.0098670646548271
2452316.757903227 0.9848996996879577 0.0098262252286076
2452316.831515897 0.991872012615204 0.0098328692838549
2452316.9051285596 1.0010441541671753 0.0098509024828672
2452316.9787412137 0.997066855430603 0.0098480060696601
2452317.0523538603 1.0015666484832764 0.0098535353317856
2452317.1252720393 1.0123640894889832 0.009871141053736151
2452317.198190211 0.9993038177490232 0.0098437657579779
2452317.2718028324 0.9874191880226136 0.0098288785666227
2452317.345415445 0.9951215982437132 0.0098453136160969
2452317.41902805 1.00067937374115 0.009850931353867
2452317.4926406452 1.0014915466308592 0.009853882715106
2452317.5662532323 1.0136642456054688 0.0098742675036191
2452317.63986581 0.999253809452057 0.0098494766280055
2452317.7127839206 0.9841214120388031 0.00982950674369925
2452317.7857020213 1.0000025033950803 0.0098483869805932
2452317.8593145707 1.00125515460968 0.0098534151911735
2452317.9329271098 1.0012415647506712 0.0098539143800735
2452318.006539639 1.011943221092224 0.0098678907379508
2452318.0801521577 1.0023831129074097 0.0098568955436348
2452318.153764665 0.9892895817756652 0.0098365377634763
2452318.226682704 0.9974414110183716 0.0098511516116559
2452318.2996007316 0.9999426007270814 0.0098546743392944
2452318.3732132046 0.9989631772041322 0.0098571451380848
2452318.446825664 1.007685899734497 0.009866889566183
2452318.520438111 1.0050306320190427 0.0098610064014792
2452318.594050544 0.982012629508972 0.0098311584442853
2452318.6676629623 0.9971607923507688 0.0098548913374543
2452318.7412753655 0.9995352625846864 0.0098573938012123
2452318.813498839 0.9998328685760498 0.0098527111113071
2452318.8871112084 1.0054415464401243 0.0098633337765932
2452318.9607235594 1.00669527053833 0.0098679214715957
2452319.0162800374 0.9814823269844056 0.0098192142322659
2452321.5371470265 1.0063878297805786 0.0118435202166438
2452321.605203484 1.0092866420745847 0.0117759238928556
2452321.678121117 0.993009477853775 0.011581313796341398
2452321.7510387483 0.9934061169624328 0.0113978935405612
2452321.824650832 1.0023266077041624 0.0112978918477892
2452321.898262914 1.00126850605011 0.0112175727263093
2452321.9718749938 1.0010257959365845 0.0111054638400673
2452322.045487071 1.0108243227005005 0.0109784295782446
2452322.119099146 0.9987719655036926 0.0108086178079247
2452322.1927112183 0.9912231564521788 0.010684891603887
2452322.265628834 0.9993503391742706 0.0105939097702503
2452322.3385464465 0.9991371035575866 0.0104614356532692
2452322.4121585093 0.9982231259346008 0.0103490175679326
2452322.4857705683 1.010136604309082 0.0103135304525494
2452322.559382624 0.9989821910858152 0.0102992607280612
2452322.6329946755 0.9817895889282224 0.0102915856987237
2452322.706606724 0.9986428618431092 0.0102801667526364
2452322.780218768 0.9965881109237672 0.0102398293092846
2452322.853136355 0.99555304646492 0.01021989993751045
2452322.9260539375 1.0072412490844729 0.0102284112945199
2452322.999665969 1.0070652961730957 0.0102111333981156
2452323.0732779964 0.9925413131713868 0.0101558500900864
2452323.146890019 0.9993184208869934 0.0101380767300724
2452323.220502037 0.9997151494026184 0.0101122511550784
2452323.2941140505 0.9993752241134644 0.0100826788693666
2452323.367031606 1.0068325996398924 0.01005415152758355
2452323.439949157 1.013861298561096 0.010025130584836
2452323.5135611556 0.9853834509849548 0.009970337152481
2452323.58717315 1.0025950670242307 0.0099945235997438
2452323.660785139 1.0000730752944946 0.0099898567423224
2452323.734397123 0.9941399097442628 0.0099705979228019
2452323.808009102 1.0069457292556765 0.0099612157791852
2452323.8816210753 1.006126880645752 0.0099529130384325
2452323.954538591 0.9798315465450286 0.009896236937493051
2452324.027456102 0.9972171783447265 0.0099045829847455
2452324.10106806 0.9974067807197572 0.0098891081288456
2452324.1746800127 0.9971036314964294 0.0098739247769117
2452324.2482919595 1.0049091577529907 0.0098737245425581
2452324.321903901 1.0072126388549805 0.0098724905401468
2452324.3955158372 0.9839555621147156 0.0098376469686627
2452324.4698222196 0.9953532814979553 0.00984935229644175
2452324.5420452403 0.9993084371089934 0.00985628133639685
2452324.6149627077 0.9966411590576172 0.0098508698865771
2452324.6885746215 1.00434672832489 0.0098678935319185
2452324.7621865296 1.007954716682434 0.0098721785470843
2452324.835798432 0.9910666346549988 0.00984797347337
2452324.9094103286 1.0003234148025513 0.0098556680604815
2452324.9830222195 1.0171632766723633 0.0098872315138578
2452325.056634105 1.005310297012329 0.0098712090402841
2452325.129551532 1.0043021440505981 0.00986576685681935
2452325.202468954 1.007834792137146 0.0098724504932761
2452325.2760808216 0.989862322807312 0.0098460186272859
2452325.349692683 0.991888165473938 0.0098472544923424
2452325.4233045382 0.9976523518562316 0.0098608518019318
2452325.4969163877 0.9993802309036256 0.0098594408482313
2452325.5705282316 1.0030494928359983 0.0098673291504383
2452325.644140069 1.0104515552520752 0.0098830759525299
2452325.7170574493 0.9974088668823242 0.00986105622723695
2452325.7906692745 0.9927772879600524 0.009854351170361
2452325.8635866432 0.9995747208595276 0.0098676774650812
2452325.9371984564 0.9946800470352172 0.0098607391119003
2452326.010810264 1.0002326965332031 0.0098633887246251
2452326.084422065 1.008588433265686 0.0098793664947152
2452326.1580338595 0.9968101978302002 0.0098599921911954
2452326.2309511974 0.9928871989250183 0.009860560763627249
2452326.308729684 1.0024677515029907 0.009874852374196
2452326.377480305 0.9997223019599912 0.0098679037764668
2452326.451092075 1.001488208770752 0.0098742432892322
2452326.524703839 1.0113438367843628 0.0098851704970002
2452326.598315596 0.9992229342460632 0.0098702190443873
2452326.6719273473 0.988792598247528 0.0098598878830671
2452326.745539092 1.0004554986953735 0.0098691899329423
2452326.8184563797 0.9963306486606598 0.0098698618821799
2452326.891373662 1.0005297660827637 0.0098773827776312
2452326.9649853874 1.0086922645568848 0.0098862461745738
2452327.038597107 1.003713011741638 0.009874059818685
2452327.1122088195 0.9875761270523072 0.0098557202145457
2452327.185820526 1.0000615119934082 0.009875132702291
2452327.2594322255 0.999609649181366 0.0098751429468393
2452327.333043919 0.9972466230392456 0.0098740244284272
2452327.405961156 1.0077422857284546 0.009888416621834
2452327.4788783863 1.001332402229309 0.0098811136558651
2452327.55249006 0.9863332509994506 0.0098562017083168
2452327.6261017276 0.9974055886268616 0.0098730353638529
2452327.6997133885 1.003468036651611 0.0098823960870504
2452327.7733250423 1.0015910863876345 0.0098820552229881
2452327.84693669 1.007736563682556 0.0098895411938428
2452327.9205483305 1.0076725482940672 0.0098925707861781
2452327.993465516 0.9858323335647582 0.00986024923622605
2452328.0663826936 0.9975098371505736 0.0098775764927268
2452328.1399943144 1.0014469623565672 0.0098832761868834
2452328.2136059287 0.99758905172348 0.0098829921334981
2452328.2872175355 1.0056536197662351 0.0098950248211622
2452328.360829136 1.0085494518280027 0.0099002374336123
2452328.4344407297 0.9881762266159057 0.0098655791953206
2452328.5080523165 0.999303102493286 0.0098849833011627
2452328.580969448 1.001680850982666 0.0098872715607285
2452328.6538865725 0.99613881111145 0.0098831318318843
2452328.727498139 1.0063518285751345 0.0099003929644823
2452328.801109698 1.0082130432128906 0.0099018309265375
2452328.8747212505 0.9842565655708314 0.0098654236644506
2452328.948332796 0.9993169903755188 0.0098873451352119
2452329.0219443343 1.0040589570999143 0.0098915975540876
2452329.095555865 0.9971917271614074 0.0098851853981614
2452329.168472941 1.003671109676361 0.009894668124616101
2452329.24139001 1.009693622589111 0.0099036432802677
2452329.31500152 0.9872014522552488 0.0098724039271473
2452329.388613023 0.9954838752746582 0.0098882792517542
2452329.4622245184 0.9989367127418518 0.0098903775215148
2452329.5358360065 1.0008598566055296 0.0098933335393667
2452329.6094474876 1.0025759935379028 0.0098991291597485
2452329.682364513 1.0119434595108032 0.009909307118505201
2452329.7552815317 0.9832436442375184 0.0098733687773346
2452329.8288929905 0.9943610429763794 0.0098851891234517
2452329.902504442 0.9981359243392944 0.0098893018439412
2452329.9761158857 0.9954251646995544 0.009887283667922
2452330.049727321 1.003414511680603 0.0098976213485002
2452330.123338749 1.0092928409576416 0.009909932501614
2452330.1969501697 0.987930953502655 0.0098772505298256
2452330.269867135 0.9910051524639127 0.0098839132115244
2452330.3427840923 0.99910706281662 0.0098955491557717
2452330.416395489 0.9937366843223572 0.009889337234199
2452330.4900068776 1.0050169229507446 0.0099015887826681
2452330.563618258 1.0098421573638916 0.0099110286682844
2452330.6372296303 1.0058603286743164 0.0099065313115715
2452330.7108409936 0.9943777322769164 0.0098877567797899
2452330.7844523485 0.999543845653534 0.0098976278677582
2452330.857369248 0.9983280599117278 0.0098947398364543
2452330.930286139 1.002034306526184 0.0099019454792141
2452331.0038974667 1.0089579820632937 0.0099149774760007
2452331.0775087858 1.0118436813354492 0.009920778684318
2452331.151120095 0.9904999136924744 0.0098930224776268
2452331.2247313955 0.996563971042633 0.0099017638713121
2452331.298342685 1.001144289970398 0.0099105229601264
2452331.371953965 1.002904176712036 0.0099167618900537
2452331.4448707886 1.0117777585983276 0.00992691610008475
2452331.517787602 1.0114802122116089 0.0099288495257496
2452331.591398849 0.9882976412773132 0.0098991738632321
2452331.6650100853 0.997940182685852 0.0099135246127843
2452331.7386213094 0.996871054172516 0.0099186161532998
2452331.812232521 0.9993028044700624 0.0099267456680536
2452331.885843719 1.0062624216079712 0.0099390428513288
2452331.9594549034 1.0134036540985107 0.0099513307213783
2452332.0323716286 0.9897914230823517 0.009922270663082551
2452332.105288339 0.9956468939781188 0.0099452268332242
2452332.1788994772 0.9981281161308287 0.0099492194131016
2452332.252510599 0.9993555545806884 0.0099539058282971
2452332.3261217014 1.0078004598617551 0.009978418238461
2452332.398343896 1.0109305381774902 0.009998301975429
2452332.4733438455 0.9875518083572388 0.0099735353142023
2452332.5476493277 1.0018815994262695 0.01000706944614645
