2451491.6754268296 1.0092036724090576 0.0001465813838876
2451491.7518188097 1.0081058740615845 0.0001464293018216
2451491.8282107874 1.006824254989624 0.0001462988293496
2451491.9046027614 1.0055072307586668 0.0001461793435737
2451491.9809947284 1.0041439533233645 0.0001460641651647
2451492.057386689 1.002963900566101 0.000145977770444
2451492.13377864 1.0014904737472534 0.0001458837941754
2451492.210170582 1.00024151802063 0.0001457975886296
2451492.2865625136 0.9992927908897402 0.000145732119563
2451492.3622599626 0.9986856579780576 0.0001456938698538
2451492.437957401 0.9983094930648804 0.0001456544414395
2451492.5143492995 0.9936978816986084 0.0001453548902645
2451492.590741187 0.9769606590270996 0.0001441158092347
2451492.6671330617 0.978243052959442 0.0001442392531316
2451492.743524925 0.9960644841194154 0.0001455191522836
2451492.8199167755 0.9982010126113892 0.0001456582540413
2451492.896308614 0.9987419843673706 0.0001457040780223
2451492.97270044 0.9994019269943236 0.0001457555190427
2451493.0483977823 1.0001779198646545 0.00014579697017319998
2451493.124095112 1.0008488893508911 0.0001458495971746
2451493.2004869003 1.0016014575958252 0.0001459223567508
2451493.2768786764 1.0025142431259155 0.0001459954801248
2451493.353270439 1.0031824111938477 0.0001460371131543
2451493.4296621894 1.0038505792617796 0.0001460797793697
2451493.5060539264 1.0045318603515625 0.000146125734318
2451493.582445651 1.0049046277999876 0.0001461578649468
2451493.658837363 1.0052206516265867 0.0001461828651372
2451493.735229062 1.0056136846542358 0.0001462133805034
2451493.8109262786 1.005679965019226 0.00014621606533179999
2451493.886623482 1.0056018829345703 0.0001462076324969
2451493.9630151438 1.005167841911316 0.0001461771607864
2451494.039406792 1.0048000812530515 0.0001461504289181
2451494.115798427 1.0042037963867188 0.0001461063657188
2451494.1921900497 1.0034384727478027 0.0001460595813114
2451494.2685816595 1.0025241374969482 0.0001459993072785
2451494.3449732573 1.0015439987182615 0.0001459304039599
2451494.4213648415 1.000488519668579 0.0001458509359508
2451494.4970619446 0.9995932281017303 0.00014579356502505
2451494.572759035 0.9986745119094848 0.0001457213365938
2451494.6491505816 0.9978674054145812 0.0001456647441955
2451494.725542116 0.997219145298004 0.0001456207246519
2451494.7963778907 0.9968640208244324 0.0001455831661587
2451494.878325146 0.986312747001648 0.0001448229886591
2451494.954716642 0.95937180519104 0.0001428824325557
2451495.031108125 0.9665522575378418 0.0001434064470231
2451495.1074995957 0.9961594939231871 0.0001455354795325
2451495.1831965856 0.9974958598613739 0.0001456300888094
2451495.258893564 0.9982576370239258 0.0001456871250411
2451495.335284997 0.9994798302650452 0.0001457730249967
2451495.411676417 1.000632405281067 0.0001458449405618
2451495.4880678244 1.0019142627716064 0.0001459427585359
2451495.5644592196 1.0032360553741455 0.0001460345956729
2451495.6408506017 1.0046963691711424 0.0001461365609429
2451495.7172419713 1.005958914756775 0.0001462209911551
2451495.7936333288 1.0070974826812744 0.0001463093212805
2451495.8700246727 1.0078777074813845 0.0001463768567191
2451495.9457215383 1.0083229541778564 0.00014639284199799999
2451496.021418391 1.0085572004318235 0.0001464190281694
2451496.0978096975 1.008524775505066 0.0001464128290535
2451496.1742009916 1.008096694946289 0.0001463802327634
2451496.250592273 1.0073808431625366 0.0001463276275899
2451496.3269835413 1.0063022375106812 0.0001462559885112
2451496.403374797 1.0051479339599607 0.0001461741921957
2451496.4797660406 1.004059672355652 0.0001460887870052
2451496.556157271 1.0026772022247314 0.0001459958875784
2451496.631854024 1.0014418363571167 0.0001459104896639
2451496.707550763 1.000293850898743 0.0001458337210351
2451496.783941956 0.999316394329071 0.0001457569742342
2451496.85963867 0.998558759689331 0.00014570353960145
2451496.936724302 0.9977459311485288 0.0001456470927223
2451497.0131154563 0.9963611364364624 0.0001455470337532
2451497.0895065977 0.9787043929100036 0.0001443045184714
2451497.1658977265 0.975845456123352 0.0001440754567738
2451497.242288842 0.9921136498451234 0.0001452512369723
2451497.3179854807 0.997483640909195 0.00014564006414725
2451497.393682106 0.99802166223526 0.0001456778118154
2451497.470073183 0.9987050294876098 0.0001457292382838
2451497.5464642476 0.9992904067039488 0.0001457712787669
2451497.6228552987 0.9999911189079284 0.0001458231126889
2451497.6992463376 1.0009835958480835 0.000145889178384
2451497.7756373626 1.0019121170043943 0.0001459574850741
2451497.852028375 1.0026863813400269 0.0001460143685108
2451497.928419374 1.0034408569335938 0.0001460591447539
2451498.0048103603 1.0040310621261597 0.000146099293488
2451498.0805068696 1.0046441555023193 0.00014614496467395
2451498.1562033664 1.005068063735962 0.0001461706997361
2451498.2325943136 1.0053821802139282 0.0001461901265429
2451498.308985247 1.005505919456482 0.0001462010695831
2451498.3853761675 1.005332589149475 0.000146186852362
2451498.461767074 1.0051735639572144 0.0001461733045289
2451498.5381579674 1.0047460794448853 0.0001461417559767
2451498.614548848 1.004383563995361 0.0001461094361729
2451498.6909397147 1.0035450458526611 0.0001460669591324
2451498.7666361057 1.0026687979698181 0.00014600125723515
2451498.8423324833 1.001599669456482 0.0001459250779589
2451498.9187233094 1.0006474256515503 0.0001458572805859
2451498.995114122 0.9998369216918944 0.0001457783218938
2451499.071504921 0.9987753033638 0.0001457185280742
2451499.147895706 0.997939646244049 0.0001456657628295
2451499.224286477 0.9972391724586488 0.000145616082591
2451499.300677235 0.9967853426933287 0.0001455737365176
2451499.377067978 0.9924813508987426 0.0001452799333492
2451499.4534587073 0.962973952293396 0.0001431457931175
2451499.529154962 0.9620312750339508 0.0001430707197869
2451499.604851202 0.9908698797225952 0.0001451303542125
2451499.681241889 0.997377812862396 0.0001456241152482
2451499.7576325615 0.9982857108116148 0.0001456848403904
2451499.83402322 0.9992972016334531 0.0001457553589716
2451499.9104138636 1.0003706216812132 0.0001458376646041
2451499.986804493 1.0016977787017822 0.0001459362392779
2451500.063195107 1.002982258796692 0.0001460358471376
2451500.139585707 1.004482626914978 0.0001461430947529
2451500.2152818316 1.0057994723320005 0.00014623210154235
2451500.2909779414 1.007049798965454 0.0001463197550037
2451500.3673684965 1.008044958114624 0.000146389240399
2451500.443759036 1.0085048675537107 0.0001464243687223
2451500.52014956 1.008683681488037 0.0001464429078623
2451500.5965400687 1.0087045431137085 0.0001464442466385
2451500.6729305615 1.008267521858215 0.0001464096712879
2451500.7493210384 1.0075960159301756 0.0001463693624828
2451500.8257114994 1.00668203830719 0.0001463072985643
2451500.901407486 1.0054527521133423 0.00014621680747945001
2451500.9771034564 1.0042635202407837 0.0001461313659092
2451501.0534938686 1.0031539797782898 0.0001460460625821
2451501.1298842644 1.0018073320388792 0.0001459588092984
2451501.2062746435 1.000709056854248 0.0001458753104088
2451501.282665005 0.9995771050453186 0.0001457929902244
2451501.359055349 0.9986757040023804 0.0001457339531043
2451501.4354456766 0.9980916976928712 0.0001456986792618
2451501.5118359854 0.9974145889282224 0.0001456371246604
2451501.5882262764 0.9820333123207092 0.0001445425878046
2451501.663922092 0.9752764105796814 0.00014405956608234998
2451501.7396178893 0.9874934554100036 0.0001449325063731
2451501.816008124 0.9976714849472044 0.0001456585596315
2451501.89239834 0.9981803894042968 0.0001456942263757
2451501.968788536 0.9985810518264768 0.0001457277976442
2451502.045178712 0.9993687868118286 0.0001457837061025
2451502.1215688675 1.0000839233398435 0.0001458366314182
2451502.1979590016 1.0008854866027832 0.0001458948827348
2451502.2743491153 1.0019105672836304 0.0001459589693695
2451502.3500447506 1.0026519298553467 0.00014601423026755
2451502.4257403654 1.003493309020996 0.00014608145284
2451502.5021304116 1.0042181015014648 0.0001461287902202
2451502.578520434 1.0048098564147947 0.0001461719657527
2451502.6549104336 1.005098819732666 0.0001462028594687
2451502.7313004076 1.0052685737609863 0.0001462168293073
2451502.8076903573 1.0054490566253662 0.0001462323562009
2451502.8840802805 1.0053608417510986 0.0001462386571802
2451502.960470179 1.0051983594894407 0.0001462366053601
2451503.0208876254 1.0049486756324768 0.00014622232265535
2451504.730635779 1.0070849061012268 0.00014664002083005
2451504.789664762 1.0078624486923216 0.0001466318790335
2451504.8660552087 1.0084116458892822 0.0001466065295971
2451504.9424456526 1.0089435577392578 0.0001465649111196
2451505.0188360903 1.0089857578277588 0.0001465195527998
2451505.0952265216 1.0089253187179563 0.000146488790051
2451505.1716169445 1.008474588394165 0.0001464586675865
2451505.2473128997 1.007882833480835 0.00014641469897465
2451505.323008845 1.0068323612213137 0.0001463512744521
2451505.399399238 1.0057947635650637 0.0001462734508095
2451505.4757896205 1.0046685934066772 0.0001462045765947
2451505.552179991 1.003322958946228 0.0001461088395444
2451505.62857035 1.002119779586792 0.0001460242201574
2451505.704960696 1.0008325576782229 0.0001459359482396
2451505.7813510303 0.9998369812965392 0.0001458603364881
2451505.857741352 0.9989749193191528 0.0001457977195968
2451505.934131661 0.9984015822410583 0.0001457521575503
2451506.0098275 0.9975253939628602 0.00014569109771395
2451506.0855233264 0.9862418174743652 0.0001448583789169
2451506.1619135975 0.9749830365180968 0.0001440698542864
2451506.238303855 0.9832322001457214 0.0001446858368581
2451506.3146940996 0.997222065925598 0.0001456649333704
2451506.391084331 0.9975675344467164 0.0001456935569876
2451506.467474549 0.998149335384369 0.0001457276375731
2451506.5438647545 0.9988176822662352 0.0001457864855183
2451506.6202549464 0.9995233416557312 0.0001458328479202
2451506.6959506692 1.000364363193512 0.00014589088823410001
2451506.7716463786 1.0010906457901 0.0001459407649235
2451506.8480365314 1.001943826675415 0.0001460107887396
2451506.9244266707 1.0028387308120728 0.000146067541209
2451507.000816797 1.0035860538482666 0.0001461250358261
2451507.07720691 1.0041018724441528 0.0001461622887291
2451507.1535970094 1.004649996757507 0.000146196456626
2451507.2299870965 1.0049917697906494 0.0001462264190195
2451507.3063771697 1.0051358938217163 0.0001462286745663
2451507.3820727747 1.0052739977836609 0.0001462114742025
2451507.4577683667 1.0050852298736572 0.0001461839565308
2451507.5341584007 1.00484561920166 0.000146164020407
2451507.6105484217 1.0042080879211424 0.0001461170177208
2451507.6869384297 1.0035890340805051 0.0001460759376641
2451507.763328424 1.0026736259460447 0.0001460166095057
2451507.8348572254 1.0019171833992004 0.00014595454558725
2451507.916108374 1.0007307529449463 0.0001459026825614
2451507.9924983294 0.9996497631072998 0.0001458238257328
2451508.068888271 0.9988126754760742 0.0001457706384826
2451508.144583747 0.9978649318218231 0.0001457013495382
2451508.2202792084 0.9969933032989502 0.0001456378959119
2451508.296669112 0.9964417219161988 0.000145587400766
2451508.3730590018 0.99582439661026 0.0001455520250601
2451508.4494488784 0.9738878011703492 0.0001440057530999
2451508.525838742 0.958301782608032 0.0001428395044058
2451508.6022285926 0.9765926003456116 0.0001441734930267
2451508.67861843 0.9965404868125916 0.0001455852907383
2451508.7550082547 0.9974251985549928 0.0001456358295399
2451508.8307036133 0.9983516037464142 0.00014572114014295
2451508.906398959 0.9995769858360288 0.0001457890903111
2451508.9827887444 1.0007840394973757 0.0001458873884985
2451509.0591785167 1.0023419857025146 0.0001459896593587
2451509.1355682756 1.00360369682312 0.0001460955536458
2451509.2119580223 1.004840612411499 0.0001461806969018
2451509.288347755 1.0061389207839964 0.0001462647342123
2451509.3647374753 1.0070555210113523 0.0001463390799472
2451509.4411271815 1.0078836679458618 0.0001463996741222
2451509.5175168756 1.0083787441253662 0.0001464428059989
2451509.5932121044 1.0085022449493408 0.00014645289047615
2451509.66890732 1.00833261013031 0.0001464337547076
2451509.745296975 1.0079660415649414 0.0001464124215999
2451509.821686616 1.0071817636489868 0.000146349571878
2451509.8980762446 1.006328582763672 0.0001462808431824
2451509.974465859 1.0050423145294187 0.0001461742649553
2451510.0508554615 1.0039489269256592 0.0001460938219679
2451510.12724505 1.0027192831039429 0.0001459995983168
2451510.203634625 1.0015962123870847 0.0001459209015592
2451510.2793297367 1.0006442666053772 0.00014584202290274999
2451510.355024835 0.999629497528076 0.000145772966789
2451510.4314143714 0.9990347027778624 0.0001457320759072
2451510.5078038936 0.998225688934326 0.0001456793397665
2451510.584193403 0.9917096495628356 0.0001452063006581
2451510.6605828987 0.9760807752609252 0.0001441013882867
2451510.736972381 0.9804220795631408 0.0001443989021936
2451510.81336185 0.9976729154586792 0.0001456356549169
2451510.889751306 0.9984219074249268 0.000145701225847
2451510.9612796023 0.9991148114204407 0.0001457412436138
2451511.041835727 0.9997364282608032 0.0001457900652894
2451511.1175306938 1.0005220174789429 0.0001458513434045
2451511.193920096 1.00127911567688 0.000145901372889
2451511.270309484 1.0021876096725464 0.0001459616905776
2451511.3466988592 1.0029966831207275 0.0001460337662138
2451511.42308822 1.0038973093032837 0.0001460976636735
2451511.4994775676 1.0045387744903564 0.0001461497013224
2451511.5758669013 1.0052993297576904 0.0001461941574234
2451511.6522562215 1.0056992769241333 0.0001462179061491
2451511.7279510796 1.0062867403030396 0.00014621977607015
2451511.8036459237 1.0064754486083984 0.0001462425425415
2451511.8800352025 1.0063337087631223 0.0001462442451156
2451511.9564244673 1.0062099695205688 0.0001462428335798
2451512.0328137185 1.0057202577590942 0.0001462080690544
2451512.109202955 1.0050418376922607 0.0001461661886423
2451512.185592178 1.0043151378631592 0.00014612848463
2451512.261981386 1.0034594535827637 0.0001460574858356
2451512.33837058 1.0025675296783447 0.0001460040803067
2451512.4147597607 1.0016078948974607 0.000145928497659
2451512.490454479 1.0003679990768433 0.00014584915334120001
2451512.566149184 0.999604284763336 0.0001457851758459
2451512.6425383207 0.9986478686332704 0.000145712197991
2451512.7189274435 0.9978564977645874 0.0001456478930776
2451512.7953165513 0.9971715807914732 0.0001455966121284
2451512.8717056443 0.9966169595718384 0.0001455639576306
2451512.948094723 0.9820733666419984 0.0001445039233658
2451513.024483786 0.9584792852401732 0.0001427787210559
2451513.1008728347 0.9705965518951416 0.000143677345477
2451513.176567422 0.9963369667530058 0.00014553215441984998
2451513.252261995 0.9974632263183592 0.0001455927995266
2451513.328650998 0.9985047578811644 0.0001456693134969
2451513.405039985 0.9992018342018129 0.0001457132602808
2451513.480734512 1.0005677938461304 0.0001458106344216
2451513.557817914 1.0021371841430664 0.0001459188497392
2451513.6342068547 1.0033881664276123 0.0001460254570702
2451513.710595779 1.0048804283142088 0.0001461337524233
2451513.786984688 1.0061030387878416 0.0001462238433305
2451513.8633735804 1.0071296691894531 0.0001462963555241
2451513.939068012 1.0078294277191162 0.0001463492590119
2451514.0147624277 1.008389592170715 0.0001463804219383
2451514.086290163 1.0085594058036804 0.00014639268920285
2451514.167540096 1.0083869695663452 0.0001463886001147
2451514.243928905 1.0079281330108645 0.0001463601656723
2451514.320317697 1.007290601730347 0.0001462984509998
2451514.3967064703 1.0061709880828855 0.0001462212239857
2451514.473095226 1.0050423145294187 0.0001461272477172
2451514.5494839647 1.0039613246917725 0.0001460570929339
2451514.625178241 1.0028273463249207 0.00014596455730495002
2451514.7008724995 1.0017262697219849 0.000145897603943
2451514.7772611817 1.0006181001663208 0.0001458177284803
2451514.853649845 0.9996142387390136 0.0001457585167372
2451514.9300384885 0.9989451169967652 0.0001457164180465
2451515.0064271116 0.9984024167060852 0.0001456758327549
2451515.0828157146 0.9956343173980714 0.0001454677258152
2451515.159204297 0.9776836633682252 0.0001441895146854
2451515.235592858 0.977649450302124 0.0001441904605599
2451515.3119813967 0.9951494932174682 0.0001454637240385
2451515.3876754725 0.9986603260040283 0.0001456832105759
2451515.4633695264 0.99905389547348 0.0001457109756302
2451515.539063557 0.999828666448593 0.0001457682883483
2451515.6161464453 1.000299334526062 0.0001458037877455
2451515.6925348677 1.0011510848999023 0.0001458570477552
2451515.768923266 1.002127170562744 0.0001459152263123
2451515.8453116375 1.0028916597366333 0.0001459753111703
2451515.921699983 1.003857135772705 0.0001460632338421
2451515.9980883026 1.00443434715271 0.000146116813994
2451516.064060011 1.0052835941314697 0.0001461754145566
2452229.102399846 1.0013968348503113 0.00014379040658235
2452229.1767075923 1.002204179763794 0.0001433519646525
2452229.2530987374 1.0032800436019895 0.000143236698932
2452229.329489883 1.0041046142578125 0.0001432815915904
2452229.405186561 1.0049580335617065 0.00014333940634964998
2452229.480883235 1.0056411027908323 0.0001433819998055
2452229.5572743677 1.0059702396392822 0.0001434096338925
2452229.6336654928 1.0062341690063477 0.0001434229925507
2452229.7100566095 1.0063607692718504 0.0001434251462342
2452229.786447716 1.0062801837921145 0.0001434232108294
2452229.8628388126 1.0061450004577637 0.0001434115110896
2452229.9392298986 1.005763292312622 0.0001433809957234
2452230.0156209734 1.0050934553146362 0.0001433324650861
2452230.0920120375 1.004223585128784 0.0001432791032129
2452230.168403089 1.0033687353134155 0.0001432165881851
2452230.2434052015 1.0024584531784055 0.000143150697113
2452230.3197962297 1.001388669013977 0.0001430697011528
2452230.3961872454 1.0002682209014893 0.0001429934927728
2452230.4725782494 0.999224543571472 0.0001429142721462
2452230.5489692404 0.9981417655944824 0.00014284736244
2452230.6253602193 0.9971536993980408 0.000142780758324
2452230.7017511856 0.9962742924690248 0.0001427186507498
2452230.778142139 0.9905149340629577 0.0001423087669536
2452230.8538386165 0.9616855382919312 0.00014027040015205001
2452230.929535082 0.9613692760467528 0.0001402525667799
2452231.0059259976 0.9900981187820432 0.0001422842760803
2452231.0823169 0.9955852627754213 0.0001426630915375
2452231.1587077905 0.996442973613739 0.0001427256938768
2452231.235098668 0.997583270072937 0.00014280033065
2452231.3114895327 0.9987444877624512 0.0001428849354851
2452231.3878803845 1.000033259391785 0.0001429703406756
2452231.4642712236 1.0013984441757202 0.0001430708798579
2452231.54066205 1.002697229385376 0.0001431554846931
2452231.6163584017 1.0039812326431274 0.00014324897347245
2452231.6920547406 1.0050801038742063 0.0001433275756426
2452231.768445529 1.006197452545166 0.0001433983270544
2452231.8448363044 1.006852149963379 0.0001434468140359
2452231.9212270672 1.0074145793914795 0.0001434846490155
2452231.9976178175 1.0074121952056885 0.0001434880832675
2452232.0740085547 1.0072559118270874 0.000143473749631
2452232.1503992793 1.006757736206055 0.0001434431469533
2452232.2267899914 1.006011724472046 0.0001433890720363
2452232.3024862297 1.00513756275177 0.00014332931459645
2452232.378182456 1.0042064189910889 0.0001432632270734
2452232.45457313 1.0030399560928345 0.0001431825221516
2452232.530963791 1.0020637512207031 0.0001431144191883
2452232.60735444 1.0012134313583374 0.0001430566480848
2452232.6837450755 1.0001959800720217 0.0001429879339411
2452232.7601356986 0.9995507001876832 0.0001429413969162
2452232.8365263096 0.998724102973938 0.0001428833347745
2452232.9129169076 0.9981244206428528 0.000142842560308
2452232.9886130327 0.9823522269725797 0.00014173200906945
2452233.0643091463 0.9755432605743408 0.00014124783047
2452233.140699706 0.9893544316291808 0.0001422138884663
2452233.2170902537 0.9981873631477358 0.0001428420946467
2452233.293480789 0.9986911416053774 0.0001428833784302
2452233.369871311 0.9991559386253358 0.0001429105032002
2452233.44626182 0.9998180270195008 0.0001429578114766
2452233.5226523173 1.00062894821167 0.0001430146076017
2452233.599042801 1.0015367269515991 0.0001430802803952
2452233.6754332725 1.002415657043457 0.0001431376003893
2452233.7511292733 1.0032718181610107 0.0001431950659025
2452233.8268252607 1.004130244255066 0.0001432538847438
2452233.9032156947 1.0045868158340454 0.0001432831340935
2452233.9796061153 1.0054529905319212 0.0001433437864761
2452234.0559965237 1.0060434341430664 0.0001433843863196
2452234.132386919 1.0065771341323853 0.0001434207952115
2452234.208777302 1.0069007873535156 0.0001434468431398
2452234.2851676717 1.006960153579712 0.0001434463629266
2452234.3615580294 1.006791353225708 0.0001434348960174
2452234.4372539166 1.006495177745819 0.00014341263158705
2452234.5129497903 1.0057244300842283 0.0001433611614629
2452234.5893401103 1.0050380229949951 0.0001433105207979
2452234.6657304163 1.0043280124664309 0.000143257813761
2452234.7421207097 1.0033977031707764 0.0001431976852472
2452234.82337219 1.0023689270019531 0.00014312889834395003
2452234.894901259 1.001360774040222 0.0001430653501302
2452234.971291514 1.0003467798233032 0.0001429938711225
2452235.0476817563 0.9995205998420716 0.00014293869026
2452235.1240719855 0.998504638671875 0.0001428695977665
2452235.1997677456 0.9975527822971342 0.00014280484174375002
2452235.2754634926 0.9966747760772704 0.0001427450479241
2452235.351853683 0.9682050943374632 0.0001407344243489
2452235.428243861 0.9592001438140868 0.0001400895271217
2452235.5046340255 0.985006034374237 0.0001419203617842
2452235.581024177 0.9966889023780824 0.0001427432871423
2452235.6574143157 0.9971908926963806 0.0001427784591214
2452235.733804441 0.9979816675186156 0.0001428378600394
2452235.810194553 0.9988961219787597 0.0001429004623787
2452235.885890197 0.9998985826969147 0.00014297206507755
2452235.961585827 1.0012470483779907 0.0001430615811841
2452236.0379759003 1.0026203393936155 0.0001431589189451
2452236.11436596 1.0039517879486084 0.0001432444551028
2452236.190756006 1.0050094127655027 0.0001433241413906
2452236.2671460393 1.0060256719589231 0.0001433997094864
2452236.3435360584 1.006765365600586 0.0001434511650586
2452236.4199260646 1.007213115692139 0.0001434807491023
2452236.4963160576 1.007407307624817 0.0001434931327821
2452236.5727060363 1.007159948348999 0.0001434760051779
2452236.648401547 1.006650686264038 0.0001434387668268
2452236.7240970456 1.0057384967803955 0.0001433750003343
2452236.8004869837 1.0048911571502683 0.0001433131110388
2452236.8768769084 1.0038766860961914 0.0001432411663699
2452236.9532668195 1.0028162002563477 0.0001431720302207
2452237.029656716 1.0016902685165403 0.000143095763633
2452237.1060465993 1.0005844831466677 0.0001430164411431
2452237.1824364685 0.9997026324272156 0.0001429496915079
2452237.258826324 0.9989022612571716 0.0001428965333616
2452237.334521712 0.9982420802116393 0.00014284782082535
2452237.4102170854 0.997802436351776 0.000142816803418
2452237.4866068983 0.9866236448287964 0.0001420370099367
2452237.5629966967 0.9751561880111694 0.000141229131259
2452237.6393864807 0.9845240712165833 0.0001418921601725
2452237.7157762498 0.9977726936340332 0.0001428146497346
2452237.792166005 0.9982891082763674 0.0001428543910151
2452237.868555745 0.9986888766288756 0.0001428768446203
2452237.94494547 0.9992918372154236 0.0001429233670933
2452238.021335181 1.0000224113464355 0.0001429746625944
2452238.0970304245 1.0007375478744507 0.00014302424096965
2452238.172725653 1.0016688108444212 0.0001430864067515
2452238.2491153185 1.0025334358215332 0.0001431462587788
2452238.325504968 1.0033631324768066 0.0001432053250027
2452238.401894603 1.0041768550872805 0.000143262092024
2452238.478284221 1.004827857017517 0.0001433089928468
2452238.554673824 1.0054132938385008 0.0001433473807992
2452238.6310634115 1.0058704614639282 0.0001433814613847
2452238.707452982 1.006237506866455 0.0001434039440937
2452238.783148086 1.0063255429267883 0.00014341223868535
2452238.8588431743 1.0061761140823364 0.0001434005243936
2452238.9352326957 1.005917191505432 0.0001433848810847
2452239.0116222007 1.0054891109466553 0.0001433543657185
2452239.0880116886 1.0049508810043335 0.0001433181168977
2452239.164401159 1.004367470741272 0.000143274111906
2452239.240790612 1.0034139156341553 0.0001432059361832
2452239.3171800477 1.00255024433136 0.0001431469863746
2452239.393569465 1.001482844352722 0.0001430659758625
2452239.469958863 1.0005626678466797 0.0001430050906492
2452239.545653795 0.9994960427284241 0.000142931312439
2452239.6213487075 0.9985888004302976 0.0001428671530447
2452239.69773805 0.9978402256965636 0.0001428170944564
2452239.7741273725 0.997210681438446 0.0001427668175892
2452239.850516675 0.9743490219116212 0.0001411464763805
2452239.9269059575 0.9592440128326416 0.0001400852197548
2452240.0032952186 0.9778762459754944 0.0001414163270965
2452240.079684458 0.9967315196990968 0.0001427294773748
2452240.1560736764 0.9970859289169312 0.0001427579554729
2452240.231768425 0.9978930652141571 0.00014280967297955
2452240.3074631505 0.998952865600586 0.0001428868708899
2452240.3838523007 1.0001313686370847 0.0001429683761671
2452240.460241426 1.0014206171035769 0.0001430605334462
2452240.5366305267 1.0025365352630615 0.0001431539712939
2452240.6130196024 1.0038514137268066 0.0001432377466699
2452240.689408652 1.0052489042282104 0.0001433250436093
2452240.765797675 1.0062179565429688 0.0001434086589142
2452240.842186672 1.0070981979370115 0.0001434676669305
2452240.895658954 1.007285475730896 0.00014348978584165
2452242.4574693856 0.9994319081306456 0.0001438466570107
2452242.5185810123 0.99991637468338 0.0001434882578905
2452242.594970548 1.001056671142578 0.0001432902063243
2452242.6713600843 1.001711368560791 0.0001432847348041
2452242.7477496183 1.0026614665985107 0.000143301745993
2452242.824139147 1.0035985708236694 0.0001433302095392
2452242.90052867 1.0045514106750488 0.0001433724391972
2452242.9769181856 1.0051506757736206 0.000143391356687
2452243.0533076925 1.0057401657104492 0.0001434223522664
2452243.1290027397 1.0060911178588867 0.00014343893417385
2452243.204697778 1.0065459012985227 0.0001434562145732
2452243.2810872546 1.0066996812820437 0.000143459677929
2452243.3574767206 1.0066189765930176 0.0001434489822713
2452243.433866176 1.0065416097640991 0.0001434388977941
2452243.5102556185 1.0061441659927368 0.000143403027323
2452243.5866450495 1.0056724548339844 0.000143369383295
2452243.663034469 1.0049879550933836 0.0001433225406799
2452243.7394238757 1.0040676593780515 0.0001432573772035
2452243.8158132704 1.0031448602676392 0.0001431877462891
2452243.891508203 1.0022932887077332 0.0001431281198165
2452243.9672031235 1.001258373260498 0.0001430546835763
2452244.0435924805 1.0003029108047483 0.0001429842377547
2452244.119981824 0.9993896484375 0.0001429182011634
2452244.1963711553 0.9983745217323304 0.0001428434479748
2452244.2727604737 0.9975614547729492 0.0001427930837962
2452244.349149779 0.9818248748779296 0.000141677330248
2452244.425539071 0.9597527384757996 0.0001401127374265
2452244.5019283514 0.971551179885864 0.0001409307442372
2452244.57762317 0.9968827068805695 0.0001427312090527
2452244.6533179763 0.9975814223289488 0.0001427807292202
2452244.7297072173 0.9980746507644652 0.000142814751598
2452244.8060964453 0.9991380572319032 0.0001428807590855
2452244.8824856607 0.9999173283576964 0.000142943317769
2452244.9588748626 1.0010310411453247 0.0001430311094736
2452245.0352640515 1.0022480487823486 0.0001431047276128
2452245.1116532283 1.003423094749451 0.0001431892887922
2452245.1880423916 1.0047436952590942 0.0001432867720723
2452245.264431542 1.0058037042617796 0.0001433578145224
2452245.3401262327 1.0064976811408997 0.00014340510824689998
2452245.4158209106 1.007031202316284 0.0001434450241504
2452245.492210022 1.0072771310806274 0.0001434513833373
2452245.568599121 1.007303476333618 0.0001434470905223
2452245.644988207 1.0068117380142212 0.0001434221921954
2452245.72137728 1.0061806440353391 0.0001433795259799
2452245.7977663404 1.0053398609161377 0.0001433145953342
2452245.8741553877 1.0042097568511963 0.0001432383869541
2452245.9505444216 1.0030044317245483 0.0001431456184946
2452246.0262389975 1.0018359422683716 0.00014305898366725
2452246.101933561 1.0006582736968994 0.0001429705589544
2452246.178322557 0.9995501041412352 0.0001428934046998
2452246.25471154 0.998720407485962 0.0001428426039637
2452246.33110051 0.9980948567390442 0.0001427934475941
2452246.4074894674 0.9976760745048524 0.0001427643874194
2452246.483878412 0.9942762851715088 0.0001425206428393
2452246.560267343 0.976863980293274 0.0001412854471709
2452246.636656262 0.9771612882614136 0.0001413115969626
2452246.7130451677 0.995366871356964 0.0001425540976924
2452246.788739616 0.9982313811779022 0.00014276094589145
2452246.8644340523 0.99875146150589 0.0001428007089998
2452246.9408229194 0.999498665332794 0.000142865392263
2452247.017211774 1.0002155303955078 0.0001428869873052
2452247.093600616 1.0012089014053345 0.0001429667318006
2452247.1699894443 1.0019538402557373 0.0001430299162166
2452247.2463782597 1.0028698444366455 0.0001430688425898
2452247.322767063 1.0037328004837036 0.000143111377838
2452247.39846141 1.0046207904815672 0.000143170436786
2452247.474850187 1.0052309036254883 0.00014318637113315
2452247.5505445083 1.0059947967529297 0.0001432743738405
2452247.625544373 1.006537675857544 0.0001433183060726
2452247.7033219985 1.0068506002426147 0.0001433599245501
2452247.779710724 1.0072729587554932 0.0001433827274013
2452247.857488322 1.0072699785232544 0.0001433885772712
2452247.9324881365 1.0071172714233398 0.000143387922435
2452248.004015725 1.006826341152191 0.0001433581419405
2452248.0852654967 1.0061239004135132 0.0001433544239262
2452248.1616541576 1.005498290061951 0.000143307246617
2452248.237348363 1.0047289133071897 0.00014326170639825
2452248.3130425555 1.0039002895355225 0.0001432016579201
2452248.3894311776 1.0028207302093504 0.0001431275886716
2452248.465819786 1.0019840002059937 0.0001430790725862
2452248.5422083815 1.0008375644683836 0.0001429970288882
2452248.618596964 0.9998725056648254 0.000142924269312
2452248.6949855336 0.9989994168281556 0.0001428690884495
2452248.7713740896 0.9983482360839844 0.0001428235846105
2452248.8477626326 0.9894858598709104 0.000142199525726
2452248.923456721 0.9618307948112486 0.00014025450946059998
2452248.999150797 0.966342270374298 0.0001405615912517
2452249.0755393 0.9959176778793336 0.0001426519884262
2452249.15192779 0.9980230927467344 0.0001427928218618
2452249.2283162675 0.9989545941352844 0.0001428549003321
2452249.3047047304 0.9996960163116456 0.0001429104740964
2452249.3810931803 1.0007444620132446 0.000142980235978
2452249.457481617 1.002036929130554 0.0001430673437425
2452249.53387004 1.0033259391784668 0.0001431538839824
2452249.6102584493 1.0043890476226809 0.0001432310382369
2452249.6859524054 1.0055934786796568 0.00014331864804255
2452249.7616463485 1.0067259073257446 0.0001433917350368
2452249.838034717 1.0078039169311523 0.0001434668374713
2452249.9144230727 1.0083022117614746 0.0001435034791938
2452249.990811414 1.0084322690963743 0.0001435085578123
2452250.0671997415 1.0083546638488767 0.0001435017475159
2452250.1435880554 1.007962346076965 0.0001434741279808
2452250.2199763553 1.007479190826416 0.000143437369843
2452250.2963646413 1.006569743156433 0.0001433762663509
2452250.3713640356 1.0055058002471924 0.0001432906428817
2452250.4477522937 1.0044349431991575 0.0001432220597052
2452250.5241405373 1.0033166408538818 0.0001431370619684
2452250.6005287673 1.002273678779602 0.0001430601550964
2452250.6769169825 1.0013558864593504 0.0001430040429113
2452250.7533051833 1.000201940536499 0.0001429170952178
2452250.82969337 0.9994259476661682 0.0001428643154213
2452250.906081542 0.9986624121665952 0.0001428154791938
2452250.982469699 0.9977802634239196 0.0001427228271495
2452251.058857842 0.980268657207489 0.0001415229635313
2452251.134551532 0.9755993783473969 0.0001411957709933
2452251.210245208 0.991593599319458 0.0001422837522113
2452251.2866333057 0.9986155033111572 0.0001428075920557
2452251.3630213886 0.9989867806434632 0.0001428258983651
2452251.4394094567 0.9994896054267884 0.0001428676914656
2452251.5157975084 1.0002098083496092 0.0001429133117198
2452251.5921855452 1.0010930299758911 0.0001429649128112
2452251.6685735667 1.0018951892852783 0.0001430214615538
2452251.744961572 1.0025759935379028 0.0001430551346857
2452251.8213495607 1.0037139654159544 0.0001431268610758
2452251.897043098 1.0044261217117307 0.0001431860000593
2452251.9727366194 1.005067467689514 0.0001432310673408
2452252.04912456 1.0058250427246092 0.0001432605204172
2452252.1255124845 1.006485939025879 0.0001433057332178
2452252.201900392 1.0069220066070557 0.0001433574652764
2452252.2789827175 1.007145345211029 0.00014337948232415
2452252.3546761554 1.0072277784347534 0.0001433730794815
2452252.4310640106 1.0070240497589111 0.0001433242141501
2452252.507451848 1.0068325996398924 0.0001433035358786
2452252.583145234 1.0063676238059998 0.00014326252130555
2452252.658838601 1.0058691501617432 0.0001432127755833
2452252.7352263844 1.0050814151763916 0.0001431773562217
2452252.8116141483 1.004338622093201 0.0001431213750038
2452252.888001893 1.0031836032867432 0.0001430402044206
2452252.9636951853 1.0021132230758667 0.00014296034350985
2452253.0407773242 1.001031756401062 0.0001428882387699
2452253.117165009 1.000123143196106 0.0001428163232048
2452253.1935526733 0.9991872310638428 0.000142757242429
2452253.269940316 0.9983802437782288 0.0001426910748705
2452253.345633504 0.9954636991024017 0.0001425159207428
2452253.4213266703 0.9657118320465088 0.0001404421491315
2452253.497019814 0.9621950089931488 0.0001401501212967
2452253.5754906633 0.9907500743865968 0.0001421266788383
2452253.6491004634 0.9979336261749268 0.0001426791423
2452253.726876831 0.9985752701759336 0.0001427125243935
2452253.803958741 0.9995080828666687 0.00014277936134015
2452253.881040625 1.0008164644241333 0.000142867444083
2452253.956039188 1.0018728971481323 0.0001429722324246
2452254.031732157 1.0032675862312317 0.00014305433433035002
