2451569.7486029696 0.5496342778205872 0.0012107071233913
2451569.8249939894 0.6742868423461914 0.0012384508736431
2451569.9006905695 0.9834961891174316 0.00130439014174035
2451569.9763871697 1.0873733758926392 0.0013094032183289
2451570.056250576 1.137549877166748 0.0012948468211106
2451570.1319472133 1.158114314079285 0.0012805355945602
2451570.2055604705 1.1478769779205322 0.0012623070506379
2451570.2826460646 1.1140087842941284 0.00123798451386385
2451570.359037205 1.0208726525306702 0.0011962233111262
2451570.436817286 0.8018212020397185 0.0011202117311768
2451570.5104305856 0.7747372090816497 0.00110533420229325
2451570.5882106833 0.9986114799976348 0.0011706243967637
2451570.6659907876 1.1109625101089478 0.00119998014997685
2451570.740993037 1.145099699497223 0.0012055066181346
2451570.816689756 1.1609776020050049 0.0012054136022925
2451570.8937754096 1.145193338394165 0.00119842530693855
2451570.9694721363 1.1034488677978516 0.0011831516167148
2451571.0458633313 1.00783109664917 0.0011502187699079
2451571.122254528 0.7262325882911682 0.0010589894372969
2451571.1986457272 0.5338461399078369 0.0009924052283167
2451571.275036927 0.8219503760337828 0.0010859461035579
2451571.351428128 1.0499025583267212 0.0011535991216078
2451571.427819329 1.1144752502441406 0.0011710921535268
2451571.5042105303 1.1573656797409055 0.0011827377602458
2451571.580601731 1.1673181056976318 0.0011851066956296
2451571.6569929314 1.142546534538269 0.0011777624022215
2451571.7326896656 1.0951144695281982 0.00116348045412445
2451571.8083863985 0.939366102218628 0.0011145898606628
2451571.8847775953 0.7499517798423766 0.0010539196664467
2451571.9611687907 0.864271342754364 0.0010901703499257
2451572.0375599843 1.06224262714386 0.0011507392628118
2451572.113951176 1.1292412281036377 0.0011698241578415
2451572.1903423653 1.160538673400879 0.0011787319090217
2451572.2667335523 1.1585214138031004 0.0011783665977418
2451572.3431247366 1.1258207559585571 0.0011684884084388
2451572.4195159185 1.0801597833633425 0.0011545714223757
2451572.495907097 0.9227128624916076 0.0011053779162466
2451572.5716038076 0.5913046300411224 0.00099706987384705
2451572.652856237 0.6456797122955321 0.0010156475473195
2451572.7250806154 0.9511083364486694 0.0011130295461043
2451572.800777316 1.082008719444275 0.0011532283388078
2451572.876474014 1.124239444732666 0.0011656266869977
2451572.952865173 1.1504950523376465 0.0011733251158148
2451573.029256329 1.1453757286071775 0.0011720850598067
2451573.1056474806 1.1163371801376345 0.0011628809152171
2451573.1820386285 1.0419166088104248 0.001141415326856
2451573.258429772 0.8371562361717224 0.0010764601174741
2451573.334820912 0.7519625425338745 0.001049815211445
2451573.4112120485 0.966782748699188 0.0011177533306181
2451573.48760318 1.1050013303756712 0.0011593817034736
2451573.563994307 1.147069811820984 0.0011721175396814
2451573.6403854303 1.1721559762954712 0.0011792662553489
2451573.716776549 1.1622893810272217 0.0011765520321205
2451573.792473199 1.113033652305603 0.0011616875417529999
2451573.8681698437 1.0376031398773191 0.0011389410356059
2451573.9445609488 0.7934803366661071 0.0010631026234477
2451574.020952049 0.5366684794425964 0.0009762059780769
2451574.0973431454 0.7653661966323853 0.0010533659951761
2451574.1737342365 1.0353758335113523 0.0011398197384551
2451574.2501253225 1.1086747646331787 0.0011612926609814
2451574.3265164043 1.1567041873931885 0.0011754878796637
2451574.4029074805 1.1709958314895628 0.0011790242278948
2451574.479298552 1.150073766708374 0.0011732057901099
2451574.5556896185 1.1124119758605957 0.0011614835821092
2451574.6320806798 0.9764698147773744 0.0011211084201931
2451574.708471736 0.7589384913444518 0.0010518775088712
2451574.7841683235 0.8273732066154479 0.0010747280321083499
2451574.859864905 1.0384398698806765 0.001139590749517
2451574.9362559454 1.1158955097198486 0.0011629235232248
2451575.012646981 1.1484516859054563 0.0011729473480954
2451575.089038011 1.1555629968643188 0.0011749999830499
2451575.1654290357 1.1295937299728391 0.0011674895649775
2451575.241820055 1.0847580432891843 0.001153883873485
2451575.318211069 0.9633806943893432 0.0011169541394338
2451575.3946020766 0.6411287188529968 0.0010127985151484
2451575.4709930797 0.5754547715187073 0.0009910266380757
2451575.5473840763 0.904598355293274 0.001098912092857
2451575.6237750677 1.07036292552948 0.0011498493840917
2451575.698082663 1.1157824993133545 0.00116360036190595
2451575.7793348874 1.1507011651992796 0.001173404045403
2451575.852253544 1.1546223759651184 0.001174179255031
2451575.9279500493 1.1249780654907229 0.0011660357704386
2451576.004341012 1.069259524345398 0.0011487262090668
2451576.0807319684 0.8808743953704835 0.0010907261166721
2451576.1571229193 0.7487971782684326 0.0010485945967957
2451576.2335138638 0.927628457546234 0.0011056519579142
2451576.3099048026 1.089662194252014 0.0011552446521818
2451576.3862957354 1.1398345232009888 0.0011701877228915
2451576.4626866616 1.1678396463394165 0.0011781813809648
2451576.539077582 1.1598541736602783 0.0011755544692277
2451576.615468496 1.11625337600708 0.0011633662506937
2451576.691859404 1.0569899082183836 0.0011454776395112
2451576.7682503057 0.8472721576690675 0.0010798462899401
2451576.843946738 0.5335882008075714 0.00097613333491605
2451576.919643164 0.7034907937049866 0.0010362592292949
2451576.996034047 1.00598406791687 0.0011300484184175
2451577.072424923 1.099219799041748 0.0011586204636842
2451577.148815792 1.1525073051452637 0.0011746576055884
2451577.2252066555 1.170585870742798 0.0011796605540439
2451577.3015975114 1.1574444770812988 0.0011757371248677
2451577.377988361 1.1166815757751465 0.0011638100259006
2451577.4543792037 1.0073723793029783 0.0011309012770652
2451577.5307700397 0.7873950600624083 0.0010616178624331
2451577.6071608686 0.7920097708702086 0.0010638986714184
2451577.6835516905 1.0102474689483645 0.0011319846380501
2451577.759942506 1.1132891178131104 0.0011630884837359
2451577.835638852 1.1487239003181458 0.00117271410999815
2451577.911335191 1.160844802856445 0.0011767079122364
2451577.9877259852 1.1399124860763548 0.0011705099605023
2451578.064116772 1.0958133935928345 0.0011572273215278
2451578.140507551 1.003015398979187 0.0011285841464996
2451578.216898323 0.6994585990905762 0.001031134976074
2451578.2932890872 0.5362896919250488 0.0009766387520357
2451578.369679844 0.8509412407875061 0.0010813066037371
2451578.4460705933 1.057828426361084 0.0011459343368187
2451578.5224613342 1.116657018661499 0.0011636035051196
2451578.5988520677 1.1593904495239256 0.0011759373592212
2451578.6752427937 1.1655378341674805 0.0011776317842304
2451578.7516335114 1.1373393535614011 0.0011700408067554
2451578.823857455 1.0918127298355105 0.0011569708585739
2451578.905109383 0.9137605130672455 0.0011020460515283
2451578.979416693 0.7491362690925598 0.0010489237029105
2451579.0558073777 0.8849390745162963 0.0010934019228443
2451579.1321980534 1.0701874494552612 0.0011494616046547
2451579.2085887203 1.1280980110168457 0.0011672609252855
2451579.284979379 1.1608484983444212 0.0011768447002395
2451579.361370028 1.1631953716278076 0.0011772998841479
2451579.437760668 1.1269989013671875 0.0011666771024465
2451579.513456838 1.072924494743347 0.00115086213918395
2451579.590541919 0.8998492360115051 0.0010983919491991
2451579.6662380705 0.5672819018363953 0.00098645105026655
2451579.743323132 0.6521865129470825 0.0010169873712584
2451579.8197137234 0.967113971710205 0.0011184066534042
2451579.894715384 1.0854383707046509 0.0011543858563527
2451579.9718004144 1.133718490600586 0.0011680535972117502
2451580.0474965144 1.1561803817749023 0.0011748531833291
2451580.1238870625 1.149586200714111 0.0011728641111403
2451580.2002775995 1.118841767311096 0.0011637422721832
2451580.2766681244 1.0376551151275637 0.0011387040140107
2451580.353058637 0.8247631192207336 0.0010737255215644
2451580.4294491373 0.7652847766876221 0.0010561308590695
2451580.505839625 0.9869759082794188 0.0011237701401114
2451580.582230099 1.1108429431915283 0.0011619685683399
2451580.658620559 1.1506003141403198 0.0011741733178496
2451580.7350110053 1.167415738105774 0.0011792412260547
2451580.811401436 1.1549547910690308 0.0011760467896237
2451580.887791851 1.109943985939026 0.0011625968618318
2451580.963487792 1.030745506286621 0.00113912066444745
2451581.0391837163 0.7622934579849243 0.001054017804563
2451581.115574081 0.5353342294692993 0.0009781478438526
2451581.191964427 0.7926428914070129 0.0010651125339791
2451581.2683547535 1.042363524436951 0.0011430905433371
2451581.344745059 1.1136611700057983 0.0011649917578324
2451581.421135343 1.161491632461548 0.0011786682298406
2451581.497525604 1.1716967821121216 0.0011813164455816
2451581.57391584 1.147685408592224 0.0011746109230443
2451581.6503060507 1.102259397506714 0.0011621582088992
2451581.7266962337 0.9573366641998292 0.0011178031563758
2451581.7766970647 0.8081760406494141 0.0010705953463912
2451583.1954666385 0.8026212751865387 0.00126295711379495
2451583.251717456 0.7494829893112183 0.0012409094488248
2451583.328107477 0.9435595273971557 0.0012708907015621
2451583.4044975215 1.0974667072296145 0.0013007867382839
2451583.480887587 1.144345998764038 0.001306964084506
2451583.557277672 1.1667461395263672 0.0013101503718644
2451583.633667774 1.157228112220764 0.0012999603059142
2451583.7100578914 1.114129900932312 0.0012757007498294
2451583.786448023 1.0464396476745603 0.0012479362776502
2451583.8628381668 0.8175450563430786 0.0011759317712858
2451583.939228321 0.5345839262008666 0.0010764941107481
2451584.0149240284 0.7338858842849731 0.00112683395855125
2451584.0906197443 1.0182923078536987 0.001199371763505
2451584.167009923 1.1025670766830444 0.0012146299704909
2451584.243400108 1.153760552406311 0.0012221507495269
2451584.319790298 1.1710678339004517 0.0012213090667501
2451584.3961804933 1.1567156314849851 0.0012092479737475
2451584.4725706917 1.1159220933914185 0.001193557283841
2451584.5489608934 0.9968870282173156 0.0011564719025045
2451584.625351098 0.7739444375038147 0.0010864278301596
2451584.7010468473 0.8083237409591675 0.0010956240002996998
2451584.778131511 1.0196022987365725 0.0011557338293641
2451584.8545217197 1.1099411249160769 0.0011816439218819
2451584.930911929 1.1436206102371216 0.0011905751889571
2451585.007302138 1.152275800704956 0.0011919311946257
2451585.08299789 1.1308355331420898 0.0011839511571451501
2451585.158693643 1.0865014791488647 0.00116920506116
2451585.23508385 0.9811503887176511 0.0011368172708898
2451585.311474057 0.6707509160041809 0.00103781290818
2451585.387864262 0.5460141897201538 0.0009918028954416
2451585.4642544654 0.8752519488334655 0.0010994320036843
2451585.540644667 1.063953161239624 0.0011557471007108
2451585.6170348665 1.110997438430786 0.0011687955120578
2451585.6934250635 1.145854949951172 0.0011790526332333
2451585.7698152587 1.151106595993042 0.001179824816063
2451585.846205451 1.1254899501800537 0.0011718472233042
2451585.9177344465 1.078999102115631 0.0011579248821361999
2451585.9989858265 0.892657458782196 0.0010995784541592
2451586.074681554 0.744698703289032 0.00105291092768305
2451586.1503772778 0.8990283012390136 0.0011003585532307
2451586.2267674543 1.0739392042160034 0.0011538171675056
2451586.3024631715 1.1275704503059387 0.00116943073226135
2451586.378853341 1.1601953506469727 0.0011790489079430001
2451586.455937963 1.1576355695724487 0.0011782908113673
2451586.532328125 1.1182323694229124 0.0011661549797281
2451586.6087182835 1.0574700832366943 0.0011487455340102
2451586.685108437 0.8682634830474852 0.0010900135384872
2451586.761498587 0.5408226847648621 0.000980716664344
2451586.837888733 0.6720976233482361 0.0010254096705466
2451586.914278874 0.9860221147537231 0.0011258531594648
2451586.990669011 1.0910931825637815 0.0011585147585719
2451587.067059144 1.1374502182006836 0.0011718882014974
2451587.1427548165 1.1597177386283875 0.00117796444101255
2451587.2184504843 1.15222430229187 0.0011755672749131
2451587.2948406027 1.118541955947876 0.0011655185371637
2451587.371230717 1.0244086980819702 0.0011376177426427
2451587.4476208263 0.8027512431144713 0.0010687527246773
2451587.5240109307 0.7716084718704223 0.0010584146948531
2451587.60040103 0.993536114692688 0.0011283644707873
2451587.676791124 1.1104801893234253 0.0011636208510026
2451587.753181214 1.144208908081055 0.001173440250568
2451587.8295712983 1.1613080501556396 0.0011784821981564
2451587.905961377 1.1445734500885008 0.0011736538726836
2451587.982351451 1.100361943244934 0.0011605835752561
2451588.0587415197 1.016354203224182 0.0011358343763276
2451588.134437128 0.7298687994480133 0.00104533880949015
2451588.2101327307 0.5339500904083252 0.0009776660008355
2451588.2865227833 0.8175491094589233 0.0010734774405136
2451588.3629128304 1.0464378595352173 0.0011443694820627
2451588.4393028724 1.105803608894348 0.0011621617013588
2451588.5156929083 1.1496320962905884 0.0011755950981751
2451588.5920829386 1.1614806652069092 0.0011785950046032
2451588.668472964 1.135183811187744 0.0011702199699357
2451588.744862983 1.0893572568893433 0.0011579542187973
2451588.821252996 0.9345512986183168 0.0011100721312686
2451588.897643004 0.7457970380783081 0.0010499426862224
2451588.974033006 0.865485429763794 0.0010887568350881
2451589.0455618203 1.0515555143356323 0.0011458637891337
2451589.126118538 1.1237359046936035 0.0011673253611661
2451589.2018140676 1.159353256225586 0.0011775695020332
2451589.2782040457 1.1623728275299072 0.0011781399371102
2451589.3538995637 1.132855772972107 0.0011684539495035499
2451589.4309839844 1.0801537036895752 0.0011535030789673
2451589.507373945 0.9259814620018004 0.0011069698957726
2451589.583763899 0.591768443584442 0.0009982823394238
2451589.6594593925 0.6173140108585358 0.0010063196532427501
2451589.736543788 0.9464141130447388 0.0011131073115393
2451589.812933724 1.0835970640182495 0.001155040343292
2451589.8893236527 1.130345106124878 0.0011695610592141
2451589.9657135755 1.155270218849182 0.0011767211835831
2451590.042103492 1.1495753526687622 0.0011749810073524
2451590.118493402 1.118213415145874 0.0011657904833555
2451590.194188852 1.0463979840278625 0.0011445496347732
2451590.2698842953 0.840204358100891 0.001081250142306
2451590.346274186 0.7473815083503723 0.0010509162675589
2451590.42266407 0.960504412651062 0.0011184824397787
2451590.4990539476 1.1041352748870847 0.0011618849821388
2451590.5754438182 1.144532322883606 0.0011739614419639
2451590.651833682 1.1658731698989868 0.0011802918743342
2451590.7282235394 1.1566709280014038 0.001177328871563
2451590.8046133895 1.1141304969787595 0.0011649263324216
2451590.881003233 1.0413626432418823 0.0011434183688834
2451590.9573930698 0.7859154939651489 0.0010636154329404
2451591.0337828994 0.5318103432655334 0.0009775072103366
2451591.1101727216 0.7599231004714967 0.0010556204942986
2451591.186562537 1.0272681713104248 0.0011392415035516
2451591.262257893 1.1060967445373535 0.0011631645611487
2451591.3379532415 1.155053734779358 0.0011776919709518
2451591.4143430353 1.1707526445388792 0.0011820709332823
2451591.490732822 1.1502814292907717 0.0011755805462598
2451591.5671226014 1.1091631650924685 0.0011636128183454
2451591.6435123733 0.9747601151466369 0.0011238057631999
2451591.7199021378 0.7589350342750549 0.0010552672902122
2451591.7962918947 0.8241584300994873 0.0010763654718175
2451591.872681644 1.0360091924667358 0.001142329769209
2451591.9490713854 1.117882490158081 0.0011660362360998
2451592.025461119 1.151214361190796 0.0011766660027205
2451592.101850845 1.1572641134262085 0.0011782479705289
2451592.183101726 1.1308954954147339 0.0011710298713296
2451592.2539358204 1.0864453315734863 0.0011576265096664
2451592.3296310706 0.9689066410064696 0.0011225340422242
2451592.4053263124 0.6472213566303253 0.00101755902869625
2451592.482410449 0.566140353679657 0.0009900293080136
2451592.558800126 0.8999345898628234 0.0010987325804308
2451592.635884246 1.0711700916290283 0.00115167157491665
2451592.7115794537 1.121185302734375 0.001166810747236
2451592.7879691045 1.1509724855422971 0.0011758187320083
2451592.8650531974 1.1505825519561768 0.0011758778127841
2451592.9414428305 1.1234925389289856 0.00116842403076585
2451593.0171380024 1.064111590385437 0.0011515242513269
2451593.093527617 0.8750352263450623 0.0010939767817035
2451593.169917221 0.7429729104042053 0.0010506993858143
2451593.246306816 0.921452820301056 0.0011069227475672
2451593.322001951 1.0861907005310059 0.00115762936184175
2451593.3976970753 1.1379218101501465 0.0011720964685082
2451593.4740866404 1.169417381286621 0.0011820425279438
2451593.550476195 1.164771556854248 0.0011805780231952
2451593.6268657385 1.120211482048035 0.0011676233261823
2451593.7032552715 1.0556941032409668 0.0011487785959616
2451593.7796447934 0.844349205493927 0.0010832848493009
2451593.856034303 0.5283303260803223 0.0009774710051715
2451593.9324238016 0.6989975571632385 0.0010357203427702
2451594.0088132876 0.999659776687622 0.0011318349279463
2451594.085202761 1.0970728397369385 0.0011614980176091
2451594.1615922223 1.1488463878631592 0.0011763485381379
2451594.2379816696 1.168273687362671 0.0011821195948868
2451594.3136766534 1.1551758646965027 0.00117845798376945
2451594.3893716238 1.1165791749954224 0.0011674411362037
2451594.4657610287 1.009052038192749 0.0011349287815392
2451594.5421504183 0.7878089547157286 0.0010657630627974
2451594.6185397916 0.7850521802902221 0.0010649433825165
2451594.694929148 1.0051978826522827 0.001133877900429
2451594.7713184874 1.109175682067871 0.001165337045677
2451594.8477078085 1.1450707912445068 0.0011757652973756
2451594.9240971096 1.156753659248352 0.0011791816214099
2451595.000486391 1.1382445096969604 0.001173336058855
2451595.076875651 1.093854904174805 0.0011606877669692
2451595.1532648886 0.9998764395713806 0.0011324887163937
2451595.229654102 0.694941520690918 0.0010355659760534
2451595.30604329 0.5303271412849425 0.0009800702100619
2451595.3817380047 0.8451541364192963 0.00108519213972605
2451595.4574326915 1.0563037395477295 0.0011498881503939
2451595.5338217956 1.1050785779953003 0.0011643006000667
2451595.610210868 1.145665407180786 0.0011760836932808
2451595.6664609816 1.1575667262077332 0.0011798231862485001
2452308.077676025 1.1628066301345823 0.0012413038639351
2452308.1318439753 1.1363428831100464 0.0012269336730241
2452308.2082346734 1.0770597457885742 0.0012038862332701
2452308.28462537 0.9362294673919676 0.0011601790320128
2452308.3610160653 0.6060121059417725 0.001058800262399
2452308.437406758 0.5969291925430298 0.0010491788852959
2452308.5137974485 0.9260416030883788 0.0011401920346543
2452308.5901881363 1.0789726972579956 0.0011784177040681
2452308.6665788214 1.1333152055740356 0.0011904089478775
2452308.742969504 1.1609607934951782 0.0011941530974581
2452308.8186657224 1.1583260297775269 0.0011897616786882
2452308.894361938 1.1263569593429563 0.0011789716081693
2452308.9707526104 1.05914568901062 0.0011592779774218
2452309.0471432796 0.8570824265480042 0.0011015009367838
2452309.1235339446 0.7459758520126343 0.0010682583088055
2452309.1999246064 0.9458167552947998 0.0011242742184549
2452309.2763152644 1.1028006076812744 0.0011657433351501
2452309.352705918 1.1391969919204712 0.0011747122043743
2452309.4290965674 1.1599076986312866 0.0011792780132964
2452309.505487213 1.1511216163635252 0.0011766963871195
2452309.581877854 1.1111774444580078 0.001165349734947
2452309.6582684913 1.0506256818771362 0.0011491344776004
2452309.7346591237 0.8034735918045045 0.001079851295799
2452309.811049752 0.5312069654464722 0.0009972255211323
2452309.8867459153 0.7427308261394501 0.0010608683805912499
2452309.962442074 1.0150411128997805 0.0011377930641174
2452310.0388326887 1.0939278602600095 0.0011591671500355
2452310.1152232983 1.1414892673492432 0.0011717879679054
2452310.1916139037 1.1615200042724607 0.0011769242119044
2452310.268004504 1.141255021095276 0.0011717160232365
2452310.344395099 1.0995211601257324 0.0011598906712606
2452310.42078569 0.978403866291046 0.0011265963548794
2452310.497176276 0.7620709538459779 0.0010650501353666
2452310.573566857 0.8099187016487122 0.0010785800404846
2452310.6499574324 1.0242524147033691 0.0011388591956347
2452310.7263480034 1.1148157119750977 0.00116335041821
2452310.802738569 1.1540145874023435 0.0011739473557099
2452310.87843467 1.1666913628578186 0.00117738806875415
2452310.9541307664 1.1418970823287964 0.0011704571079462
2452311.030521317 1.0914946794509888 0.001156901824288
2452311.1069118627 0.9787288904190063 0.0011261149775236
2452311.183302403 0.6647982001304625 0.0010355452541261
2452311.2596929376 0.5498813986778259 0.0010000818874686
2452311.3360834676 0.877302646636963 0.0010978386271744
2452311.412473992 1.0690962076187132 0.0011508690658956
2452311.4888645113 1.1151671409606931 0.0011632038513198
2452311.5652550254 1.1488587856292725 0.0011725116055458
2452311.641645534 1.1511273384094238 0.0011729645775631
2452311.718036037 1.125165939331055 0.0011660141171887
2452311.7944265353 1.075270175933838 0.0011526782764121
2452311.8708170275 0.8861736655235289 0.0011002256069332
2452311.9465130554 0.7433875203132629 0.00105891138082365
2452312.022209078 0.9074490070343016 0.0011064785066992
2452312.0985995545 1.0843032598495483 0.0011553055373951
2452312.1749900253 1.1303757429122925 0.0011673357803374
2452312.25138049 1.1597607135772705 0.0011753148864954
2452312.32777095 1.156029462814331 0.0011742820497602
2452312.4041614044 1.1195136308670044 0.0011642884928733
2452312.480551853 1.0582654476165771 0.0011478152591735
2452312.5569422957 0.8544661402702332 0.0010910875862464
2452312.6333327335 0.5299076437950134 0.0009932353859767
2452312.7097231653 0.6790680289268494 0.0010394229320809
2452312.7861135914 0.9820825457572936 0.0011269676033407
2452312.8618095536 1.0903769135475159 0.00115655554691325
2452312.938199969 1.1432043313980103 0.0011705227079801001
2452313.009034712 1.1662374138832092 0.00117690156912425
2452313.0902863233 1.1552715301513672 0.0011740603949874
2452313.1666767215 1.116761565208435 0.0011635544942691
2452313.2430671137 1.0205203294754028 0.0011373955057933
2452313.3194575002 0.7974968552589417 0.001074822503142
2452313.3958478807 0.7776919603347777 0.001068607205525
2452313.4722382557 0.9965504407882688 0.0011309342226013
2452313.5486286245 1.111824870109558 0.0011622781166806
2452313.625018988 1.1494513750076292 0.0011720461770892
2452313.7014093455 1.1595546007156372 0.0011750644771382
2452313.777799697 1.142343521118164 0.0011704851640388
2452313.854190043 1.0965222120285034 0.0011580543359741
2452313.9305803827 1.0082521438598633 0.0011343054939061
2452314.006276259 0.721626490354538 0.0010519071365705998
2452314.08197213 0.5333101153373718 0.0009945401689037
2452314.158362452 0.8272392153739929 0.0010830749524757
2452314.2347527687 1.0564968585968015 0.0011471241014078
2452314.311143079 1.1079354286193848 0.0011609742650762
2452314.387533383 1.1456289291381836 0.0011715178843587
2452314.4639236815 1.1537667512893677 0.0011733256978914
2452314.5403139736 1.1299761533737185 0.0011669246014207
2452314.61670426 1.08906090259552 0.0011556438403204
2452314.69309454 0.9267356991767884 0.0011113549116998
2452314.7694848143 0.7450459003448486 0.0010590970050543
2452314.845875082 0.8725976943969727 0.0010957032209262
2452314.922265344 1.064577341079712 0.0011493057245388
2452314.9979611426 1.127327561378479 0.0011661241878755
2452315.0736569352 1.1633158922195437 0.0011758221080526
2452315.1500471784 1.1664949655532837 0.0011764938244596
2452315.226437416 1.1297520399093628 0.0011665363563224
2452315.302827647 1.0671186447143557 0.001149816205725
2452315.3792178715 0.908430278301239 0.0011062029516324
2452315.4556080895 0.5791198015213013 0.0010085810208693
2452315.5319983014 0.6255121827125549 0.0010228451574221
2452315.6083885073 0.9498220086097716 0.0011172270169481
2452315.684778706 1.0863744020462036 0.0011553660733625
2452315.761168899 1.1390197277069092 0.001169073046185
2452315.837559085 1.167639136314392 0.001176964608021
2452315.913949265 1.1594008207321167 0.0011748091783374
2452315.989644982 1.1275158524513245 0.00116594118298955
2452316.0653406926 1.049594163894653 0.0011450757738202
2452316.141730853 0.8399391770362854 0.0010862272465601
2452316.218121006 0.7481276392936705 0.0010598654625937
2452316.294511153 0.9619924426078796 0.0011208343785256
2452316.370901293 1.1037994623184204 0.0011597726261243
2452316.4472914264 1.1410648822784424 0.0011694058775901
2452316.5236815526 1.159462571144104 0.0011746541131287
2452316.6000716724 1.1483396291732788 0.0011715241707861
2452316.6764617846 1.1062569618225095 0.0011603186139836
2452316.75285189 1.040740132331848 0.0011426951969042
2452316.8292419882 0.7783963680267334 0.0010684179142117
2452316.90563208 0.5357745289802551 0.0009950001258403
2452316.982022164 0.7785564661026002 0.0010681269923225
2452317.0577177852 1.0354485511779785 0.0011406184057704502
2452317.1334133996 1.098327398300171 0.0011579444399103
2452317.2098034616 1.1426610946655271 0.0011697987793013
2452317.286193516 1.1586682796478271 0.0011742159258574
2452317.3625835627 1.1416560411453247 0.0011695099528878
2452317.4389736014 1.1003690958023071 0.0011587465414777
2452317.5153636327 0.9653046727180482 0.0011220893356949
2452317.5917536556 0.7554221153259277 0.0010612603509798
2452317.66814367 0.8344659805297852 0.0010843443451449
2452317.7445336767 1.0416483879089355 0.0011427190620452
2452317.820923675 1.1231003999710083 0.0011643617181107
2452317.897313664 1.1593363285064695 0.0011740894988179
2452317.9737036442 1.1663093566894531 0.0011759306071326
2452318.0493991612 1.1375555396080017 0.0011680047027766
2452318.1250946694 1.0833117961883545 0.0011531818890944
2452318.2014846215 0.9584781527519226 0.0011193515965715
2452318.2778745643 0.6389107704162598 0.0010263515869155
2452318.3542644964 0.5710246562957764 0.0010054373415187
2452318.4306544187 0.9079551100730896 0.0011047332081943
2452318.5070443293 1.078472137451172 0.0011522528948262
2452318.583434229 1.1293065547943115 0.0011659316951408
2452318.659824116 1.1623677015304563 0.0011746282689273
2452318.7362139914 1.1619104146957395 0.0011744337389245
2452318.8119094004 1.1311355829238892 0.00116629293188445
2452318.888993702 1.0719755887985227 0.0011504703434184
2452318.9653835357 0.8781585693359374 0.0010961249936372
2452319.018856411 0.7414740920066833 0.0010566227138042
2452321.341797515 1.0727258920669556 0.0012097100261598
2452321.405687081 1.1126097440719604 0.0012116307625547
2452321.482076779 1.1511155366897583 0.0012176047312095
2452321.5584664745 1.1565432548522947 0.0012181752827018
2452321.6348561686 1.1306877136230469 0.001209681504406
2452321.71124586 1.0861182212829588 0.001192863099277
2452321.787635549 0.9103804826736448 0.0011414897162467
2452321.8640252347 0.7474908232688903 0.0010930341668426
2452321.9404149177 0.8928308486938477 0.0011313144350424
2452322.0168045973 1.0800567865371704 0.0011785040842369
2452322.0931942738 1.131608486175537 0.0011888633016496
2452322.169583947 1.1600968837738037 0.001192518393509
2452322.2452791645 1.16042560338974 0.0011901259422301999
2452322.3209743784 1.1241227388381958 0.0011772350408136
2452322.39736404 1.0662182569503784 0.0011584900785237
2452322.4737536977 0.888598084449768 0.0011076626833528
2452322.550143351 0.5537860989570618 0.0010084983659908
2452322.626533 0.6508963704109192 0.0010379394516348
2452322.7029226446 0.9627485871315 0.001127052353695
2452322.779312285 1.086403250694275 0.0011601573787629
2452322.855701921 1.1459931135177612 0.0011760296765714
2452322.9320915523 1.1709566116333008 0.001182121806778
2452323.0084811794 1.1582218408584597 0.0011787152616307
2452323.0848708013 1.11838698387146 0.0011676631402224
2452323.1612604186 1.0328843593597412 0.0011432121973484
2452323.2369555803 0.8194555044174194 0.00108336820267135
2452323.3126507364 0.7596526741981505 0.0010655630612745
2452323.3890403393 0.9721940159797668 0.0011258675949648
2452323.4654299375 1.1068387031555176 0.0011618415592238
2452323.54181953 1.1426167488098145 0.0011716572334989
2452323.618209118 1.1573587656021118 0.0011753751896321
2452323.6945987004 1.1461328268051147 0.0011724128853529
2452323.770988278 1.101649522781372 0.0011600441066548
2452323.8473778507 1.0306371450424194 0.0011402775999158
2452323.9237674177 0.7534359693527221 0.0010618122760206
2452324.0001569795 0.5340698957443237 0.0009947705548256
2452324.0765465363 0.8016480803489685 0.0010758363641798
2452324.1529360875 1.0481491088867188 0.0011445460841059
2452324.229325634 1.1025166511535645 0.0011592808878049
2452324.3050207244 1.1414496898651123 0.0011697174049912999
2452324.3807158093 1.149031400680542 0.001171724521555
2452324.4577997895 1.1302514672279358 0.0011665706988424
2452324.533494864 1.0927811861038208 0.0011562927393242
2452324.609884383 0.9427403807640076 0.001115450519137
2452324.686273897 0.7452075481414795 0.0010580942034721
2452324.762663405 0.8493231534957885 0.0010884221410378
2452324.8390529077 1.0514147281646729 0.0011451825266703
2452324.9154424053 1.1199153661727903 0.0011635586852207
2452324.991831897 1.1618820428848269 0.0011748126707971
2452325.068221383 1.166139006614685 0.0011758951004594
2452325.144610863 1.1339446306228635 0.0011674786219373
2452325.2210003375 1.073373794555664 0.0011510712793096
2452325.296695357 0.935736507177353 0.00111272896174335
2452325.3723903713 0.6090837121009827 0.001017737085931
2452325.4487798293 0.5901381373405457 0.0010110861621797
2452325.5251692818 0.922581136226654 0.0011092805070802
2452325.601558728 1.0781409740447998 0.0011522818822413
2452325.677948169 1.1318745613098145 0.0011668843217194
2452325.754337604 1.163812518119812 0.00117516209138555
2452325.8307270333 1.1612752676010132 0.0011744854273274
2452325.907116457 1.1270452737808228 0.0011652909452095
2452325.983505875 1.059834122657776 0.0011476954678073
2452326.059895287 0.8591620922088622 0.001091435435228
2452326.136284693 0.746911883354187 0.0010578546207398
2452326.2126740934 0.945595383644104 0.0011154350358992
2452326.2842023447 1.0937483310699463 0.00115695671411225
2452326.3647584277 1.13670015335083 0.0011683314223773001
2452326.4404533617 1.1568477153778076 0.001173781347461
2452326.5168427387 1.146851658821106 0.00117114034947
2452326.59323211 1.108274221420288 0.0011604798492044
2452326.6696214755 1.0540921688079832 0.0011456040665507
2452326.746010835 0.8119240999221802 0.0010781619930639
2452326.822400188 0.5356325507164001 0.0009946055943146
2452326.8987895353 0.7406707406044006 0.0010573123581707
2452326.975178877 1.0187931060791016 0.0011362514924257
2452327.0515682125 1.093113660812378 0.0011564162559807
2452327.127957542 1.1385315656661987 0.0011687602382153
2452327.2043468654 1.1572086811065672 0.0011739290785044
2452327.280736183 1.142809510231018 0.0011701823677867
2452327.356431046 1.1022840738296509 0.0011589867062866501
2452327.432125903 0.982024312019348 0.0011262284824624
2452327.5085152024 0.7670704126358032 0.0010646758601069
2452327.584904496 0.8104750514030457 0.0010770284570753
2452327.661293783 1.020687699317932 0.001136912847869
2452327.7376830643 1.110965609550476 0.0011612741509452
2452327.8140723393 1.152107834815979 0.0011724954238161
2452327.890461608 1.1635454893112185 0.0011756318854168
2452327.9668508708 1.1395472288131712 0.0011691859690472
2452328.043240127 1.086748957633972 0.0011549245100468
2452328.1196293775 0.9762243628501892 0.0011247233487665
2452328.1960186213 0.6689981818199158 0.0010353532852604
2452328.272407859 0.5469816327095032 0.000998078729026
2452328.348797091 0.879474103450775 0.0010976679623126
2452328.4244918684 1.0700814723968506 0.00115030427696175
2452328.5001866403 1.1197128295898435 0.0011639200383797
2452328.576575853 1.1543487310409544 0.0011730508413165
2452328.652965059 1.1574686765670776 0.001173808472231
2452328.729354259 1.131286859512329 0.0011669598752632
2452328.805743453 1.0799431800842283 0.001152804470621
2452328.88213264 0.8937004804611206 0.0011017996584996
2452328.9585218206 0.7460795640945433 0.0010584227275103
2452329.034910995 0.9101349711418154 0.0011058223899453
2452329.111300163 1.0863972902297971 0.0011547458125278
2452329.1876893244 1.133575201034546 0.0011674035340547
2452329.264078479 1.1599191427230835 0.0011744518997147
2452329.340467627 1.155418872833252 0.0011731245322152
2452329.4168567685 1.118730902671814 0.0011631462257355
2452329.4925514567 1.0690714120864868 0.0011497173691168
2452329.5682461383 0.8660086989402771 0.0010931526776403
2452329.6446352596 0.5348212718963623 0.0009939918527379
2452329.7210243745 0.6755842566490173 0.0010374309495091
2452329.7974134823 0.983042895793915 0.0011259468737989
2452329.8738025837 1.089409112930298 0.0011552347568795
2452329.9501916775 1.1409703493118286 0.001169089693576
2452330.026580765 1.1698307991027832 0.0011768555268645
2452330.102969845 1.158060908317566 0.0011734985746443
2452330.179358918 1.1168394088745115 0.0011625906918197
2452330.2557479837 1.0188448429107666 0.0011356206377968
2452330.3321370427 0.8026798963546754 0.0010744940955191
2452330.4085260937 0.7806854844093322 0.0010682450374588
2452330.484220692 0.9950768053531646 0.0011294269934296
2452330.559915283 1.1100353002548216 0.0011604998726397
2452330.6363043124 1.1521767377853391 0.0011720991460606
2452330.7126933336 1.1636362075805664 0.0011749907862395
2452330.7890823474 1.1465678215026855 0.0011704703792929
2452330.8654713538 1.0980989933013916 0.0011574287200346
2452330.9418603517 1.0172197818756104 0.0011351923458278
2452331.0182493418 0.7314265370368956 0.0010537742637097
2452331.094638323 0.5347051620483398 0.0009937783470377
2452331.171027296 0.8277552127838135 0.001082535716705
2452331.247416261 1.06193470954895 0.0011480710236355
2452331.323805217 1.1128302812576292 0.0011615592520684
2452331.4001941644 1.147961378097534 0.001171056414023
2452331.476583102 1.1550285816192627 0.0011729517718777
2452331.5522775855 1.1319649815559387 0.0011666306527330999
2452331.6279720594 1.0946619510650637 0.0011565114837139
2452331.7043609684 0.932629346847534 0.001112010446377
2452331.7807498667 0.7489473223686217 0.0010593408951535
2452331.8571387543 0.8704185485839844 0.001094723935239
2452331.9335276308 1.070104479789734 0.0011503373971208
2452332.0099164955 1.1302934885025024 0.001166226924397
2452332.086305348 1.167353630065918 0.0011764972005039
2452332.162694188 1.1722980737686155 0.0011776412138715
2452332.2390830144 1.1358846426010132 0.0011681299656629
2452332.3154718266 1.0776878595352173 0.0011525024892762
2452332.390471737 0.9198703169822692 0.0011088449973613
2452332.4682494053 0.5838363766670227 0.0010103087406605
2452332.5446381704 0.6300350427627563 0.0010247674072161
