2451569.975063479 0.9969589710235596 0.000109399035864
2451570.0549253463 0.9980834722518921 0.0001085259427782
2451570.130620524 0.9981809258461 0.0001078950954251
2451570.204926812 0.9983994364738464 0.0001073649291356
2451570.282010918 0.9988588094711304 0.0001068991987267
2451570.3577061305 0.9993321299552917 0.0001064479256456
2451570.4354847055 0.9993272125720978 0.00010617532825555
2451570.5090965787 0.9991806745529175 0.00010606924843155
2451570.5868751677 0.9991209805011749 0.000106003768451
2451570.6646537613 0.9986147880554197 0.0001058992929756
2451570.740349004 0.9983857870101928 0.0001057918198057
2451570.816044249 0.9989820718765259 0.00010571062739465
2451570.892433949 0.9995184540748597 0.00010568491779845
2451570.9681291976 0.9996706247329714 0.0001056102846632
2451571.0445188996 1.0001040697097778 0.000105537197669
2451571.1209086026 1.000200271606445 0.0001054684471455
2451571.1972983046 1.0002434253692627 0.0001054327731253
2451571.2736880067 1.0002923011779783 0.000105410850665
2451571.350077708 1.0003761053085327 0.0001053751329891
2451571.4264674075 1.0005605220794676 0.0001053465966833
2451571.502857106 1.0006874799728391 0.0001053456435329
2451571.5792468023 1.0007199048995972 0.0001053614541888
2451571.6549420445 1.0008774399757385 0.00010536882109585
2451571.7306372845 1.0008602142333984 0.0001053670421242
2451571.807026974 1.000896453857422 0.000105354381958
2451571.88341666 1.0009737014770508 0.0001053525265888
2451571.959806343 1.000870943069458 0.0001053656596923
2451572.036196023 1.0009154081344604 0.0001053687519743
2451572.1125856997 1.0008893013000488 0.0001053733649314
2451572.1889753724 1.0010035037994385 0.0001053837477229
2451572.2653650413 1.0011028051376345 0.0001053969244821
2451572.3417547066 1.0011026859283447 0.0001054012682288
2451572.4181443676 1.0010501146316528 0.0001054022432072
2451572.493839573 1.0001272559165955 0.0001053639243764
2451572.5695347744 0.9997007250785828 0.0001053494415828
2451572.650785582 1.0006917715072632 0.00010540567018319999
2451572.7223140667 1.0015681982040403 0.0001054549866239
2451572.798703706 1.0016590356826782 0.0001054700333043
2451572.8750933404 1.001682162284851 0.000105481747596
2451572.9514829703 1.0018056631088257 0.0001054998356266
2451573.0278725955 1.0017969608306885 0.0001055158936651
2451573.1042622156 1.0017497539520264 0.0001055320171872
2451573.1806518305 1.0017495155334473 0.0001055534739862
2451573.2570414403 1.0017266273498535 0.0001055686952895
2451573.3327365946 1.001693844795227 0.0001055867360264
2451573.408431743 1.0016472339630127 0.0001055961547535
2451573.4848213373 1.0015170574188232 0.0001056129112839
2451573.5612109266 1.0010530948638916 0.0001056073451763
2451573.6376005104 1.0005699396133425 0.0001056029796018
2451573.7139900886 1.0008597373962402 0.0001056399050867
2451573.7903796616 1.0014480352401731 0.0001056817563949
2451573.8667692286 1.0014582872390747 0.0001057050976669
2451573.94315879 1.0015040636062622 0.0001057260669767
2451574.0195483463 1.0014573335647583 0.0001057418267009
2451574.0959378965 1.0014292001724243 0.0001057613408192
2451574.1716329902 1.0014311075210571 0.000105778206489
2451574.247328079 1.001415967941284 0.0001057942354236
2451574.323717612 1.0012571811676023 0.0001058095876942
2451574.400107139 1.001092791557312 0.0001058298294083
2451574.47649666 1.0011461973190308 0.0001058491106959
2451574.552886175 1.001189112663269 0.000105872612039
2451574.6292756847 1.0011398792266843 0.0001058914058376
2451574.7056651874 1.00106942653656 0.0001059097630786
2451574.7820546846 1.0009444952011108 0.0001059261630871
2451574.8584441757 1.000922441482544 0.0001059431306202
2451574.9348336603 1.0008487701416016 0.0001059598507708
2451575.0105286893 1.0007942914962769 0.00010598187145654999
2451575.0862237117 1.0006912946701048 0.0001059974747477
2451575.162613178 1.0006890296936035 0.000106017505459
2451575.239002638 1.0007147789001465 0.0001060356516973
2451575.3153920914 1.0005557537078855 0.0001060492868418
2451575.3917815387 0.9997295141220092 0.0001060262366081
2451575.468170979 0.999086022377014 0.0001060155482264
2451575.5445604133 0.999679923057556 0.0001060627619153
2451575.620949841 1.0004940032958984 0.0001061273360392
2451575.696644813 1.00051611661911 0.0001061458715412
2451575.777895372 1.0006244182586668 0.0001061656730598
2451575.8494236358 1.0006791949272156 0.0001061851944541
2451575.925118588 1.0007195472717283 0.0001062063020071
2451576.001507983 1.000816822052002 0.0001062270093825
2451576.077897371 1.0008357763290403 0.0001062520896084
2451576.154286752 1.0008997917175293 0.0001062690425897
2451576.2306761267 1.000871658325195 0.0001062878873199
2451576.3070654944 1.0006898641586304 0.0001063041636371
2451576.383454855 1.00050687789917 0.0001063203817466
2451576.4598442093 1.000179886817932 0.0001063236923073
2451576.536233556 0.9995577931404112 0.0001063072195393
2451576.6126228957 0.999700367450714 0.0001063363670255
2451576.68831778 1.0002738237380981 0.00010638304593149999
2451576.764012657 1.000257134437561 0.0001064039388438
2451576.840401976 1.0003143548965454 0.0001064207390299
2451576.9167912873 1.0002671480178833 0.0001064343305188
2451576.9931805916 1.0003310441970823 0.0001064628668245
2451577.0695698885 1.0002485513687132 0.0001065060714608
2451577.145959178 1.0000675916671753 0.0001065222968463
2451577.2223484605 1.0000087022781372 0.0001065378964995
2451577.298737735 0.9998928904533384 0.0001065542164724
2451577.375127002 0.9999192357063292 0.0001065722972271
2451577.451516262 0.9998314380645752 0.0001065828619175
2451577.5272110663 0.9997977316379547 0.0001066046788764
2451577.602905863 0.9998287558555604 0.0001066227559931
2451577.6792951 0.9998384714126588 0.0001066420518327
2451577.7556843287 0.9998783469200134 0.0001066660042852
2451577.83207355 0.9999786019325256 0.0001066835611709
2451577.9084627633 0.9999783635139464 0.0001066966287908
2451577.9848519685 0.9999881386756898 0.0001067028933903
2451578.0612411653 0.9999324083328248 0.0001067123375833
2451578.137630354 0.9998903274536132 0.0001067214034264
2451578.214019535 0.999734103679657 0.0001067222037818
2451578.2904087077 0.998989760875702 0.0001067083940142
2451578.3661034247 0.9983600080013274 0.00010669156108629999
2451578.4417981333 0.9987000226974488 0.0001067446355591
2451578.5181872807 0.999645948410034 0.0001068015117198
2451578.594576419 0.9999361634254456 0.0001068392230081
2451578.6709655486 1.0000011920928955 0.0001068554774974
2451578.7473546695 1.000140070915222 0.0001068724959623
2451578.821660442 0.9998641908168793 0.00010693568037815001
2451578.9036051156 0.9996490478515625 0.0001069549689418
2451578.976521977 0.9996164441108704 0.0001069740974344
2451579.0529110613 0.9997791051864624 0.0001069913851097
2451579.1293001357 0.9998841881752014 0.0001070090220309
2451579.2056892007 0.9998835325241088 0.0001070321741281
2451579.28138381 0.9999549984931945 0.0001070492689905
2451579.3570784098 0.999874472618103 0.0001070593280019
2451579.433467445 0.99897825717926 0.0001070448633981
2451579.509162024 0.9990586042404175 0.00010705929889805001
2451579.5862454847 0.999622106552124 0.0001070992002496
2451579.661940043 1.0000178217887878 0.0001071196456905
2451579.737634591 1.0003540515899658 0.0001071215956471
2451579.8154124636 1.0001319646835327 0.0001071310398401
2451579.8911069892 1.000009000301361 0.0001071504957508
2451579.968884838 1.0000149011611938 0.0001071634505933
2451580.04457934 1.0000065565109253 0.0001071864826371
2451580.120273831 0.999849259853363 0.00010721484068195
2451580.1959683085 0.9997317790985109 0.0001072300001396
2451580.272357219 0.9997438788414 0.0001072636368917
2451580.348746116 0.9996506571769712 0.000107284526166
2451580.4251349997 0.999699294567108 0.000107303065306
2451580.5015238696 0.9997408986091612 0.0001073197781806
2451580.577912725 0.9997385740280152 0.0001073304156307
2451580.6543015656 0.9996561408042908 0.0001073698731488
2451580.730690391 0.9993664026260376 0.0001073815001291
2451580.8070792006 0.9992234706878662 0.0001074220635928
2451580.8834679937 0.9991932511329652 0.0001074452156899
2451580.9591623265 0.9992800056934357 0.00010746187763285
2451581.034856642 0.9992042779922484 0.0001074912579497
2451581.1112453826 0.999073266983032 0.0001075040272553
2451581.1876341035 0.9983908534049988 0.0001074905012501
2451581.264022805 0.99741530418396 0.0001074743631761
2451581.3404114847 0.997656524181366 0.0001075010077329
2451581.4168001427 0.9986549019813536 0.0001075715263141
2451581.493188778 0.9988940954208374 0.0001075980253517
2451581.5695773885 0.9988635182380676 0.0001076163171092
2451581.645965974 0.9989326596260072 0.0001076497937901
2451581.7223545336 0.9990153908729552 0.0001076701228157
2451581.774437626 0.999164342880249 0.00010768666470535
2451583.341788901 1.0006896257400513 0.0001124324116972
2451583.4001220097 1.0006150007247925 0.0001121950990636
2451583.475816182 1.0008412599563599 0.00011205006740049999
2451583.5515103745 1.0008257627487185 0.0001120063243433
2451583.6278990265 1.0007768869400024 0.0001117875654017
2451583.704287694 1.0008682012557983 0.000111382396426
2451583.780676375 1.0008070468902588 0.0001110681623686
2451583.857065068 1.0009517669677734 0.0001108538926928
2451583.9334537713 1.0010962486267088 0.0001105246483348
2451584.0098424824 1.0011630058288574 0.0001101933958125
2451584.0862312014 1.000673770904541 0.0001098674401873
2451584.162619926 0.9998602271080016 0.0001095897241611
2451584.2390086562 1.0000077486038208 0.0001094415929401
2451584.3147029476 1.001038134098053 0.00010934514648395
2451584.390397242 1.001392483711243 0.0001091843005269
2451584.4667859823 1.0013749599456787 0.0001090829537133
2451584.5431747246 1.0013372898101809 0.0001090341756935
2451584.619563468 1.0012420415878296 0.000109010215965
2451584.695257769 1.0011200904846191 0.00010897294487215
2451584.772340957 1.0006979703903198 0.0001089233919628
2451584.8487297012 1.0005667209625244 0.0001089119177777
2451584.9251184454 1.000665307044983 0.0001089233119273
2451585.0015071887 1.0006345510482788 0.0001089096695068
2451585.0778959305 1.0005751848220823 0.0001088907956727
2451585.1542846705 1.0002741813659668 0.0001088517237803
2451585.2299789665 0.9995893239974976 0.000108798049041
2451585.30567326 0.99949711561203 0.0001087750933947
2451585.3820619937 1.0001848936080933 0.000108784326585
2451585.4584507253 1.000333547592163 0.0001087863129214
2451585.534839454 1.0001468658447263 0.0001087895143427
2451585.6112281797 1.000317096710205 0.0001087920172722
2451585.6876169024 1.000518798828125 0.000108802865725
2451585.764005622 1.0005092620849607 0.0001088091521523
2451585.8403943377 1.0005310773849487 0.0001088205244741
2451585.91192195 1.000633418560028 0.00010882265632965001
2451585.993171758 1.0006694793701172 0.000108811960672
2451586.06886602 1.000632107257843 0.00010882148490050001
2451586.1445602775 1.0007497072219849 0.0001088171557057
2451586.220948974 1.0008126497268677 0.0001088226927095
2451586.2966432236 1.0007092356681824 0.00010884044968399999
2451586.3730319114 1.0003941059112549 0.00010886163727255
2451586.4501150376 1.0004540681838987 0.0001088745775632
2451586.5265037166 1.0005322694778442 0.0001088978970074
2451586.602892391 1.00035297870636 0.0001089145662263
2451586.67928106 1.0002633333206177 0.0001089332217816
2451586.755669725 1.0001410245895384 0.0001089497454813
2451586.832058385 1.0002195835113523 0.0001089583020075
2451586.9077525977 1.0000950694084167 0.00010897353058675
2451586.9834468057 0.9996909499168398 0.0001089746365323
2451587.0598354507 0.998617708683014 0.0001089465731638
2451587.1362240906 0.9984889030456544 0.0001089583529392
2451587.2126127253 0.9993030428886412 0.0001090185469365
2451587.2890013545 0.9998459815979006 0.0001090597434085
2451587.365389979 0.9999372363090516 0.0001090798396035
2451587.4417785974 0.999869644641876 0.000109102402348
2451587.518167211 0.999914526939392 0.0001091215235646
2451587.594555819 0.9999187588691713 0.0001091463200282
2451587.6709444216 0.9999801516532898 0.0001091647864086
2451587.7466385765 0.9999540448188782 0.0001091838239517
2451587.8223327263 0.9999523758888244 0.0001092027159756
2451587.898721312 1.0000444650650024 0.0001092201127903
2451587.975109892 1.0001457929611206 0.000109239568701
2451588.051498466 1.0000861883163452 0.0001092537131626
2451588.127887035 0.999504029750824 0.0001092430175049
2451588.2042755974 0.9993981719017028 0.0001092488746508
2451588.2806641543 1.0000126361846924 0.0001092921011149
2451588.3570527053 1.000331163406372 0.0001093264945666
2451588.4334412506 1.0000613927841189 0.0001093507598852
2451588.5098297894 1.00002121925354 0.0001093666141969
2451588.5855238815 1.0000866055488586 0.0001093849132303
2451588.661217967 1.000256061553955 0.0001094061663025
2451588.737606488 1.000235676765442 0.0001094247345463
2451588.8139950032 1.0001503229141235 0.0001094467661459
2451588.890383512 1.000067949295044 0.0001094624312827
2451588.9667720143 0.9999910593032836 0.0001094775507226
2451589.0382994246 1.0000512003898623 0.0001094898252631
2451589.1195490006 0.9999831914901732 0.0001095019979402
2451589.1959374845 0.9999253749847412 0.0001095160696422
2451589.272325962 1.000085473060608 0.0001095266416086
2451589.348019992 1.0002732872962952 0.00010954458775805
2451589.4251028975 1.0004076957702637 0.0001095588668249
2451589.500796915 1.0002397298812866 0.00010958154234679999
2451589.576490926 1.0000914335250854 0.000109592328954
2451589.652184931 0.9999202787876129 0.00010962473606920001
2451589.7292678105 0.9997905492782592 0.0001096370906452
2451589.805656242 0.9996898770332336 0.0001096623454941
2451589.882044668 0.999128818511963 0.0001096701234928
2451589.9584330865 0.9980705380439758 0.0001096407431759
2451590.0348214987 0.9978423714637756 0.0001096482665161
2451590.111209904 0.9987581968307496 0.0001097132844734
2451590.187598302 0.999258279800415 0.0001097630884032
2451590.2639866937 0.9992918968200684 0.0001097969725378
2451590.339680639 0.9992326498031616 0.0001098143147828
2451590.415374577 0.9990816116333008 0.0001098313514376
2451590.491762948 0.9991181492805482 0.0001098483262467
2451590.568151312 0.9990957975387572 0.0001098719221772
2451590.644539669 0.999103546142578 0.0001098897701012
2451590.720928019 0.9992677569389344 0.0001099067812901
2451590.797316361 0.9992899894714355 0.0001099223809433
2451590.873704697 0.9991760849952696 0.0001099394721677
2451590.950093025 0.9992535710334778 0.0001099611763493
2451591.0264813458 0.998691439628601 0.0001099531000363
2451591.1028696597 0.9980637431144712 0.000109949891339
2451591.178563527 0.998514324426651 0.000109997097752
2451591.2542573866 0.9989440441131592 0.0001100385925383
2451591.3306456776 0.998789131641388 0.000110054425022
2451591.4070339613 0.9988721013069152 0.0001100755835068
2451591.4834222374 0.99893182516098 0.0001100861773011
2451591.5598105057 0.998648524284363 0.0001100993686122
2451591.636198766 0.9985920190811156 0.0001101184461731
2451591.712587019 0.9986522793769836 0.0001101384623325
2451591.788975264 0.9986682534217832 0.0001101606394513
2451591.8653635005 0.998649001121521 0.0001101736634154
2451591.941751729 0.998739778995514 0.0001101941088563
2451592.017445511 0.9988235235214232 0.00011021958198395
2451592.093139285 0.9986919164657592 0.0001102335736504
2451592.164666422 0.9985547959804536 0.00011025069761664999
2451592.245915685 0.9985167384147644 0.0001102625901694
2451592.322303872 0.99848210811615 0.0001102774112951
2451592.3986920505 0.9986677169799804 0.0001102899186662
2451592.4757746584 0.9989562332630157 0.00011029202869389999
2451592.5514683817 0.9990442991256714 0.0001103050744859
2451592.628550971 0.9990412592887878 0.0001103215581679
2451592.7042446765 0.9991389513015748 0.0001103448230423
2451592.78063281 0.9990448951721193 0.0001103518006857
2451592.8570209346 0.9980456233024596 0.0001103273243643
2451592.932714612 0.997402548789978 0.00011032490510835
2451593.00840828 0.9979240894317628 0.0001103819959098
2451593.0847963756 0.9985215663909912 0.0001104476250475
2451593.1611844613 0.9986902475357056 0.0001104612165363
2451593.237572537 0.998912453651428 0.0001104852199205
2451593.313960602 0.9990004897117616 0.0001105104820453
2451593.390348657 0.9989973902702332 0.0001105284463847
2451593.466736701 0.9990440607070922 0.0001105523333535
2451593.543124734 0.9993391633033752 0.000110576453153
2451593.6195127554 0.9994343519210817 0.0001105908013414
2451593.6959007657 0.9994930028915404 0.0001106049894588
2451593.771594328 0.9995240569114685 0.0001106164127122
2451593.847287879 0.9997170567512512 0.0001106386844185
2451593.9236758533 0.9994330406188964 0.0001106344207073
2451594.000063815 0.9988847970962524 0.0001106234049075
2451594.0764517644 0.9991517663002014 0.0001106527997762
2451594.1528396998 0.9999651908874512 0.0001107119824155
2451594.2292276216 0.999967575073242 0.0001107232747017
2451594.305615529 1.0001355409622192 0.0001107399730244
2451594.3820034214 1.000322937965393 0.0001107607458834
2451594.458391299 1.0005146265029907 0.0001107747302739
2451594.5347791607 1.0005924701690672 0.0001107900679926
2451594.610472571 1.0007798671722412 0.00011080693002435001
2451594.686165965 1.0009762048721311 0.0001108248834498
2451594.7625537757 1.0011334419250488 0.000110835149826
2451594.838941568 1.001322031021118 0.0001108524666051
2451594.9153293413 1.0015112161636353 0.0001108634969568
2451594.991717094 1.0015918016433716 0.0001108770447899
2451595.068104826 1.001711130142212 0.000110901921289
2451595.1444925354 1.001991868019104 0.0001109216900658
2451595.2208802216 1.0020838975906372 0.0001109354707296
2451595.2972678836 1.0022343397140503 0.000110943808977
2451595.37365552 1.002309799194336 0.0001109600198105
2451595.4493486974 1.0024737119674683 0.0001109797194658
2451595.5250418475 1.0034600496292114 0.0001109916047425
2451595.601429402 1.0034539699554443 0.0001110116791096
2451595.661844992 1.0037376284599304 0.00011102154530815
2452281.557719759 1.0006450414657593 0.0001036365501931
2452281.599387553 1.0002858638763428 0.000103541649878
2452281.6757785133 1.0001195669174194 0.0001034331435221
2452281.7514750147 1.0000484585762024 0.00010333959289705
2452281.8271715185 1.0000816583633425 0.000103257720184
2452281.903562487 1.0000922679901123 0.0001031918945955
2452281.9799534567 1.0001637935638428 0.0001031340216286
2452282.056344426 1.0002267360687256 0.0001030786879709
2452282.132735395 1.0001416206359863 0.0001030253988574
2452282.209126362 1.000123143196106 0.0001029907070915
2452282.2855173275 0.9998577237129213 0.0001029518389259
2452282.3619082915 0.9990813136100768 0.0001028871265589
2452282.438299252 0.9986607432365416 0.0001028552724164
2452282.51469021 0.9994669556617738 0.0001028750266414
2452282.5903867017 1.0001064538955688 0.00010288649718854999
2452282.66608319 1.000105381011963 0.000102875084849
2452282.742474138 1.000149488449097 0.0001028623591992
2452282.818865082 1.0001580715179443 0.0001028544502332
2452282.895256022 1.0001784563064575 0.0001028517799568
2452282.971646958 1.000167727470398 0.0001028463448164
2452283.04803789 1.0002202987670898 0.0001028470942401
2452283.124428817 1.0002890825271606 0.0001028432379825
2452283.20081974 1.000325322151184 0.0001028397964546
2452283.2772106584 1.0002205371856687 0.0001028331025736
2452283.353601572 1.0002593994140625 0.0001028300976031
2452283.429298018 0.9999090135097501 0.00010280418428005
2452283.5049944595 0.9994052648544312 0.0001027769903885
2452283.5813853587 0.9994537830352784 0.0001027838661684
2452283.6577762533 1.000162959098816 0.0001028056576615
2452283.7341671423 1.0002952814102173 0.0001028105616569
2452283.8105580267 1.0002959966659544 0.0001028053302434
2452283.886948906 1.0002706050872805 0.0001028031329042
2452283.96333978 1.0002000331878662 0.000102798534499
2452284.0397306485 1.0001462697982788 0.0001027927573886
2452284.1161215124 1.000159740447998 0.0001027930557029
2452284.1925123706 1.000133037567139 0.0001027864927891
2452284.2682087617 1.0001211166381836 0.00010278368790745
2452284.343905147 1.0002031326293943 0.00010277878755
2452284.4202959896 1.0001879930496216 0.0001027768885251
2452284.4966868265 1.0001122951507568 0.0001027717880788
2452284.573077658 1.0001263618469238 0.0001027657199301
2452284.6494684843 1.0001418590545654 0.0001027603357215
2452284.725859305 1.0001988410949707 0.0001027586622512
2452284.8022501203 1.0002126693725584 0.0001027590988087
2452284.8786409297 1.0001591444015503 0.000102751837403
2452284.955031734 1.0001405477523804 0.0001027512189466
2452285.030728071 1.0001956224441528 0.0001027450889523
2452285.106424402 1.0001807212829588 0.0001027458201861
2452285.18281519 0.9999398589134216 0.0001027278922265
2452285.259205972 0.9990418553352356 0.0001026824102154
2452285.3355967477 0.9987027645111086 0.0001026585377985
2452285.4119875184 0.9994491934776306 0.000102678546682
2452285.4883782836 1.0001505613327026 0.0001027192556648
2452285.5647690427 1.0002474784851074 0.0001027129983413
2452285.6411597966 1.0003738403320312 0.0001027081671054
2452285.717550544 1.000374436378479 0.0001027100588544
2452285.7939412864 1.0003448724746704 0.0001027192993205
2452285.8696375615 1.0002814531326294 0.00010270289931205
2452285.9453338305 1.0004099607467651 0.0001027026810334
2452286.0217245556 1.000346064567566 0.0001027052785502
2452286.0981152747 1.0003139972686768 0.0001027027537929
2452286.1745059877 1.0003589391708374 0.0001026964746415
2452286.250896695 1.0003447532653809 0.0001026968384394
2452286.327287397 1.0002459287643433 0.0001026918689603
2452286.403678092 0.9997301697731018 0.0001026484678732
2452286.4800687823 0.9996952414512632 0.0001026521931635
2452286.556459466 1.0003893375396729 0.0001026787213049
2452286.632850144 1.0003360509872437 0.0001026921672746
2452286.7085463554 1.000459611415863 0.0001026844074658
2452286.7814647183 1.0003890991210935 0.0001026812678901
2452286.862716602 1.000144362449646 0.0001026899481075
2452286.9370238753 1.000156283378601 0.0001026886457111
2452287.013414523 1.0000606775283811 0.0001026927566272
2452287.0898051653 1.0000343322753906 0.000102693637018
2452287.1661958015 1.0000163316726685 0.0001026975514832
2452287.2425864316 1.0001379251480105 0.0001026983663905
2452287.3189770556 1.0001301765441897 0.0001026966492645
2452287.395367673 1.0001345872879028 0.0001026988684316
2452287.471758285 1.0001262426376345 0.0001026959507726
2452287.5474544307 1.000066876411438 0.00010268896221530001
2452287.62315057 1.0000315904617307 0.0001026881946017
2452287.699541163 1.0000208616256712 0.0001026839090627
2452287.7759317504 1.0000112056732176 0.0001026867103064
2452287.852322331 0.9999842643737794 0.0001026839017868
2452287.928712906 1.0000381469726562 0.0001026875834213
2452288.0051034745 1.0000224113464355 0.0001026866957545
2452288.0814940366 1.0000572204589844 0.0001026832396746
2452288.1578845927 0.9991728067398072 0.0001026422396535
2452288.2342751417 0.9987220764160156 0.0001026214740704
2452288.3106656848 0.9992785453796386 0.0001026384925353
2452288.3863617624 0.9999523758888245 0.0001026764621201
2452288.4620578336 1.0000370740890503 0.0001026801692205
2452288.538448357 0.9999915957450866 0.0001026751560857
2452288.614838875 0.9999989867210388 0.0001026740937959
2452288.691229386 1.0000181198120115 0.0001026770914904
2452288.76761989 1.0000103712081907 0.0001026764148264
2452288.8440103885 1.0000898838043213 0.0001026792015181
2452288.9204008793 1.0002895593643188 0.0001026800964609
2452288.996791364 1.0002013444900513 0.00010268677579
2452289.073181842 1.0001075267791748 0.0001026825630106
2452289.1495723133 1.0001834630966189 0.000102683508885
2452289.2252683192 1.0000887513160706 0.00010267685865975
2452289.3009643187 0.999470055103302 0.0001026429090416
2452289.3773547695 0.9993373155593872 0.0001026391764753
2452289.453745214 0.9998286366462708 0.000102666686871
2452289.530135651 1.0001566410064695 0.0001026792815537
2452289.606526082 1.000097632408142 0.0001026781683322
2452289.6829165053 1.00018048286438 0.0001026829777401
2452289.7593069216 1.0001118183135986 0.0001026791287586
2452289.835697331 1.0001314878463743 0.0001026843165163
2452289.912087733 1.0002230405807495 0.0001026877725962
2452289.9884781283 1.0001574754714964 0.0001026772952172
2452290.064174058 1.0002182126045227 0.00010268426558465
2452290.1398699805 1.0001932382583618 0.0001026857207762
2452290.2162603536 1.0002472400665283 0.0001026871395879
2452290.292650719 1.0002031326293943 0.0001026855898089
2452290.3690410773 1.0000369548797607 0.0001026783502311
2452290.445431428 1.0000931024551392 0.0001026719910441
2452290.521821771 1.0000903606414795 0.0001026774552883
2452290.598212106 1.0001178979873655 0.0001026775425998
2452290.6746024336 1.0001057386398315 0.0001026727477437
2452290.7509927526 1.0001941919326782 0.0001026777754304
2452290.827383064 1.000213861465454 0.0001026820609695
2452290.90307891 1.0001816749572754 0.0001026880163408
2452290.9787747483 1.000091314315796 0.0001026793106575
2452291.0551650347 0.999422609806061 0.0001026502868626
2452291.1315553132 0.9988194704055786 0.0001026184108923
2452291.2079455825 0.9992758631706236 0.0001026349782478
2452291.2843358438 0.9999755024909972 0.0001026670943247
2452291.3607260957 1.0001696348190308 0.0001026804093271
2452291.4371163384 1.0002437829971311 0.0001026757381623
2452291.513506572 1.000195264816284 0.0001026760219247
2452291.5898967967 1.0002205371856687 0.0001026829486363
2452291.6662870115 1.0001723766326904 0.0001026692407322
2452291.7426772164 1.000234007835388 0.0001026707614073
2452291.8183729546 1.0003719329833984 0.00010267355901305
2452291.894068683 1.000216364860535 0.0001026552199618
2452291.9704588572 1.0002191066741943 0.0001026555692078
2452292.0468490203 1.0004338026046753 0.0001026706231641
2452292.1232391726 1.0001589059829712 0.0001026512254611
2452292.1996293133 0.9996419548988342 0.0001026086611091
2452292.2760194424 0.9992595314979552 0.0001025935125653
2452292.352409559 0.999702990055084 0.0001025780948111
2452292.4287996627 1.0000547170639038 0.0001026140234898
2452292.505189754 0.9998367428779602 0.0001025753081194
2452292.581579832 0.9999881386756898 0.0001025858655339
2452292.65727544 1.000065267086029 0.00010260671842840001
2452292.7329710345 1.0002477169036863 0.0001026799800456
2452292.8093610695 1.0001384019851685 0.0001026877362164
2452292.8524172637 0.9998838901519777 0.0001026737518259
2452294.5204968243 1.0004398822784424 0.0001036106987157
2452294.563553063 1.0002304315567017 0.0001035518507706
2452294.639943169 1.0001301765441897 0.0001034797896863
2452294.716333278 0.9998778700828552 0.0001033815206028
2452294.79272339 0.9998460412025452 0.0001032991203828
2452294.8691135026 0.9998632669448853 0.0001032416912494
2452294.9455036167 0.999887764453888 0.0001031914944178
2452295.0218937304 0.9999105930328368 0.0001031369247357
2452295.098283843 0.9995030164718628 0.0001030609710142
2452295.1739794994 0.9992315471172333 0.00010299855421175
2452295.2496751533 0.9997527599334716 0.0001029914128594
2452295.326065261 1.0001285076141355 0.0001029940103762
2452295.4024553658 1.000152826309204 0.0001029779305099
2452295.478845468 1.0000962018966677 0.0001029662016662
2452295.5552355666 1.0000312328338623 0.0001029603590723
2452295.631625662 1.0000597238540647 0.0001029553168336
2452295.7080157534 1.0000258684158323 0.0001029463528539
2452295.784405841 1.000024437904358 0.0001029339473461
2452295.860795925 1.0000872611999512 0.0001029286795528
2452295.937186004 1.00015652179718 0.0001029300037771
2452296.012881624 1.0001904368400572 0.0001029372833727
2452296.0885772393 1.0001837015151975 0.0001029386839945
2452296.1649673055 1.0001212358474731 0.0001029366248985
2452296.2413573666 1.000077247619629 0.0001029436170938
2452296.317747423 1.0001583099365234 0.0001029415871016
2452296.3941374742 1.0000759363174438 0.0001029402556014
2452296.470527521 1.0001039505004885 0.0001029441191349
2452296.546917562 1.000112533569336 0.0001029450795613
2452296.6233075983 1.0001816749572752 0.0001029523191391
2452296.6996976295 1.0000604391098022 0.0001029577906592
2452296.776087655 1.0001654624938965 0.0001029593186103
2452296.851783221 0.9996609389781951 0.0001029394989018
2452296.9274787814 0.9989221692085266 0.0001029026607284
2452297.0038687913 0.9990601539611816 0.0001029193226713
2452297.0802587955 0.9997556805610656 0.0001029593840939
2452297.156648794 1.000036120414734 0.0001029804770951
2452297.2330387877 1.000177025794983 0.0001029880659189
2452297.309428775 1.00023353099823 0.0001029965424095
2452297.3851243034 1.0001178979873657 0.00010299755376759999
2452297.462208734 1.0002905130386353 0.0001030083440127
2452297.5385987046 1.0002932548522947 0.0001030094499583
2452297.6149886698 1.000301480293274 0.0001030159983201
2452297.690684175 1.0003803372383118 0.00010302337977914999
2452297.766379675 1.0003861188888548 0.0001030187486321
2452297.842769623 1.00037944316864 0.0001030212806654
2452297.9191595647 1.0003228187561035 0.0001030242419801
2452297.9955495014 0.9998278617858888 0.0001030028870445
2452298.071939432 0.9994661808013916 0.000102981000964
2452298.1483293567 0.9996458888053894 0.0001029923514579
2452298.2247192753 1.0003087520599363 0.0001030231360346
2452298.3011091882 1.0002717971801756 0.0001030272323987
2452298.377499095 1.0002866983413696 0.0001030349812936
2452298.4538889965 1.0002336502075195 0.0001030378043651
2452298.5295844376 1.0001649260520935 0.0001030383900797
2452298.6052798736 1.0001808404922483 0.0001030327985063
2452298.681669757 1.0000956058502195 0.0001030407729558
2452298.758059634 1.0001763105392456 0.0001030503190122
2452298.834449505 1.000140070915222 0.0001030470666592
2452298.91083937 1.0000581741333008 0.0001030497514875
2452298.9872292294 0.999987244606018 0.0001030366984196
2452299.0636190823 1.0001317262649536 0.0001030354906106
2452299.140008929 0.9998605847358704 0.0001030357452691
2452299.2163987705 0.999994456768036 0.000103032150946
2452299.2927886047 0.9999852776527404 0.000103054997453
2452299.36848398 0.9999127686023712 0.00010307520642524999
2452299.44417935 0.9999017119407652 0.0001030497514875
2452299.5205691666 0.9997800588607788 0.0001030426938086
2452299.5976534295 0.999771237373352 0.00010302706141365
2452299.6733487807 0.9997438788414 0.0001030226194416
2452299.749044126 0.9993278086185454 0.00010302850205329999
2452299.8212672016 0.9986474812030792 0.0001030096027534
2452299.902518155 0.9987897276878356 0.000103099453554
2452299.978907934 0.9994669556617738 0.0001031370848068
2452300.0552977067 1.0000323057174685 0.0001031761712511
2452300.131687473 1.0000697374343872 0.0001031829888233
2452300.2073827805 1.0000101923942566 0.00010318938802804999
2452300.2830780824 1.00008225440979 0.0001031927677104
2452300.3594678296 1.0000755786895752 0.0001031993087963
2452300.4358575707 1.0001074075698853 0.0001032136788126
2452300.5122473054 1.0001736879348757 0.0001032230284181
2452300.588637034 1.0001909732818604 0.0001032203508657
2452300.6650267555 1.00026273727417 0.0001032288200804
2452300.741416471 1.0001732110977173 0.0001032278014463
2452300.81780618 1.0002381801605225 0.0001032399450195
2452300.894195882 0.999777376651764 0.0001032208238029
2452300.970585578 0.999370574951172 0.0001032069267239
2452301.046280816 0.9994896352291106 0.0001032196669257
2452301.1219760473 0.9999790191650392 0.0001032529980875
2452301.1983657237 0.9999899268150328 0.0001032604268402
2452301.274755393 0.9999728202819824 0.0001032623404171
2452301.351145056 1.000166893005371 0.0001032732616295
2452301.427534713 1.0002362728118896 0.0001032774962368
2452301.5039243624 1.0000357627868652 0.0001032737782225
2452301.5803140057 1.000158190727234 0.0001032832151395
2452301.656703642 1.0001866817474363 0.0001032957079587
2452301.7330932715 0.999999761581421 0.0001032908621709
2452301.809482894 1.0000178813934326 0.0001032936124829
2452301.885178059 1.0000188946723938 0.0001032911641232
2452301.960873217 1.0000168085098269 0.0001033074877341
2452302.0372628192 0.9999751448631288 0.0001033114021993
2452302.1136524146 1.0000149011611938 0.0001033063090289
2452302.190042003 1.000025987625122 0.0001033255975926
2452302.2664315845 1.0001685619354248 0.0001033382504829
2452302.3428211585 1.0000672340393066 0.0001033407606882
2452302.4192107255 1.0000218152999876 0.0001033370790537
2452302.4956002855 1.0000046491622925 0.0001033403896144
2452302.5719898385 1.000051736831665 0.0001033448133966
2452302.648379384 0.9996143579483032 0.0001033183943945
2452302.724074472 0.9990032613277434 0.00010329856013405
2452302.7997695534 0.9986800551414488 0.0001032850341289
2452302.876159077 0.9993497133255004 0.0001033228618325
2452302.9525485933 0.9999364614486694 0.0001033508306136
2452303.0289381025 0.9998509287834167 0.0001033523803926
2452303.1053276034 1.0000345706939695 0.0001033651351463
2452303.1817170973 0.9999988675117492 0.0001033653752529
2452303.2581065833 1.000035524368286 0.000103379432403
2452303.334496062 1.000146746635437 0.0001033923545037
2452303.4108855324 1.000080108642578 0.0001033858279697
2452303.487274995 1.0001509189605713 0.0001033894004649
2452303.56297 1.0001464486122131 0.00010338896390745
2452303.638664997 1.000041961669922 0.0001033893058774
2452303.7150544357 0.9999415278434752 0.0001033670487231
2452303.7914438657 0.9999394416809082 0.0001033724765875
2452303.8678332875 0.9992709755897522 0.0001033337321132
2452303.9442227012 0.9992204308509826 0.0001033443331834
2452304.0206121057 1.00001859664917 0.0001033946027746
2452304.097001502 1.0002366304397583 0.0001034351953421
2452304.17269644 1.000241458415985 0.00010344374095435
2452304.249780267 1.000078797340393 0.000103413593024
2452304.326169636 1.000080704689026 0.0001034203232848
2452304.401864547 1.0001620054244995 0.00010341362940374999
2452304.477559448 1.0001429319381712 0.0001034199958667
2452304.553948789 1.0001131296157837 0.0001034050656016
2452304.63033812 1.0000826120376587 0.0001034246524795
2452304.70672744 1.000146746635437 0.0001034318775054
2452304.7831167504 1.000133395195007 0.0001034387532854
2452304.8595060497 1.000074028968811 0.0001034393790178
2452304.935895338 1.000160574913025 0.0001034263914334
2452305.0122846155 1.0000206232070925 0.0001034188389894
2452305.087979433 1.0000139474868774 0.00010343456960975
2452305.1643686877 1.0000861883163452 0.00010340303924745
2452305.2400634815 1.000250220298767 0.0001034279121086
2452305.3185360534 1.0001500248908997 0.00010341966117265
2452305.392841927 1.0001593828201292 0.0001034361193887
2452305.4699255764 1.0002195835113525 0.0001034467641147
2452305.5456203176 1.0001184344291687 0.00010343108806405
2452305.620620597 0.999520182609558 0.0001034144006553
2452305.6990930964 0.9990584552288055 0.00010342524910805
2452305.776176686 0.9998028874397276 0.0001034601591527
2452305.8539547054 1.0003304481506348 0.0001035126697388
2452305.92756603 1.0006046295166016 0.0001035294480971
2452305.9782606126 1.0006203055381775 0.0001035482164297
2452307.258125198 0.9845434427261353 9.893257083604112e-05
2452307.3102087383 0.9864661991596222 9.884498649626039e-05
2452307.376181228 0.9947481155395508 9.87733801594004e-05
2452307.4525704333 0.9988495111465454 9.873478120425716e-05
2452307.528959644 0.9998977184295654 9.87187449936755e-05
2452307.606043306 0.999759316444397 9.870964277070016e-05
2452307.681738076 0.9990726709365844 9.86745726549998e-05
2452307.7581272954 0.9982663989067077 9.86102531896904e-05
2452307.833822068 0.9974131286144257 9.856494216364808e-05
2452307.90951684 0.997115969657898 9.852791845332832e-05
2452307.9859060594 0.9967486262321472 9.849321941146628e-05
2452308.062295277 0.996656894683838 9.845467138802631e-05
2452308.1386844935 0.9964726567268372 9.841012797551228e-05
2452308.2150737075 0.9962575435638428 9.83730351435952e-05
2452308.291462919 0.9962320327758788 9.834898082772268e-05
2452308.3678521276 0.9961404204368592 9.830766794038936e-05
2452308.444241333 0.9959995746612548 9.827956091612576e-05
2452308.5206305347 0.9954274892807008 9.823872824199496e-05
2452308.597019733 0.995026648044586 9.82073543127626e-05
2452308.67271448 0.9953271150588989 9.822292122407816e-05
2452308.7484092233 0.996129035949707 9.825029701460154e-05
2452308.8247984094 0.9961988925933836 9.8242329841014e-05
2452308.901187591 0.9964089989662168 9.824157314142212e-05
2452308.977576768 0.9964186549186704 9.824026346905156e-05
2452309.0539659406 0.9965104460716248 9.823989967117086e-05
2452309.130355108 0.9967807531356812 9.824238077271728e-05
2452309.2067442713 0.9969037175178528 9.824159496929497e-05
2452309.283133429 0.9970499277114868 9.824677545111624e-05
2452309.359522582 0.9973215460777282 9.824796143220736e-05
2452309.4359117295 0.9973328709602356 9.8244687251281e-05
2452309.5116064255 0.9972584247589111 9.824672088143416e-05
2452309.587301116 0.9973570108413696 9.824654989643022e-05
2452309.663690248 0.9968926310539244 9.82225756160915e-05
2452309.740079375 0.9970213770866394 9.82205892796628e-05
2452309.8164684963 0.9977612495422364 9.824999870033936e-05
2452309.8928576126 0.9978245496749876 9.826546011026947e-05
2452309.9692467228 0.9980254173278807 9.827113535720856e-05
2452310.045635828 0.9983591437339784 9.827675967244431e-05
2452310.1220249273 0.998488187789917 9.828256588662045e-05
2452310.1984140207 0.9986154437065125 9.828954352997243e-05
2452310.274803109 0.9987059831619264 9.829503687797114e-05
2452310.350497745 0.9990352094173431 9.830037015490234e-05
2452310.426192376 0.9991589784622192 9.830818453337996e-05
2452310.502581447 0.9991710782051086 9.831598435994236e-05
2452310.5789705124 0.9992603063583374 9.832157229539008e-05
2452310.655359572 0.9993910789489746 9.83273930614814e-05
2452310.7317486256 0.9995333552360536 9.833736112341283e-05
2452310.8081376734 0.9995605945587158 9.834520460572092e-05
2452310.8845267156 0.999685287475586 9.83529389486648e-05
2452310.9609157518 0.999955415725708 9.836061508394776e-05
2452311.0373047823 0.9999626874923706 9.83724385150708e-05
2452311.1136938063 1.0001511573791504 9.838013647822665e-05
2452311.1893883795 1.0002108216285706 9.838756886892952e-05
2452311.2650829465 1.0004453659057615 9.839313861448316e-05
2452311.341471953 1.0007023811340332 9.839783160714433e-05
2452311.4178609536 1.0000416040420532 9.837580000748858e-05
2452311.4942499483 0.999666750431061 9.83559075393714e-05
2452311.570638937 0.9998764991760254 9.838212281465528e-05
2452311.6470279195 1.000948429107666 9.842900180956347e-05
2452311.723416896 1.001476168632507 9.844821761362256e-05
2452311.7998058666 1.0014843940734863 9.845395834418012e-05
2452311.876194831 1.0015034675598145 9.84614744083956e-05
2452311.9525837894 1.0015043020248413 9.847376350080592e-05
2452312.028278297 1.0016364455223081 9.848109766608101e-05
2452312.1039727977 1.0020095109939575 9.849255729932338e-05
2452312.180361738 1.002088189125061 9.850280184764416e-05
2452312.256750672 1.002294421195984 9.85092410701327e-05
2452312.3331395998 1.0023249387741089 9.852083167061208e-05
2452312.4095285214 1.0021880865097044 9.852890798356384e-05
2452312.4859174364 1.002224683761597 9.85347360256128e-05
2452312.562306346 1.0018893480300903 9.851362119661644e-05
2452312.638695249 1.0017766952514648 9.850834612734616e-05
2452312.715084146 1.0022865533828735 9.853753726929426e-05
2452312.791473036 1.002766728401184 9.856442193267868e-05
2452312.8685563644 1.0027517676353455 9.857484474196099e-05
2452312.943556354 1.0026403069496155 9.858294652076438e-05
2452313.0143896714 1.0025030374526978 9.859207784757018e-05
2452313.095639647 1.0025388002395628 9.860236605163664e-05
2452313.172028506 1.002405881881714 9.861423313850536e-05
2452313.248417359 1.0024394989013672 9.861990838544445e-05
2452313.3248062055 1.0026710033416748 9.862644219538196e-05
2452313.4011950456 1.002784252166748 9.863889863481744e-05
2452313.4775838796 1.002651572227478 9.864438470685856e-05
2452313.5539727067 1.002609372138977 9.865152242127806e-05
2452313.6303615277 1.0025885105133057 9.866189066087828e-05
2452313.706750342 1.0025690793991089 9.86701634246856e-05
2452313.782444706 1.0026069283485413 9.86796003417112e-05
2452313.8581390646 1.002637505531311 9.86878076219e-05
2452313.9345278596 1.0027037858963013 9.869513451121747e-05
2452314.0109166484 1.0025445222854614 9.870214853435752e-05
2452314.087305431 1.0025662183761597 9.871352085610852e-05
2452314.1636942066 1.0026161670684814 9.872148075373845e-05
2452314.2400829755 1.0026005506515503 9.872794180409984e-05
2452314.316471738 1.002101182937622 9.870897338259964e-05
2452314.3928604936 1.001342535018921 9.86799204838462e-05
2452314.4692492434 1.001266837120056 9.869620407698676e-05
2452314.5456379857 1.0021684169769287 9.874266106635332e-05
2452314.6213322785 1.0025511384010315 9.876735566649583e-05
2452314.697026565 1.0026596784591677 9.87773746601306e-05
2452314.773415288 1.0026030540466309 9.878882701741531e-05
2452314.8498040037 1.0027018785476685 9.87981038633734e-05
2452314.9261927125 1.0026026964187622 9.880735888145864e-05
2452315.002581415 1.0023466348648071 9.88139581750147e-05
2452315.0789701105 1.0022079944610596 9.88218598649837e-05
2452315.1553587993 1.0022739171981812 9.8829812486656e-05
2452315.231747481 1.002162218093872 9.883652091957627e-05
2452315.308136156 1.0021053552627563 9.8846030596178e-05
2452315.3845248236 1.0022660493850708 9.885348117677496e-05
2452315.4602190424 1.0016560554504395 9.884146129479632e-05
2452315.5359132537 1.0010911226272583 9.883390157483518e-05
2452315.612301901 1.0014511346817017 9.886471525533123e-05
2452315.6886905404 1.001878261566162 9.889066859614104e-05
2452315.7650791733 1.001714110374451 9.889513603411616e-05
2452315.8414677987 1.0015718936920166 9.890356159303336e-05
2452315.9178564167 1.0014549493789673 9.89111722446978e-05
2452315.9942450277 1.001419186592102 9.89182444754988e-05
2452316.070633631 1.0013185739517212 9.8926764621865e-05
2452316.1470222273 1.001153588294983 9.89356849459e-05
2452316.223410816 1.00111186504364 9.89431209745817e-05
2452316.2991049555 1.000873327255249 9.89542058960069e-05
2452316.374799088 1.0008018016815183 9.896272240439429e-05
2452316.451187654 1.0009925365447998 9.897181735141204e-05
2452316.5275762123 1.0009396076202393 9.89769323496148e-05
2452316.603964763 1.0007646083831787 9.898353891912848e-05
2452316.6803533062 1.0004668235778809 9.899125871015713e-05
2452316.756741841 1.0004842281341553 9.89964391919784e-05
2452316.833130368 1.0002745389938354 9.900469740387052e-05
2452316.909518887 1.0000724792480469 9.901506564347072e-05
2452316.9859073977 1.0001288652420044 9.90204425761476e-05
2452317.0622959 0.9999424815177916 9.90296684904024e-05
2452317.137989953 0.9996607601642609 9.904033868224361e-05
2452317.213683998 0.9990916848182678 9.902737656375392e-05
2452317.290072475 0.99829763174057 9.899887663777916e-05
2452317.366460943 0.9980181455612184 9.900557051878422e-05
2452317.442849403 0.998560130596161 9.905493789119646e-05
2452317.519237853 0.9988327622413636 9.907971980283035e-05
2452317.5956262946 0.9986411333084104 9.90884655038826e-05
2452317.6720147263 0.99828964471817 9.909431537380442e-05
2452317.7484031483 0.9982181191444398 9.910383232636376e-05
2452317.824791561 0.998053789138794 9.91126798908226e-05
2452317.9011799637 0.9981082677841184 9.912466339301317e-05
2452317.9775683563 0.99787437915802 9.913402755046263e-05
2452318.0532622985 0.9976897835731506 9.914367910823785e-05
2452318.1289562304 0.9978051781654356 9.915245027514176e-05
2452318.2053445913 0.9975308775901792 9.915665577864272e-05
2452318.2817329406 0.9973557591438292 9.916722046909852e-05
2452318.3581212787 0.9968106746673584 9.914866677718236e-05
2452318.4345096047 0.9962692260742188 9.913549729390068e-05
2452318.5108979186 0.9961594939231871 9.915254486259072e-05
2452318.5872862195 0.996459364891052 9.91872511804104e-05
2452318.6636745078 0.9964186549186704 9.919427247950809e-05
2452318.740062782 0.9962636232376098 9.92031273199245e-05
2452318.815756604 0.9959650039672852 9.920935917762108e-05
2452318.8921448505 0.995396614074707 9.922689059749244e-05
2452318.9678386436 0.9950209259986876 9.92356945062056e-05
2452319.0199215203 0.9969190955162047 9.924146434059367e-05
2452320.2650483656 0.9961321353912352 9.98455288936384e-05
2452320.341436585 0.9969366788864136 9.988166857510804e-05
2452320.4178248183 0.9981610178947448 9.994285937864332e-05
2452320.4942130647 0.9990921020507812 0.0001000183692667
2452320.5699068825 0.999784529209137 0.00010006496813725
2452320.6456007087 1.0001636743545532 0.0001000357951852
2452320.7219889807 1.0008313655853271 9.99879412120208e-05
2452320.7983772582 1.001317858695984 9.998744644690304e-05
2452320.8747655395 1.001792311668396 0.0001000028860289
2452320.9511538236 1.002272129058838 9.999812027672304e-05
2452321.0275421096 1.0027639865875244 9.997776214731856e-05
2452321.103930397 1.0029778480529783 9.993429557653144e-05
2452321.1803186843 1.0029408931732176 9.990499529521912e-05
2452321.2567069717 1.002707600593567 9.984647476812825e-05
2452321.3330952576 1.0022027492523191 9.976172441383824e-05
2452321.408789104 1.002395749092102 9.973232590709813e-05
2452321.4844829477 1.0031431913375854 9.975321881938724e-05
2452321.5608712286 1.0031925439834597 9.976568981073795e-05
2452321.6372595066 1.0031408071517944 9.976327419281005e-05
2452321.713647782 1.0031449794769287 9.97458046185784e-05
2452321.7900360543 1.0032449960708618 9.97320530586876e-05
2452321.866424323 1.003262281417847 9.973080159397796e-05
2452321.942812588 1.0029807090759275 9.972048428608105e-05
2452322.0192008493 1.002813696861267 9.97093302430585e-05
2452322.095589107 1.0026516914367676 9.969458915293215e-05
2452322.1719773607 1.0024522542953491 9.968659287551418e-05
2452322.24836561 1.0024762153625488 9.96759335976094e-05
2452322.3240594156 1.0023311972618103 9.966417201212607e-05
2452322.399753218 1.0023645162582395 9.965723438654096e-05
2452322.4761414537 1.002393364906311 9.965745266526936e-05
2452322.5525296847 1.0024114847183228 9.966456127585845e-05
2452322.628917911 1.002320408821106 9.967468213289976e-05
2452322.705306133 1.0020418167114256 9.967607184080408e-05
2452322.78169435 1.0021710395812988 9.967467485694216e-05
2452322.8580825613 1.0020384788513184 9.967509686248376e-05
2452322.934470768 1.0016661882400513 9.967666119337082e-05
2452323.0108589698 1.0014536380767822 9.9669057817664e-05
2452323.087247166 1.0006803274154663 9.963319462258367e-05
2452323.1629409194 1.0002928972244263 9.96197595668491e-05
2452323.2386346674 1.0008825063705444 9.965650679077952e-05
2452323.315022848 1.001339077949524 9.968540689442304e-05
2452323.391411024 1.0013520717620847 9.969185339286923e-05
2452323.467799194 1.0011569261550903 9.969479287974536e-05
2452323.544187359 1.001215934753418 9.97051247395575e-05
2452323.6205755183 1.0013223886489868 9.971149120246992e-05
2452323.6969636725 1.0011190176010132 9.971149847842752e-05
2452323.773351821 1.001056671142578 9.971520194085316e-05
2452323.849739964 1.0009286403656004 9.971956023946404e-05
2452323.9261281015 1.0009454488754272 9.972463885787872e-05
2452324.0018217955 1.0009355545043945 9.972722182283178e-05
2452324.0775154848 1.0009275674819946 9.973428677767517e-05
2452324.153903606 1.0006717443466189 9.973428677767517e-05
2452324.230291721 0.9998934864997864 9.971333929570392e-05
2452324.3066798304 0.9999037384986876 9.972645784728228e-05
2452324.383067935 1.0003623962402344 9.976803994504736e-05
2452324.46015047 1.0004430413246155 9.977279478334822e-05
2452324.535844126 1.000827431678772 9.977856097975744e-05
2452324.6122322124 1.000728130340576 9.977911395253612e-05
2452324.6886202935 1.00070059299469 9.97842726064846e-05
2452324.765008369 1.0007684230804443 9.978753223549576e-05
2452324.840702002 1.0008018016815186 9.97928436845541e-05
2452324.9163956293 1.0010162591934204 9.980390314012765e-05
2452324.9927836875 1.0009050369262695 9.981285984395072e-05
2452325.0691717397 1.0009729862213137 9.98184405034408e-05
2452325.145559787 1.0011205673217771 9.982709161704406e-05
2452325.2219478274 1.000817894935608 9.98328177956864e-05
2452325.2983358623 1.0008636713027954 9.983871132135393e-05
2452325.3747238917 1.0008550882339475 9.984321513911708e-05
2452325.451111915 1.0005887746810913 9.9847893579863e-05
2452325.527499933 1.0007574558258057 9.985375072574244e-05
2452325.603887944 1.0009008646011353 9.98647665255703e-05
2452325.6795815136 1.00096595287323 9.987409430323169e-05
2452325.755969513 1.0010886788368225 9.987947487388736e-05
2452325.831663071 1.0009889602661133 9.988701640395448e-05
2452325.908051059 1.0007323026657104 9.989062527893112e-05
2452325.984439041 0.9997715950012208 9.985842916648836e-05
2452326.0608270173 0.9991131424903869 9.984556527342649e-05
2452326.1372149875 0.9997076392173768 9.988147940021008e-05
2452326.2136029517 1.0003050565719604 9.992878040065988e-05
2452326.285129858 0.9998733699321747 9.994144056690857e-05
2452326.366378862 0.9996911883354188 9.995906293625012e-05
2452326.442766808 0.9997584223747252 9.996560402214528e-05
2452326.5191547484 0.9998161792755128 9.997519373428077e-05
2452326.5948482463 0.9998897910118103 9.998177483794278e-05
2452326.6705417386 0.9998713731765748 9.998826863011344e-05
2452326.746929661 0.9998619556427002 9.999872418120503e-05
2452326.823317577 0.999721884727478 0.000100006654975
2452326.899705487 0.999690055847168 0.0001000119882519
2452326.9760933905 0.999789535999298 0.0001000185075099
2452327.052481288 0.9997009038925172 0.0001000212650978
2452327.1288691796 0.9990258812904356 0.0001000003758235
2452327.205257065 0.998997926712036 0.0001000020929495
2452327.281644944 0.9997305870056152 0.00010004149226
2452327.358032817 0.999839186668396 0.0001000534321065
2452327.4337262483 0.9997094869613647 0.00010005891817850001
2452327.509419674 0.9997524619102478 0.0001000671400106
2452327.5858075283 0.9999074339866638 0.0001000710690277
2452327.662195376 0.99983274936676 0.0001000778720481
2452327.738583218 0.9996669292449952 0.0001000851480057
2452327.8149710535 0.999794006347656 0.0001000905976979
2452327.8913588827 1.0000176429748535 0.000100099859992
2452327.9677467053 0.99985671043396 0.0001001070122583
2452328.044134522 0.999721348285675 0.0001001158743747
2452328.120522332 0.9997920989990232 0.0001001204291242
2452328.1969101354 0.9999276399612426 0.0001001289710984
2452328.2726034983 0.9999421834945678 0.0001001341042865
2452328.3482968546 0.999839663505554 0.0001001373966573
2452328.4246846386 0.9997763633728028 0.000100145523902
2452328.5010724165 0.9999027848243712 0.0001001477212412
2452328.577460188 0.9998152256011962 0.0001001535565592
2452328.653847953 0.9997590780258178 0.0001001604687189
2452328.7302357107 0.9998467564582824 0.0001001697601168
2452328.806623462 0.9997223019599912 0.0001001725686364
2452328.883011207 0.999100923538208 0.0001001472555799
2452328.959398945 0.9985944032669068 0.0001001271884888
2452329.035786676 0.9990992546081544 0.0001001555719994
2452329.111479967 0.9999459087848663 0.00010019744149755
2452329.187173251 0.9998616576194764 0.0001002051867544
2452329.263560962 0.9997645616531372 0.0001002095596049
2452329.339948666 0.9995897412300108 0.0001002179487841
2452329.416336363 0.99966961145401 0.0001002244171104
2452329.492724053 0.9998733401298524 0.0001002352437353
2452329.569111736 1.0000368356704712 0.0001002463177428
2452329.645499412 1.0000585317611694 0.0001002559802145
2452329.721887081 0.999995470046997 0.0001002621938823
2452329.7982747424 1.0001521110534668 0.0001002669305307
2452329.8746623965 1.000235080718994 0.0001002706121653
2452329.951050043 1.0002803802490234 0.0001002744902507
2452330.02674325 0.9995428025722504 0.0001002497374429
2452330.1024364484 0.9994401931762696 0.0001002442659228
2452330.178824073 1.0003222227096555 0.000100272722193
2452330.25521169 1.0005295276641843 0.0001002899080049
2452330.331599299 1.000414490699768 0.0001002974095172
2452330.4079869003 1.0005420446395874 0.0001003098077489
2452330.4843744934 1.0001479387283323 0.0001003174038487
2452330.5607620785 0.999993860721588 0.0001003315264824
2452330.6371496557 1.0001313686370847 0.0001003342622425
2452330.7135372246 1.0004376173019407 0.0001003368088277
2452330.7899247846 1.000192642211914 0.000100342927908
2452330.865617904 0.999975860118866 0.00010035184823204999
2452330.941311015 1.0000262260437012 0.0001003567303996
2452331.017698549 0.9999587535858152 0.000100362842204
2452331.0940860747 0.9997353553771972 0.0001003722136374
2452331.1704735905 0.9998345971107484 0.0001003837314783
2452331.246861097 0.9997569918632508 0.0001003880242933
2452331.323248594 0.9994887113571168 0.0001003958095679
2452331.3996360814 0.9995707869529724 0.0001004071018542
2452331.476023558 0.9995535016059875 0.0001004126679617
2452331.5524110245 0.9994352459907532 0.0001004173827823
2452331.6287984806 0.9996012449264526 0.0001004250370897
2452331.704491494 0.9994550943374632 0.0001004263176582
2452331.7801844967 0.9985073804855346 0.0001004006699076
2452331.8565719184 0.9980522394180298 0.0001003802972263
2452331.9329593284 0.9983342885971068 0.000100398028735
2452332.0093467254 0.9991469383239746 0.000100446100987
2452332.0857341103 0.9992187619209288 0.0001004698133328
2452332.1621214813 0.9987940788269044 0.0001004810474114
2452332.238508838 0.9988329410552976 0.0001004862788249
2452332.314896181 0.9985572099685668 0.0001004960722639
2452332.389894649 0.9992470741271972 0.0001004988444037
2452332.467670822 0.9990801215171812 0.0001005015947157
2452332.54405812 0.9993422627449036 0.0001005115482257
