2451438.103086586 1.202399492263794 0.0015967499930411
2451438.179478052 0.9071260690689088 0.0014378156047314
2451438.255869515 1.1502943038940427 0.0015125187346711
2451438.3315665023 0.7799916565418243 0.00131998042343175
2451438.4079579473 1.1985459327697754 0.00150444242171935
2451438.482960445 0.9075099229812622 0.0013629940222017
2451438.5614352655 1.1558239459991455 0.0014804233796894
2451438.6385211363 0.7798552215099335 0.0012992109404876
2451438.7128291214 1.1988672018051147 0.0015011585783213
2451438.789914959 0.9087199866771698 0.00136370846303175
2451438.865611845 1.1572951078414917 0.0014821451622992
2451438.9413087144 0.8068803548812866 0.0013126755948178
2451439.017700033 1.1969218850135803 0.00149990484351285
2451439.0947857993 0.904648780822754 0.0013632371556013
2451439.170482616 1.1570401787757874 0.00148151983739805
2451439.2468738807 0.779197096824646 0.00129771349020295
2451439.323265129 1.1989291906356812 0.0015013451920821998
2451439.3989618933 0.9009442925453186 0.0013615591451525
2451439.4753531064 1.1567600965499876 0.00148189405445
2451439.551744302 0.7805489301681519 0.0012990712421014
2451439.628135481 1.1865969896316528 0.0014951964840292
2451439.704526643 0.943306028842926 0.0013812786201015
2451439.780223323 1.1514522433280945 0.0014785521198064
2451439.855919987 0.9165711998939512 0.0013677285751327
2451439.9323110995 1.1441198587417605 0.0014761496568098
2451440.0087021957 1.0518946647644043 0.0014323538634926
2451440.0850932756 1.1235487461090088 0.0014659945154562
2451440.16148434 1.0142995119094849 0.001415871665813
2451440.237875389 1.1035289764404297 0.0014568757032975
2451440.3142664214 1.1210197210311887 0.0014652372337877
2451440.389962975 1.0737441778182983 0.00144309340976175
2451440.465659513 1.0907155275344849 0.0014515900984406
2451440.5420505004 1.0117652416229248 0.0014143192674964
2451440.618441472 1.1651316881179807 0.0014847231796011
2451440.694832429 1.0009506940841677 0.0014081136323511
2451440.7712233705 1.122586727142334 0.0014655430568382
2451440.8476142976 0.8930402398109437 0.0013559558428823
2451440.9233107474 1.192641019821167 0.0014980587875469999
2451440.994145944 0.870947927236557 0.0013451009872369
2451441.076786991 1.1496227979660034 0.0014783994993194
2451441.1531778597 0.7994388937950134 0.0013079220661893
2451441.2309576394 1.1970360279083252 0.0014990044292062
2451441.305959555 0.900859832763672 0.001360049820505
2451441.3823503815 1.1547884941101074 0.0014817835763096
2451441.4545744224 0.7935190498828888 0.0013049839762970502
2451441.533743068 1.1933213472366333 0.001498895464465
2451441.6101338533 0.90097439289093 0.0013606168795377
2451441.685830162 1.159000039100647 0.00148328585783015
2451441.761526458 0.7908269166946411 0.0013045064406469
2451441.8379172017 1.192452073097229 0.0014989151386544
2451441.9143079314 0.9156578183174132 0.0013669036561623
2451441.9906986477 1.1570187807083128 0.0014825543621554
2451442.067089351 0.7804632186889648 0.0013004404027014
2451442.1420911187 1.1911544799804688 0.0014985880116
2451442.218481795 0.9042686223983764 0.0013621486723423
2451442.294872458 1.1577731370925903 0.0014822744997218
2451442.3712631073 0.7869852781295776 0.001301665441133
2451442.4476537434 1.1779067516326904 0.0014913791092112
2451442.5240443666 0.9526066780090332 0.0013877785531803
2451442.6004349766 1.14938223361969 0.0014782425714656
2451442.6761311134 0.9155797958374023 0.0013668571482412
2451442.751827237 1.1391111612319946 0.001476151519455
2451442.828217808 1.059684991836548 0.0014363680966198
2451442.9046083656 1.1192599534988403 0.0014656309504061
2451442.9809989105 1.0225855112075803 0.0014201585436239
2451443.0573894423 1.0956804752349851 0.0014541145646944
2451443.133779961 1.1245558261871336 0.0014671327080577
2451443.209476008 1.0655946731567383 0.00143985985778265
2451443.285172042 1.0888662338256836 0.0014505159342661
2451443.361562523 0.9990699291229248 0.0014085276052355
2451443.43795299 1.1673624515533447 0.0014867191202938
2451443.514343445 0.9915242195129392 0.0014055168721824
2451443.590733887 1.123929738998413 0.0014669903321191
2451443.6671243166 0.8759766221046447 0.0013481887290254
2451443.743514733 1.1903066635131836 0.0014988119946792
2451443.8192106783 0.8944817781448364 0.0013572547468355999
2451443.894906612 1.1560182571411133 0.0014815130271017
2451443.9712969903 0.7841606140136719 0.0013005142100155
2451444.049076272 1.1803984642028809 0.0014925701543688
2451444.1254666247 0.9006790518760681 0.0013606129214167
2451444.2032458805 1.1510818004608154 0.0014793468872085
2451444.276858378 0.7902982831001282 0.0013036355376243
2451444.352554236 1.1920397281646729 0.00149810488801445
2451444.428250082 0.895048201084137 0.0013574135955423
2451444.504640372 1.1550986766815183 0.001481045037508
2451444.58103065 0.77756267786026 0.0012972314143553
2451444.657420915 1.1931132078170776 0.0014985820744186
2451444.733811168 0.9032251238822936 0.001361068454571
2451444.8102014074 1.1525171995162964 0.001480228966102
2451444.886591635 0.7856993079185485 0.0013016667217016
2451444.9622873934 1.1924481391906738 0.0014981181011534499
2451445.0379831395 0.897569477558136 0.0013589074369519
2451445.1143733296 1.1528031826019287 0.001480464474298
2451445.190763507 0.7866050004959105 0.0013021795311942
2451445.267153672 1.17497181892395 0.0014901926042512
2451445.343543824 0.9645733833312988 0.001391323050484
2451445.4199339636 1.1432548761367796 0.0014761469792574
2451445.4956296347 0.9251824915409088 0.0013724357704631499
2451445.571325294 1.133358359336853 0.0014712222618982
2451445.6477153962 1.06766140460968 0.0014404128305613
2451445.7241054857 1.1135603189468384 0.0014624507166445
2451445.800495563 1.028181552886963 0.0014223004691302
2451445.876885627 1.0902686119079588 0.0014507006853818
2451445.9532756787 1.1318604946136477 0.0014704603236168
2451446.029665718 1.0611611604690552 0.0014372795121744
2451446.10536129 1.0874532461166382 0.0014506404404528
2451446.181056849 0.9883637428283693 0.0014036110369488
2451446.25744685 1.1689449548721311 0.0014883846743032
2451446.333836839 0.9857789278030396 0.0014012672472745
2451446.410226815 1.123071551322937 0.0014666588976979
2451446.4866167787 0.8607547283172606 0.0013409699313342
2451446.563006729 1.1900848150253296 0.0014976930106058
2451446.6387022133 0.8946856260299683 0.0013574488111771001
2451446.714397685 1.1538677215576172 0.0014804512029513
2451446.7907875977 0.7852072715759277 0.0013014253927394
2451446.8671774976 1.1879428625106812 0.0014958278043195
2451446.9435673845 0.8946253657341003 0.0013572049792855
2451447.012318272 1.1616390943527222 0.0014843076933175
2451447.09634712 0.7762115001678466 0.0012978531885892
2451447.1727369693 1.1873477697372437 0.0014960701810196
2451447.248432352 0.8941243886947632 0.00135785882594055
2451447.324127722 1.1504226922988892 0.0014793793670833
2451447.4005175326 0.7860423922538757 0.0013026078231632
2451447.4769073296 1.189170002937317 0.0014975906815379
2451447.5532971146 0.8968620896339417 0.0013584027765318
2451447.6296868855 1.1505182981491089 0.0014795880997553
2451447.7060766444 0.7816900610923766 0.0013004546053707
2451447.7824663897 1.1872076988220217 0.0014979501720517
2451447.85816167 0.8951466977596283 0.0013591714086942
2451447.9338569385 1.1524592638015747 0.0014819279313087
2451448.0102466447 0.7991564869880675 0.0013103283708915
2451448.086636339 1.1680145263671875 0.0014885463751852
2451448.163026019 0.9778012633323668 0.0014006271958351
2451448.239415687 1.1410170793533323 0.0014767128741368
2451448.315805341 0.9291041493415833 0.0013757739216089
2451448.3915005317 1.1291956305503845 0.0014718786696902501
2451448.4671957097 1.0720521211624143 0.0014449451118707
2451448.543585325 1.1119797229766843 0.0014634787803515
2451448.619974928 1.0374382734298706 0.0014299162430688
2451448.696364518 1.078194499015808 0.0014486035797744
2451448.7727540946 1.1344597339630127 0.0014739398611709
2451448.8491436588 1.0615463256835935 0.0014416885096579
2451448.9255332104 1.0877203941345217 0.0014538726536557
2451449.001228299 0.9804662466049194 0.0014038776280358
2451449.076923375 1.1672693490982056 0.0014903964474797
2451449.15331289 0.9768081307411194 0.0014033761108294
2451449.229702392 1.1275639533996582 0.0014732427662238
2451449.3060918828 0.8450243473052977 0.0013362448662519
2451449.3824813617 1.1847075223922727 0.0014984055887907
2451449.45887083 0.8982769846916199 0.0013647491578012
2451449.534565838 1.1537740230560305 0.00148454686859615
2451449.610260837 0.7761853933334351 0.0013014172436669
2451449.686650276 1.1849972009658811 0.0014991204952821
2451449.763039707 0.9049837589263916 0.0013666102895513
2451449.8394291317 1.1491080522537231 0.0014821096556261
2451449.91581855 0.7860628962516784 0.0013058902695775
2451449.990819067 1.1866860389709473 0.0015123549383133
2451450.0720696254 0.8769392371177673 0.00142394663998855
2451450.108875435 1.0991307497024536 0.0015630755806341
2451451.5950027537 1.1166964769363403 0.0015038447454571
2451451.668614924 1.0518364906311035 0.0014508184976875
2451451.744310447 1.0942213535308838 0.00145602889824655
2451451.8213948645 0.9775009155273436 0.0013983161188662
2451451.8970903587 1.162761092185974 0.0014854723704047
2451451.972785836 0.963381826877594 0.0013914594892412
2451452.048481297 1.1307350397109985 0.0014714653952978
2451452.126260101 0.8393236100673676 0.0013301534345373
2451452.201955525 1.1839349269866943 0.0014951429329812
2451452.278345384 0.9015808701515196 0.0013626192230731
2451452.3547352254 1.1517739295959473 0.0014809467829763
2451452.4311250476 0.7851610779762269 0.0013034020084887
2451452.506125945 1.1840099096298216 0.0014957974199205
2451452.582515731 0.8944981694221495 0.0013588027795776
2451452.6589054973 1.1518410444259644 0.0014808072010055
2451452.7352952464 0.7804318070411682 0.0012990315444767
2451452.811684977 1.1819853782653809 0.0014941460685804
2451452.8880746895 0.8993076682090758 0.0013595635537058
2451452.9644643846 1.1502708196640017 0.0014793089358136
2451453.040159611 0.7757441103458405 0.00129693315830075
2451453.1158548202 1.1795791387557983 0.0014932235935702
2451453.192244463 0.8978630900382996 0.0013591671595349
2451453.26863409 1.1494706869125366 0.0014787924010306
2451453.3450236996 0.789405345916748 0.0013052043505012
2451453.421413293 1.1804977655410769 0.0014923034468665
2451453.49780287 0.8939458727836608 0.0013575421180576
2451453.5734979804 1.152471899986267 0.00148057419573885
2451453.6491930746 0.8302640914916992 0.0013251649215817
2451453.7255826034 1.1568186283111572 0.0014821470249444
2451453.801972117 0.9873546361923216 0.0014040971873328
2451453.878361614 1.1329495906829832 0.001472444506362
2451453.954751096 0.9516120553016664 0.0013868702808395
2451454.0311405626 1.121592998504639 0.0014662869507446
2451454.107530014 1.0747815370559692 0.0014449616428464
2451454.1832250007 1.1021398901939392 0.0014577488764189002
2451454.258919973 1.0508663654327393 0.0014342094073072
2451454.3360038283 1.0653879046440125 0.0014407070120796
2451454.411698771 1.1345255374908447 0.0014729265822097
2451454.4880881477 1.0456292629241943 0.0014306438388302
2451454.5596163697 1.1148823499679563 0.00146408943692215
2451454.642950204 0.9928794503211974 0.00140650104731315
2451454.716561743 1.1648257970809937 0.0014861482777632
2451454.792256614 0.9552268981933592 0.0013886365341022
2451454.868645919 1.1337833404541016 0.0014717241283506
2451454.94503521 0.8125905394554137 0.0013158962829038
2451455.0214244863 1.1777867078781128 0.0014920069370418
2451455.097813749 0.8941850662231445 0.0013578017242252
2451455.1742029977 1.1516488790512085 0.0014799759956076
2451455.2505922327 0.7836908698081969 0.0013018207391723
2451455.326287006 1.1804208159446716 0.00149276148295025
2451455.401981766 0.901628851890564 0.0013618033844977
2451455.47837096 1.1524800062179563 0.0014807725092396
2451455.5547601394 0.7787454724311828 0.0013000550679862
2451455.631149306 1.177043914794922 0.0014914466300979
2451455.7075384585 0.8992839455604553 0.0013607959263026
2451455.7839275976 1.1490662097930908 0.0014804842649027
2451455.860316723 0.7903658151626587 0.001303932396695
2451455.9360113894 1.1802501678466797 0.00149234046693885
2451456.011706042 0.893763542175293 0.0013570225564762
2451456.088095128 1.1487431526184082 0.0014787997351959
2451456.1644842005 0.7800310254096986 0.0012981567997485
2451456.2408732595 1.1798067092895508 0.0014921745751053
2451456.317262306 0.90115749835968 0.0013604355044662
2451456.3936513383 1.151029586791992 0.0014787815744057
2451456.4693459123 0.8345718681812286 0.0013262730790302001
2451456.5450404733 1.1512759923934937 0.0014786381507292
2451456.6214294676 0.9956247806549072 0.0014067119918763
2451456.6978184483 1.12991726398468 0.0014704169007018
2451456.7742074155 0.9618316888809204 0.0013909341068938
2451456.85059637 1.1182265281677246 0.0014635339612141
2451456.9269853113 1.0740066766738892 0.0014442600077018
2451457.0033742404 1.1010496616363523 0.0014556483365595
2451457.079068711 1.0503594875335693 0.0014318370376713001
2451457.1547631696 1.0494964122772217 0.0014308460522443
2451457.231152059 1.138870358467102 0.0014731572009623
2451457.3075409364 1.036579728126526 0.0014262459008023
2451457.3839298007 1.101723551750183 0.0014566854806616
2451457.460318652 0.9561598300933836 0.0013856820296496
2451457.5367074907 1.1655114889144895 0.0014852022286504
2451457.617262979 1.0013016462326048 0.0014097185339778
2451457.688096242 1.1363495588302612 0.001473011332564
2451457.764485042 0.7952547073364259 0.0013061155332252
2451457.84087383 1.178101658821106 0.0014919015811756
2451457.9172626045 0.8985856175422668 0.0013600880047306
2451457.9936513663 1.15004825592041 0.0014800274511799
2451458.070040116 0.7786350250244141 0.0012981913750991
2451458.1464288523 1.1820143461227417 0.0014927878510206
2451458.222123133 0.8930128216743469 0.00135595590109
2451458.2978174016 1.1492413282394407 0.0014795638853684
2451458.3742061 0.7885780930519104 0.0013027624227106
2451458.4505947856 1.1783723831176756 0.0014915786450728
2451458.526983459 0.8942818641662597 0.0013570118462666
2451458.603372119 1.1468226909637451 0.0014779018238186
2451458.6797607667 0.7776008248329161 0.0012982818298041
2451458.7561494014 1.1804202795028689 0.0014946457231417
2451458.8318435815 0.8946273028850555 0.0013571962481364
2451458.9075377495 1.1497000455856323 0.0014786832034587
2451458.983926346 0.7841027379035949 0.0013002519262954
2451459.0603149305 1.1780202388763428 0.00149201892782
2451459.1367035015 0.8984215259552003 0.0013575622579082
2451459.2130920603 1.1495355367660522 0.0014782574726268
2451459.289480606 0.8353449702262878 0.0013274637749418
2451459.365174698 1.1493353843688965 0.00147853890666735
2451459.4408687777 1.0095313787460327 0.0014126644236966
2451459.5172572853 1.1273772716522217 0.0014683635672554
2451459.5936457803 0.9720080494880676 0.0013945574173703
2451459.6700342624 1.1091885566711424 0.0014596914406865
2451459.746422732 1.0891810655593872 0.0014501891564577
2451459.822811188 1.0910840034484863 0.0014518636744469
2451459.899199632 1.0511727333068848 0.0014332017162814
2451459.9748936226 1.0457186698913574 0.0014306557714007001
2451460.0505876006 1.1413092613220217 0.0014754572184756
2451460.126976006 1.0328422784805296 0.0014238345902413
2451460.2033643983 1.107173442840576 0.0014581689611077
2451460.279752778 0.9395293593406676 0.0013796380953863
2451460.356141144 1.1721018552780151 0.0014882872346788
2451460.432529498 0.9511638283729552 0.0013854055432602
2451460.5089178383 1.1319348812103271 0.0014703304041177
2451460.5797506515 0.7237048745155334 0.0012681368971243
2451460.6603056015 1.1815242767333984 0.0014930622419342
2451460.7366939033 0.9002496004104614 0.0013605654239654
2451460.8130821926 1.1496891975402832 0.001479533384554
2451460.8894704673 0.7865306735038757 0.0013024436775594
2451460.96585873 1.1782991886138916 0.0014915418578311
2451461.0422469787 0.89406418800354 0.0013570815790444
2451461.1179407765 1.152093529701233 0.001479887869209
2451461.193634561 0.7800014019012451 0.0012978554004803
2451461.270022771 1.181174874305725 0.0014928821474313
2451461.346410967 0.9009847640991212 0.0013612383045256
2451461.4227991505 1.1464656591415403 0.0014764710795134
2451461.4991873205 0.7795838713645934 0.0012976733269169
2451461.5755754765 1.1772334575653076 0.0014903997071087
2451461.65196362 0.8973098397254944 0.0013594306074082
2451461.727657312 1.150829017162323 0.0014792499714530501
2451461.803350991 0.7854281067848204 0.0013008445966988
2451461.879739094 1.176738739013672 0.0014915171777829
2451461.956127184 0.9074960350990297 0.0013629324967041
2451462.03251526 1.1479463577270508 0.0014774133451282
2451462.108903323 0.8498755693435669 0.001334672095254
2451462.1852913722 1.1482070684432983 0.0014765587402507
2451462.260984971 1.0105742812156677 0.0014134486555121
2451462.3366785576 1.1270421743392944 0.0014679314335808
2451462.413066567 0.9841187000274656 0.0014007618883624
2451462.489454563 1.1036078929901123 0.0014573786174878
2451462.5658425456 1.0963382720947263 0.0014531930210068
2451462.6422305154 1.0880333185195925 0.0014501246623694
2451462.7186184716 1.058965802192688 0.0014366469113156
2451462.795006416 1.043121099472046 0.00142839376349
2451462.870699912 1.1429829597473145 0.00147508794907475
2451462.9463933953 1.0229119062423706 0.0014189839130267
2451463.022781303 1.1014713048934937 0.0014576015528291
2451463.099169199 0.9202992916107176 0.0013691311469301
2451463.1755570844 1.1701180934906004 0.0014881931710988
2451463.251944959 0.9382339119911194 0.0013789196964353
2451463.3283328256 1.1297173500061035 0.0014694102574139
2451463.404720684 0.7864020466804504 0.0013009852264076
2451463.4804141014 1.178148865699768 0.0014917102525941498
2451463.55402421 0.8835442960262299 0.00135196733754125
2451463.6352731013 1.1505460739135742 0.0015111528337001
2451463.68388355 0.6958783864974976 0.0013532553566619
2452174.266094911 0.8689310550689697 0.0013382294564507498
2452174.3320687474 1.171794891357422 0.0014845698606222
2452174.4084594883 0.7737486362457275 0.0012889569625258
2452174.4848502106 1.1636250019073486 0.0014814540045335
2452174.5612409143 0.916843831539154 0.0013629227178171
2452174.6369371386 1.1734139919281006 0.0014859498478472
2452174.712633346 0.7747150659561157 0.0012893076054751
2452174.7890239963 1.143638014793396 0.0014727406669408
2452174.8654146297 0.9257438182830808 0.0013670654734596
2452174.9418052454 1.1707075834274292 0.0014844327233731
2452175.0181958443 0.864823818206787 0.0013367494102567
2452175.094586427 1.1125050783157349 0.0014583588344976
2452175.170282533 1.0257262587547302 0.0014166313922031998
2452175.245978623 1.14726185798645 0.001473638578318
2452175.322369157 0.9943606853485109 0.001401872606948
2452175.3987596747 1.065886616706848 0.0014369032578542
2452175.475150177 1.1070997714996336 0.0014562989817932
2452175.551540663 1.1071146726608276 0.001455444493331
2452175.6279311343 1.072569727897644 0.0014391846489161
2452175.70432159 1.008579969406128 0.0014091676566749
2452175.780017572 1.1469356417655945 0.0014735533623024
2452175.8557135393 1.0407068729400637 0.0014244749909266
2452175.93210395 1.1234086751937866 0.0014626383781433
2452176.0084943464 0.8861920833587646 0.0013467852259054
2452176.084884728 1.164135456085205 0.0014822582015767
2452176.161275095 0.9550318121910096 0.0013825600035488
2452176.2376654474 1.1562585830688477 0.0014782029902562
2452176.314055786 0.7797603607177734 0.0012934351107105
2452176.3897516523 1.1655195355415344 0.0014822972589172
2452176.465447505 0.9136879444122312 0.0013608833542093
2452176.541837801 1.17104971408844 0.0014850674197077
2452176.6182280835 0.7701112627983093 0.0012867593904957
2452176.6946183518 1.1661458015441897 0.001482737949118
2452176.771008606 0.9173699021339417 0.0013630242319777
2452176.847398847 1.169487714767456 0.0014841041993349
2452176.923094617 0.7666362524032593 0.00128465984016655
2452176.998790374 1.1665796041488647 0.0014822563389316
2452177.0751805743 0.9152851700782778 0.001361982896924
2452177.151570761 1.1700665950775146 0.0014841783558949
2452177.2279609344 0.7733080387115479 0.0012893520761281
2452177.304351094 1.1659001111984253 0.0014819911448284
2452177.380741241 0.9132391214370728 0.0013612351613119
2452177.45782583 1.172909438610077 0.0014858650392852
2452177.532827039 0.7685291767120361 0.0012861884315498
2452177.6085226904 1.14056396484375 0.0014710141113027
2452177.6849127845 0.9360633492469788 0.0013722409494221
2452177.7613028656 1.16953444480896 0.0014851040905341
2452177.837692934 0.8804992437362672 0.0013438808964565
2452177.914082989 1.1080702543258667 0.0014560122508555
2452177.990473031 1.025629997253418 0.0014166306937113
2452178.066168606 1.1469281315803528 0.0014732199488207
2452178.1418641675 1.011435866355896 0.0014087578747421
2452178.218254172 1.061941385269165 0.0014336701715365
2452178.2946441625 1.1104649305343628 0.001455633318983
2452178.371034141 1.1065003871917725 0.0014544675359502
2452178.4474241068 1.0841816663742063 0.0014432445168495
2452178.52381406 0.9945749640464784 0.0014016195200383
2452178.600204 1.1464864015579224 0.0014738263562321
2452178.6758994735 1.041252076625824 0.0014239513548090499
2452178.751594935 1.1316230297088623 0.0014662985922768
2452178.8279848373 0.8755877614021301 0.0013414418790489
2452178.9043747275 1.1626471281051636 0.0014809926506131
2452178.980764605 0.949949324131012 0.0013789765071123
2452179.05715447 1.1609315872192385 0.0014799794880673
2452179.1335443226 0.7674763202667235 0.0012861333088949
2452179.209239709 1.163336455821991 0.0014814762398600002
2452179.2849350837 0.9194073677062988 0.0013646550942212
2452179.3613248994 1.1743808984756468 0.0014862838434055
2452179.437714702 0.7721880078315735 0.0012890297221019
2452179.51896566 1.1695843935012817 0.00148450717097145
2452179.5904942704 0.9128164649009703 0.0013603770639747
2452179.666884036 1.1745610237121582 0.0014867028221488
2452179.743273789 0.7767142653465272 0.001290505984798
2452179.8189690774 1.1594474911689758 0.0014799117925576501
2452179.894664354 0.9134059548377992 0.0013629515888169
2452179.97105407 1.1734259128570557 0.0014859216753393
2452180.047443774 0.7689836621284484 0.0012873087543994
2452180.1238334654 1.1621108055114746 0.0014807451516389
2452180.2002231446 0.9153664112091064 0.0013624157290905
2452180.2766128117 1.172081708908081 0.0014849764993414
2452180.352308015 0.7678001821041107 0.0012858370901085
2452180.428003206 1.1346199512481687 0.0014685702044516
2452180.504392836 0.9447945952415464 0.0013766444753855
2452180.5807824535 1.166543960571289 0.0014834374887868
2452180.657172059 0.8952472209930421 0.0013513551093637
2452180.7335616522 1.1026606559753416 0.0014544303994625
2452180.809951233 1.0315728187561035 0.0014192328089848
2452180.8863408016 1.1452524662017822 0.0014736985322088
2452180.9620359074 1.0133060216903687 0.00141123478533695
2452181.0377310007 1.0561991930007937 0.0014307312667369
2452181.1141205328 1.113983154296875 0.0014588491758331
2452181.190510052 1.102347493171692 0.0014529270119965
2452181.266899559 1.0891540050506592 0.0014460742240771
2452181.343289054 0.9881912469863892 0.0013979151844978
2452181.4196785362 1.1481064558029177 0.0014739608159288
2452181.4960680064 1.036820650100708 0.0014224180486053
2452181.5717630144 1.1303983330726621 0.0014665766502730002
2452181.6474580104 0.8607487082481384 0.0013351734960451
2452181.7238474432 1.1614588499069212 0.0014804046368226
2452181.800236864 0.93831467628479 0.0013732865918427
2452181.8766262727 1.1651042699813845 0.0014827451668679
2452181.953015669 0.7746115326881408 0.0012895569670945
2452182.0294050523 1.1614495515823364 0.0014813446905463
2452182.105099974 0.9118393063545227 0.00136092631146305
2452182.180794885 1.1737631559371948 0.0014859853545203
2452182.257184231 0.7752425670623779 0.0012896924745291
2452182.3335735654 1.1627819538116455 0.0014823722885921
2452182.409962887 0.9163135290145874 0.0013624565908685
2452182.486352196 1.1724920272827148 0.001486764056608
2452182.5627414924 0.7676451206207275 0.001287383493036
2452182.6391307767 1.160699725151062 0.0014803833328187
2452182.7148256004 0.9128060340881345 0.0013613624614663001
2452182.7905204115 1.1742936372756958 0.0014870358863845
2452182.866909658 0.77945876121521 0.0012920814333483
2452182.943298892 1.1625157594680786 0.0014817581977695
2452183.0196881136 0.9113351106643676 0.001361338654533
2452183.0960773225 1.1727381944656372 0.0014853972243145
2452183.1724665184 0.7710530757904052 0.0012882179580628
2452183.248161255 1.1378892660140991 0.00147024955367665
2452183.323855979 0.9569798707962036 0.0013854281278327
2452183.400245137 1.166961908340454 0.001483671949245
2452183.4766342826 0.9086774587631224 0.0013596836943179
2452183.5530234156 1.1011836528778076 0.0014533433131873
2452183.629412536 1.0438616275787351 0.0014269544044509
2452183.7058016434 1.1480754613876345 0.0014755190350115
2452183.782190738 1.0165958404541016 0.0014129809569567
2452183.8578853738 1.0576650500297546 0.00143320061033585
2452183.9335799967 1.1209473609924316 0.0014635185943916
2452184.0099690533 1.0930873155593872 0.0014508140739053
2452184.086358097 1.09441339969635 0.0014509337488561
2452184.162747128 0.9769125580787658 0.0013945793034508
2452184.239136146 1.1486660242080688 0.0014775156741961
2452184.3155251513 1.0327833890914917 0.0014223919715732
2452184.391914144 1.1299694776535034 0.0014687142102047
2452184.467608679 0.8600811064243317 0.0013377601862884498
2452184.543303201 1.1608893871307373 0.0014836344635114
2452184.619692156 0.928615927696228 0.0013722417643293
2452184.696081098 1.1690404415130615 0.0014889291487634
2452184.772470028 0.7761350870132446 0.0012953913537785
2452184.848858946 1.163810968399048 0.0014864986296743
2452184.9252478513 0.9184940457344056 0.0013706793542951
2452185.0009423 1.175874650478363 0.0014933987404219
2452185.0766367377 0.7730709314346313 0.0012961470056325
2452185.153025608 1.1671481132507324 0.0014909615274518
2452185.2294144672 0.923632264137268 0.0013736634282395
2452185.305803316 1.1750673055648804 0.0014958514366298
2452185.3821921544 0.7777987718582153 0.0013031577691435
2452185.458580984 1.164739966392517 0.0014937851810827
2452185.534969804 0.916109561920166 0.0013867627130821
2452185.610664173 1.175698697566986 0.0015270408475771
2452185.686358536 0.7739168405532837 0.0013647786108776
2452185.746080691 1.0985918045043943 0.0015378430252894
2452187.224556541 1.0631942749023438 0.0014669146039523
2452187.287751457 0.8567108511924743 0.0013346050400286
2452187.3634464587 1.1656761169433594 0.0014834668254478998
2452187.439141447 0.9172977209091184 0.0013644733699038
2452187.515530869 1.1722843647003172 0.0014865775592625
2452187.5919202724 0.7669453024864196 0.0012859958223998
2452187.668309656 1.162366271018982 0.0014806063845753
2452187.744699019 0.920785903930664 0.0013655850198119
2452187.8210883606 1.1720699071884155 0.0014856056077405
2452187.8967832327 0.778870165348053 0.0012918761931359
2452187.9724780833 1.1658910512924194 0.0014826453989371
2452188.049561809 0.9157103300094603 0.0013626111322081998
2452188.1252566176 1.175943613052368 0.0014871037565171
2452188.2016458535 0.773516297340393 0.0012881509028375
2452188.278035069 1.161025047302246 0.0014802084770053
2452188.354424264 0.9196933507919312 0.0013644284335896
2452188.430813439 1.173079252243042 0.0014862316893413
2452188.506508148 0.7674864232540131 0.00128595094429325
2452188.5822028373 1.1637945175170898 0.0014813906745985
2452188.658591955 0.916020393371582 0.0013620030367746
2452188.7349810535 1.1715924739837646 0.0014862844254821
2452188.811370134 0.7787100672721863 0.0012916098348796
2452188.887759196 1.132564663887024 0.0014667570358142
2452188.9641482406 0.9637280106544496 0.0013854256831109
2452189.0398428217 1.1633815765380857 0.00148104777326805
2452189.1155373855 0.9351693391799928 0.0013710721395909
2452189.1912319325 1.0908493995666504 0.0014482768601737
2452189.2683153534 1.0640361309051511 0.0014346587704494
2452189.3447043123 1.1408281326293943 0.0014708793023601
2452189.421093255 1.0353695154190063 0.0014203070895746
2452189.497482181 1.052872896194458 0.0014285423094406
2452189.573871091 1.1231881380081177 0.0014622872695326
2452189.6495655403 1.0914190411567688 0.0014475010684691
2452189.725259974 1.1041204929351809 0.0014526990707963
2452189.801648837 0.9651200771331788 0.0013860703911632
2452189.8780376846 1.1759413480758667 0.0014873052714392
2452189.9544265163 1.0279239416122437 0.0014169351197779
2452190.030815333 1.15034019947052 0.0014746354427188
2452190.1072041346 0.8529611229896545 0.0013296083780005
2452190.1835929216 1.166860580444336 0.001482579158619
2452190.25928725 0.9200835525989532 0.0013641330297104498
2452190.334981564 1.1831649541854858 0.0014895803760737
2452190.4113703067 0.7858376502990722 0.0012940975138917
2452190.487759035 1.1666678190231323 0.0014824202517047
2452190.564147749 0.914902865886688 0.0013616906944662
2452190.6405364485 1.176557540893555 0.0014868318103253
2452190.716925134 0.7743493318557739 0.0012886830372735
2452190.7926193625 1.1655186414718628 0.00148164737038305
2452190.8683135775 0.924458146095276 0.0013651039917021
2452190.944702221 1.1779286861419676 0.0014870243612676
2452191.0210908507 0.7755186557769774 0.0012882938608527
2452191.0974794663 1.1639089584350584 0.00148043804802
2452191.173868068 0.9180843234062196 0.0013625334249809
2452191.2502566567 1.1759653091430664 0.0014861614909023
2452191.3266452313 0.7828801870346069 0.0012917922576889
2452191.402339351 1.1624221801757812 0.0014796177856624
2452191.4780334574 0.9217202067375184 0.0013634054921567
2452191.5544219916 1.1794648170471191 0.0014863347169011
2452191.6308105127 0.7949299216270447 0.0013002043124288
2452191.7071990203 1.131733536720276 0.0014651308301836
2452191.783587515 0.9729496240615844 0.0013898665783926
2452191.859975996 1.1676366329193115 0.001481813378632
2452191.9356700233 0.9400824308395386 0.00137373147299505
2452192.011364038 1.0911072492599487 0.0014463141560554
2452192.08775248 1.0741920471191406 0.0014389655552804
2452192.164140909 1.1391137838363647 0.0014684330672025
2452192.240529325 1.0451997518539429 0.0014233760302886
2452192.3169177277 1.046375751495361 0.0014243650948628
2452192.393306118 1.1293758153915403 0.0014640847221016
2452192.469694495 1.0929850339889526 0.0014474082272499
2452192.5453884196 1.1069093346595764 0.00145409663673485
2452192.6210823315 0.9511451125144958 0.0013779262080788
2452192.6974706706 1.160797953605652 0.001478444901295
2452192.7738589966 1.0091078281402588 0.0014066712465137
2452192.85024731 1.1410914659500122 0.0014694079291075
2452192.9266356104 0.8310207724571229 0.00131691317074
2452193.0030238987 1.166085720062256 0.0014820318901911
2452193.079412174 0.921222984790802 0.0013627394801005
2452193.155105998 1.1751055717468262 0.0014860459486953
2452193.230799809 0.7742124795913696 0.0012877582339569
2452193.307188047 1.1649497747421265 0.0014808416599407
2452193.383576272 0.9251170754432678 0.0013647325104102
2452193.455103417 1.1825238466262817 0.0014883195981382998
2452193.5363526847 0.773869514465332 0.0012878802372142
2452193.612740872 1.165822148323059 0.0014812011504545
2452193.688434609 0.9143574833869934 0.0013604374253190499
2452193.7641283344 1.1737141609191897 0.001485513173975
2452193.8405164843 0.7800864577293397 0.0012906646588817
2452193.916904622 1.1665472984313965 0.0014816469047218
2452193.9932927475 0.9173959493637086 0.0013623211998492
2452194.0696808603 1.175648808479309 0.0014863988617435
2452194.146068961 0.7693015336990355 0.0012861817376688
2452194.222457049 1.1604390144348145 0.0014792429283261
2452194.298150688 0.916800409555435 0.00136137357912955
2452194.373844315 1.175523281097412 0.0014860898954793
2452194.450232366 0.8112257719039918 0.0013076742179691
2452194.526620405 1.1283644437789917 0.0014633852988481
2452194.6030084314 0.9835916161537168 0.0013940052594989
2452194.6793964454 1.163572072982788 0.0014807023108005
2452194.755784447 0.9415335059165952 0.0013732603983953
2452194.832172436 1.0927462577819824 0.0014471739996224
2452194.9078659774 1.0787737965583801 0.0014401341904885499
2452194.983559506 1.1319714784622192 0.0014657942811027
2452195.0599474586 1.0526267290115356 0.0014280102914199
2452195.136335399 1.0353692770004272 0.0014199988218024
2452195.212723327 1.13492751121521 0.0014667675131931
2452195.2898056777 1.0881982445716858 0.00144510762766
2452195.3654991454 1.1060540676116943 0.0014534172369167
2452195.441192601 0.9465621113777161 0.00137598015135145
2452195.5168860443 1.1641598939895628 0.0014803693629801
2452195.5932739107 0.997081398963928 0.0014007022837176
2452195.6696617645 1.1451486349105835 0.0014716970035806
2452195.7460496062 0.81205415725708 0.001306407735683
2452195.8224374354 1.1653624773025513 0.001480525592342
2452195.8988252524 0.920390486717224 0.0013633306371048
2452195.975213057 1.1749523878097534 0.0014859265647828
2452196.0509064146 0.7675044238567352 0.00128475925885135
2452196.1265997603 1.164828538894653 0.0014797310577705
2452196.2029875275 0.9150205850601196 0.0013598080258816
2452196.2793752826 1.1762564182281494 0.0014855454210191
2452196.3557630256 0.7813745141029358 0.0012909393990412
2452196.4321507555 1.1661324501037595 0.0014814611058682
2452196.5085384734 0.9171022772789 0.0013613123446702
2452196.5849261787 1.1736650466918943 0.0014850405277684
2452196.6606194377 0.7698951959609985 0.0012848991900681998
2452196.736312685 1.167439103126526 0.0014819545904174
2452196.812700353 0.9216529130935668 0.0013640666147693
2452196.8890880086 1.1761246919631958 0.0014860498486086
2452196.9654756514 0.7775242924690247 0.0012905809562653
2452197.0418632817 1.157563090324402 0.0014763232320547
2452197.1182508995 0.9146584272384644 0.0013605521526187
2452197.193944072 1.177596926689148 0.001485873828642
2452197.269637232 0.830318808555603 0.0013169295853003
2452197.346024812 1.1230469942092896 0.0014612193917855
2452197.4224123796 0.993959844112396 0.001398995751515
2452197.498799934 1.157124638557434 0.0014772529248148
2452197.5751874764 0.9569147825241088 0.0013819495216012
2452197.6515750056 1.0879998207092283 0.0014445314882323
2452197.727962522 1.0809627771377563 0.0014405393740162
2452197.8036555937 1.1308616995811462 0.00146481947740535
2452197.8793486534 1.062949299812317 0.0014318908797577
2452197.9557361314 1.0304951667785645 0.0014160823775455
2452198.032123597 1.1365442276000977 0.0014677927829325
2452198.1085110493 1.0744723081588743 0.001438692677766
2452198.184898489 1.11689555644989 0.0014570262283086
2452198.261285916 0.9447929859161378 0.0013748051133006
2452198.336978899 1.1668615937232971 0.0014804332167841
2452198.412671869 0.985455334186554 0.0013945816317573
2452198.4890592573 1.1555151939392088 0.0014756142627447
2452198.5654466324 0.799235165119171 0.0013004876673221
2452198.641833995 1.1676193475723269 0.0014815755421295
2452198.718221344 0.9169277548789978 0.001360964262858
2452198.7946086805 1.175657033920288 0.0014856604393571
2452198.8709960044 0.7848098874092102 0.0012932304525747
2452198.946688885 1.1695536971092224 0.0014822833472862501
2452199.022381753 0.9180320501327514 0.0013615656644105
2452199.0987690384 1.1762124300003052 0.0014854682376608
2452199.1751563116 0.7776762247085571 0.0012899857247248
2452199.251543572 1.1682534217834473 0.0014824179233983
2452199.32793082 0.9218035340309144 0.0013632355257868
2452199.4043180565 1.1763359308242796 0.0014855071203783
2452199.480705281 0.7769107818603516 0.0012897937558591
2452199.556398065 1.1676878929138184 0.00148071773583065
2452199.632090838 0.9141501784324644 0.0013596293283626
2452199.7084780303 1.176809310913086 0.001486103516072
2452199.7848652126 0.782495677471161 0.0012924710754305
2452199.861252387 1.1561917066574097 0.0014855316840112
2452199.9376395536 0.916761636734009 0.0013925979146733
2452200.014026715 1.1760696172714231 0.0015369829488918
2452200.089719444 0.8389974534511565 0.0014174238895066
