2451656.4907377176 0.990980476140976 0.01719822082668535
2451656.5317108715 1.001344084739685 0.0166678577661514
2451656.5719895633 1.0066450834274292 0.0163888428360223
2451656.6122682546 0.9921478629112244 0.0161316823214292
2451656.652546945 0.9936740398406982 0.0157805513590574
2451656.6928256345 0.9762924909591674 0.0157134179025888
2451656.7331043226 0.9963546395301818 0.0153702227398753
2451656.7733830092 1.0106867551803589 0.015190377831459
2451656.8136616955 0.9924384951591492 0.0141762997955083
2451656.8546348405 1.0014176964759827 0.01378622325137255
2451656.895607984 1.0014690160751345 0.0137135032564401
2451656.9358866666 1.0034445524215698 0.0136568611487746
2451656.976165348 1.0022294521331787 0.0135874608531594
2451657.0164440284 1.0001386404037476 0.0135464267805218
2451657.0567227076 1.0041412115097044 0.0135297328233718
2451657.0970013854 1.0039213895797727 0.0135297924280166
2451657.1372800623 1.0059605836868286 0.0135370092466473
2451657.177558738 1.005655527114868 0.0135303372517228
2451657.217837412 1.005889058113098 0.0135270981118083
2451657.258810545 1.0074050426483154 0.0135063123889267
2451657.2997836764 1.0071510076522827 0.013464193791151
2451657.3352011284 1.0064295530319214 0.01343127852305765
2451657.380341016 1.0065350532531738 0.0134099628776311
2451657.4192307647 1.0074226856231687 0.0134017346426844
2451657.460203891 1.0097171068191528 0.0134120089933276
2451657.502565936 1.00956654548645 0.0134082287549972
2451657.5421501403 1.0134402513504028 0.013420083094388201
2451657.5817343434 1.0120809078216553 0.0134261911734938
2451657.6206240854 1.0153509378433228 0.0134425340220332
2451657.6650695037 1.0173953771591189 0.0134322149679064
2451657.701181405 1.0124261379241943 0.0134355090558528
2451657.7463212796 1.0066445469856262 0.01343191275373095
2451657.784516557 1.0106021761894226 0.01343183265998955
2451657.8241007524 1.0101746320724487 0.0134324436075985
2451657.8650738653 1.0036470890045166 0.013433726504445
2451657.9060469763 1.002867043018341 0.01342820329591625
2451657.945631168 1.0031157732009888 0.013419815339148
2451657.985909817 1.0028560161590576 0.0133989229798316
2451658.026188465 0.9679237008094788 0.0133787291124463
2451658.067161571 0.9519218504428861 0.01335931755602355
2451658.108134675 0.9543229937553404 0.0133692771196365
2451658.1484133187 0.9845806360244752 0.013380728662014
2451658.188691961 1.0003048181533811 0.0133906556293368
2451658.229665061 1.0054860115051267 0.0134066515602171
2451658.2685547816 1.0031630992889404 0.013403546996414651
2451658.3095278786 1.0014861822128296 0.013397884555161
2451658.349806515 0.9979418516159057 0.0133803496137261
2451658.39008515 0.9989461898803712 0.013365882448852
2451658.430363783 1.0004273653030396 0.0133660230785608
2451658.4713368746 0.9996749758720397 0.0133653501980006
2451658.511615505 1.0022862553596497 0.0133681748993694
2451658.552588593 1.003625988960266 0.0133841652423143
2451658.5928672203 0.9996012449264526 0.0133890956640243
2451658.633145847 1.0030267238616943 0.0133866779506206
2451658.673424471 1.0021085739135742 0.0133883701637387
2451658.713703094 1.000607132911682 0.0133904004469513
2451658.7539817155 1.0025696754455566 0.01337780803442
2451658.7942603356 1.0028425455093384 0.0133815072476863
2451658.834538954 1.0012603998184204 0.0133817745372653
2451658.8755120295 1.0044965147972107 0.01338609308004375
2451658.9164851042 1.0041093826293943 0.0133749265223741
2451658.956763718 1.0026243925094604 0.0133688654750585
2451658.99704233 1.002659797668457 0.0133581552654504
2451659.0373209408 1.001188278198242 0.0133555671200156
2451659.07759955 1.0030728578567505 0.0133459940552711
2451659.1178781576 1.0021400451660156 0.0133494231849908
2451659.1581567638 1.0027257204055786 0.0133551396429538
2451659.1984353685 1.002187132835388 0.0133437355980277
2451659.2387139713 0.9994256496429444 0.0133462864905595
2451659.279687031 1.0021325945854187 0.013350788969546501
2451659.3206600896 0.9977699518203736 0.0133375041186809
2451659.3609386883 1.0017589330673216 0.0133308907970786
2451659.4012172846 1.0007363557815552 0.0133279114961624
2451659.4414958796 0.9994587898254392 0.0133178532123565
2451659.481774473 0.9996455907821656 0.0133212087675929
2451659.5220530652 0.9963861107826234 0.0133316619321703
2451659.5616371967 0.9970882534980774 0.013330684043467
2451659.602610244 0.9965896010398864 0.0133271589875221
2451659.6428888314 0.9966351985931396 0.013331108726561
2451659.683861875 0.9997542798519135 0.013331054244190451
2451659.724834917 0.9976613521575928 0.0133250299841165
2451659.7651134995 0.9981294870376588 0.0133329480886459
2451659.8053920805 0.9973444938659668 0.013323844410479
2451659.845670659 0.9944114685058592 0.0133262872695922
2451659.8859492363 0.9983755946159362 0.0133376698940992
2451659.926227812 0.9991536736488342 0.0133204525336623
2451659.9665063866 0.9977771639823912 0.0133331902325153
2451660.006784959 0.9968749284744264 0.0133054433390498
2451660.04706353 0.999165654182434 0.0132921719923615
2451660.0880365577 0.9977969825267792 0.0132877314463257
2451660.1290095835 0.9975021481513976 0.0132876019924879
2451660.169288149 1.0050810575485227 0.0132940215989947
2451660.2095667133 1.0020391941070557 0.0132912006229162
2451660.2498452766 1.000129222869873 0.0132831810042262
2451660.2901238375 0.9995377659797668 0.0132966609671711
2451660.330402397 1.0050327777862549 0.0132814794778823
2451660.370680955 1.0016653537750244 0.0132805006578564
2451660.410959511 1.0030887126922607 0.0132815781980752
2451660.4512380655 1.0005469322204588 0.0132686598226428
2451660.4922110764 0.9989865720272064 0.0132793104276061
2451660.533184085 1.0033519268035889 0.0132777709513902
2451660.5734626353 1.002869963645935 0.013278885744512
2451660.6137411827 1.0001349449157717 0.013285169377923
2451660.6540197292 1.0010095834732056 0.0132939862087368
2451660.694298274 1.0035085678100584 0.0132928425446152
2451660.73943802 1.0018594861030579 0.01328936265781515
2451660.7741609 1.006560742855072 0.01328336913138625
2451660.8151338976 1.005178928375244 0.0132859675213694
2451660.8561068936 1.0075476765632627 0.013282133731991
2451660.8970798873 1.0049867630004885 0.0132821025326848
2451660.9373584217 1.0033332109451292 0.0132796503603458
2451660.9776369547 0.999967873096466 0.0132683403789997
2451661.0179154864 0.9953283071517944 0.0132532278075814
2451661.058194016 0.9616738557815552 0.0132381794974207
2451661.098472544 0.9537627696990968 0.0132223684340715
2451661.1387510705 0.9585590362548828 0.0132222138345241
2451661.1783351377 0.9948179423809052 0.0132328970357775
2451661.2200025753 1.0012772083282473 0.01325487205758685
2451661.2595866392 0.9971662759780884 0.0132402032613754
2451661.3005596166 0.9999454915523529 0.01323464605957265
2451661.3415325917 0.9985532164573668 0.0132340071722865
2451661.381811108 1.0045922994613647 0.0132261561229825
2451661.42278408 1.0047553777694702 0.013227091636508651
2451661.462368136 1.0035194158554075 0.013225014321506
2451661.5026466474 1.0017822980880735 0.0132279312238097
2451661.542925157 1.002837300300598 0.0132319685071706
2451661.581814751 1.00389301776886 0.0132411392405629
2451661.6234821714 1.004100322723389 0.0132435774430632
2451661.663760676 1.008065104484558 0.0132457967847585
2451661.704733636 1.0037891864776611 0.0132371643558144
2451661.745706595 1.0048043727874756 0.0132389832288026
2451661.7859850945 1.0040534734725952 0.0132347112521529
2451661.8262635926 1.0057545900344849 0.0132377790287137
2451661.866542089 1.0047478675842283 0.0132372509688138
2451661.9068205836 1.0035227537155151 0.0132498666644096
2451661.9470990766 1.0027614831924438 0.0132326781749725
2451661.987377568 1.0055301189422607 0.0132344169542193
2451662.0276560583 1.0046534538269043 0.0132227502763271
2451662.067934546 1.0015631914138792 0.0132214277982711
2451662.108907489 1.004306674003601 0.013215001206845
2451662.1498804307 1.0055265426635742 0.0132086556404829
2451662.190158914 1.0048660039901731 0.0132100163027644
2451662.2304373956 1.002716302871704 0.0132082495838403
2451662.270715875 1.003789305686951 0.0132065499201416
2451662.310994353 1.0024019479751587 0.0131959142163395
2451662.3512728303 1.005154728889465 0.0132046751677989
2451662.391551305 1.0030823945999143 0.0132008036598563
2451662.431829778 1.0021289587020874 0.0131885604932904
2451662.47210825 1.0044317245483398 0.0131903765723109
2451662.513081176 1.0015987157821655 0.0131887672469019
2451662.554054101 0.9970606565475466 0.0131883230060338
2451662.5943325674 0.9958553314208984 0.0131937582045793
2451662.634611033 0.9975599646568296 0.0131949484348297
2451662.674889496 0.999033749103546 0.0131993256509304
2451662.715167958 0.999225616455078 0.0131972916424274
2451662.7554464177 1.0024925470352173 0.0131990006193518
2451662.7957248767 1.0008796453475952 0.0131900198757648
2451662.8360033333 1.0008572340011597 0.0131915668025612
2451662.8762817886 0.999172568321228 0.0131860692054033
2451662.9172546985 0.999268054962158 0.013190964702516749
2451662.958227607 0.9995990991592408 0.0131889740005135
2451662.998506057 1.0004303455352783 0.0131889842450618
2451663.038784506 1.0001941919326782 0.0131814861670136
2451663.079062953 0.9981783628463744 0.0131714409217238
2451663.1193413986 1.0014564990997314 0.0131753711029887
2451663.1596198427 0.9963666200637816 0.0131790367886424
2451663.199898285 0.997482180595398 0.0131730465218424
2451663.240176726 0.9981052279472352 0.0131701165810227
2451663.280455165 1.000218391418457 0.013167280703783
2451663.3214280587 1.0006717443466187 0.01316849980503315
2451663.3630954064 1.0006182789802551 0.01316421991214155
2451663.402679385 1.001570463180542 0.013161826878786
2451663.4429578176 0.9997302889823912 0.0131671959534287
2451663.483236249 1.0007953643798828 0.0131658921018242
2451663.523514679 1.0009577274322508 0.0131571590900421
2451663.563793107 1.000170350074768 0.0131625644862651
2451663.6040715333 1.000393629074097 0.0131616685539484
2451663.6443499583 1.0015323162078855 0.0131677882745862
2451663.6846283823 0.998638927936554 0.0131614841520786
2451663.7256012596 1.000107228755951 0.01317653851583595
2451663.7665741355 0.9972081184387208 0.0131615186110138
2451663.806852554 0.9988777637481688 0.0131654618307948
2451663.8471309715 0.9996262788772584 0.0131654217839241
2451663.887409387 0.9984666109085084 0.0131602119654417
2451663.9276878014 0.9972172379493712 0.0131586147472262
2451663.9679662143 0.996289312839508 0.0131572466343641
2451664.0082446253 1.0005487203598022 0.0131646338850259
2451664.048523035 0.981624901294708 0.0131463715806603
2451664.0839402564 0.9563325941562653 0.013135737273842051
2451664.128385395 0.953026384115219 0.0131270480342209
2451664.1707471656 0.9668883681297302 0.0131332902237772
2451664.2117200242 0.9966216683387754 0.01315125264227385
2451664.2513039713 1.0023202896118164 0.0131556326523423
2451664.291582372 0.999057114124298 0.0131543977186083
2451664.3318607714 0.9979285597801208 0.0131552629172801
2451664.372139169 0.9984678626060484 0.0131554128602147
2451664.41172311 1.0014240741729736 0.0131499664857983
2451664.45269596 1.0013797283172607 0.0131445629522204
2451664.4929743535 1.0061604976654053 0.013149925507605
2451664.534641655 1.0028804540634155 0.0131364949047565
2451664.574920046 1.0043146610260008 0.0131469015032053
2451664.6145039797 1.0028124451637268 0.0131471380591392
2451664.6540879123 1.003014326095581 0.013143572025001
2451664.6957552084 1.0045915842056274 0.0131372483447194
2451664.736033594 1.0037826299667358 0.0131401056423783
2451664.774923067 1.004595637321472 0.0131355412304401
2451664.816590359 1.005737066268921 0.0131356362253427
2451664.857563194 1.0055131912231443 0.0131425042636692
2451664.896452664 1.0068626999855042 0.0131287286058068
2451664.9381199516 1.0062875747680664 0.01312926551327105
2451664.9790927824 1.0079833269119265 0.0131331402808427
2451665.019371158 1.0070093870162964 0.0131286494433879
2451665.0596495317 1.0076618194580078 0.0131372585892677
2451665.0999279036 1.0091711282730105 0.0131302140653133
2451665.1402062746 1.0076043605804443 0.0131389647722244
2451665.180484645 1.0040355920791624 0.0131272124126553
2451665.220763013 1.0091129541397097 0.0131306499242782
2451665.26104138 1.0085688829421997 0.0131347328424453
2451665.292291837 1.006461501121521 0.013129476923495451
2451665.3603483834 1.0098788738250732 0.013126458041369849
2451665.383265383 1.0046485662460327 0.0131455063819885
2451665.4235437447 1.0058602094650269 0.0131343891844153
2451665.463822106 1.007338523864746 0.0131333107128739
2451665.504100465 1.0081347227096555 0.0131329894065856
2451665.544378823 1.0065741539001465 0.0131285917013883
2451665.58465718 1.0037086009979248 0.0131319761276245
2451665.624935536 1.0030534267425537 0.0131281372159719
2451665.6652138904 1.000613570213318 0.0131264785304665
2451665.7054922436 1.002363681793213 0.0131286196410655
2451665.7464650497 1.0023680925369263 0.013121243566274601
2451665.7874378557 1.0024667978286743 0.0131279323250055
2451665.8277162053 1.0023953914642332 0.0131329232826828
2451665.8679945534 1.0015225410461424 0.013133518397808
2451665.9082729006 0.9973109364509584 0.0131280105561018
2451665.948551247 0.998778522014618 0.0131270000711083
2451665.988829592 0.9987434148788452 0.0131261684000492
2451666.0291079357 0.9973728060722352 0.0131301041692495
2451666.0693862783 0.99681556224823 0.0131281623616814
2451666.10966462 0.9956176877021788 0.013128294609487
2451666.1506374143 0.9995731711387633 0.013124509248882501
2451666.1916102073 1.00143563747406 0.0131224272772669
2451666.2318885457 0.998678743839264 0.0131240747869014
2451666.272166882 0.999289333820343 0.0131264086812734
2451666.3124452177 1.0001006126403809 0.0131236463785171
2451666.3527235524 1.0021295547485352 0.0131274480372667
2451666.393001886 1.00073504447937 0.0131277777254581
2451666.433280218 1.0011167526245115 0.0131262214854359
2451666.473558549 1.0006651878356931 0.0131255565211176
2451666.5138368793 1.003014326095581 0.0131258610635995
2451666.5548096616 0.9997690021991728 0.01312385313212865
2451666.595782443 1.0038418769836424 0.0131243839859962
2451666.6360607687 1.0026849508285522 0.0131276985630393
2451666.6763390936 0.998190939426422 0.0131205869838595
2451666.716617417 0.9987791776657104 0.0131297213956713
2451666.756895739 0.999859631061554 0.0131196212023496
2451666.7971740593 1.0005638599395752 0.0131251448765397
2451666.837452379 1.004568099975586 0.0131223611533641
2451666.8777306965 0.9979436993598938 0.013126297853887
2451666.918009012 1.001061201095581 0.0131252352148294
2451666.9589817803 0.9957803785800934 0.013125301338732149
2451666.999954546 0.9986400604248048 0.0131255220621824
2451667.0402328563 1.0029791593551636 0.0131199024617671
2451667.080511164 0.9715541005134584 0.0131051540374755
2451667.12078947 0.950002074241638 0.0130976056680083
2451667.161067773 0.9534806609153748 0.013099486939609
2451667.2013460738 0.9805733561515808 0.0131092919036746
2451667.241624371 1.0021047592163084 0.0131176710128784
2451667.2819026653 1.00691819190979 0.013115837238729
2451667.3221809557 1.0054761171340942 0.013121354393661
2451667.363153695 1.0045939683914185 0.0131211401894688
2451667.40412643 1.0067243576049805 0.0131219737231731
2451667.4444047073 1.0099397897720337 0.0131131596863269
2451667.484682978 1.006877303123474 0.0131233837455511
2451667.5249612425 1.00701642036438 0.0131229348480701
2451667.5652395003 1.0108236074447632 0.0131152253597974
2451667.6055177497 1.0126984119415283 0.0131173776462674
2451667.64579599 1.0123240947723389 0.0131272543221712
2451667.6812130553 1.0089665651321411 0.01312257256358855
2451668.6339965113 1.002091407775879 0.01337143499404185
2451668.65691321 0.9999629855155946 0.013365376740694
2451668.697191039 1.0019943714141843 0.0133753111585974
2451668.7374688624 1.0050190687179563 0.0133892055600881
2451668.7777466816 1.0067743062973022 0.0134087828919291
2451668.8180244956 1.0067362785339355 0.0134355537593364
2451668.858302306 1.0094670057296753 0.0134664149954915
2451668.8985801134 1.0117360353469849 0.0134661365300416
2451668.938163473 1.0137110352516174 0.01345896022394295
2451668.981913499 1.0089975595474243 0.0134552177041769
2451669.020802409 1.0092463493347168 0.0134523790329694
2451669.0610802067 1.0089097619056702 0.0134614966809749
2451669.1006635576 1.0082995295524597 0.0134754148311913
2451669.1416357965 1.0064804553985596 0.0134692946448922
2451669.1826080345 1.007155179977417 0.01346935518085955
2451669.2221913813 1.0016541481018066 0.013467033393681
2451669.2624691715 1.0034979581832884 0.0134665695950388
2451669.302746961 1.002509832382202 0.013465704396367
2451669.34302475 1.0036567449569702 0.0134487291797995
2451669.383996981 1.005003809928894 0.013448453973978699
2451669.4249692126 1.0047417879104614 0.0134600242599844
2451669.4645525534 1.0013687014579773 0.0134631376713514
2451669.5048303385 1.0057893991470337 0.0134767405688762
2451669.545802567 1.0037983655929563 0.0134824309498071
2451669.5853859056 1.0008529424667358 0.01348920632153745
2451669.6263581323 1.0020951032638548 0.0134889325127005
2451669.6666359142 0.9996092319488524 0.013472200371325
2451669.706913695 1.0005890130996704 0.0134607283398509
2451669.7471914752 1.0007612705230713 0.0134634086862206
2451669.788163699 0.9976828396320342 0.0134636317379772
2451669.8291359227 1.0002377033233645 0.0134726865217089
2451669.8694137004 0.9992408752441406 0.0134697295725345
2451669.909691477 0.9958309531211852 0.0134669169783592
2451669.949969254 0.9994108080863952 0.0134632978588342
2451669.9902470293 0.9964454770088196 0.0134363919496536
2451670.0305248043 0.9987104535102844 0.0134184816852211
2451670.0708025782 0.9973293542861936 0.0134152276441454
2451670.1110803513 0.9598698616027832 0.0133929112926125
2451670.151358124 0.9549630880355836 0.0133931329473853
2451670.1923303395 0.958075225353241 0.01339788828045125
2451670.233302554 0.9904415607452391 0.0134050566703081
2451670.2735803244 0.9997652173042296 0.0134053286164999
2451670.3138580928 1.0004572868347168 0.0133949778974056
2451670.3541358607 1.0008305311203003 0.0133897578343749
2451670.3944136277 0.9993187189102172 0.013390390202403
2451670.4346913937 1.0023213624954224 0.0133973211050033
2451670.474969159 1.001400589942932 0.0133962025865912
2451670.5152469226 0.998818814754486 0.0134092941880226
2451670.555524686 1.0040664672851562 0.0134272584691643
2451670.596496892 1.0014653205871582 0.01343116583302615
2451670.6374690975 1.0017215013504028 0.0134351477026939
2451670.677746857 0.9983953833580016 0.0134269772097468
2451670.7180246166 1.002153754234314 0.0134268244728446
2451670.7583023743 1.0030964612960815 0.0134271597489714
2451670.798580131 1.0002787113189695 0.013434899970889
2451670.838857887 1.0026021003723145 0.0134343029931187
2451670.8791356413 1.002368688583374 0.0134440064430236
2451670.9194133948 1.0002479553222656 0.01343575399369
2451670.9596911473 1.0039511919021606 0.0134284812957048
2451671.000663343 1.0039259791374207 0.0134111433289945
2451671.0416355366 1.0030616521835327 0.0133941667154431
2451671.0819132854 1.0071277618408203 0.0133995013311505
2451671.122191033 1.0007784366607666 0.0134048303589224
2451671.1624687794 1.0066561698913574 0.013403357937932
2451671.202746525 1.0058218240737915 0.0134044904261827
2451671.2430242687 1.0086220502853391 0.0134054282680153
2451671.283302012 1.007081151008606 0.0133974784985184
2451671.3235797533 1.0033271312713623 0.0133829498663544
2451671.364551937 1.004210889339447 0.0133794918656349
2451671.4055241197 1.0034050941467283 0.0133794136345386
2451671.445801858 1.0032567977905271 0.0133787002414464
2451671.486079594 1.004669189453125 0.0133682992309331
2451671.526357329 1.004236340522766 0.0133800953626632
2451671.566635063 1.0027906894683836 0.0133902207016944
2451671.6069127955 0.9984136223793028 0.0133938714861869
2451671.6471905266 0.999227464199066 0.0133844064548611
2451671.6874682563 0.9960433840751648 0.0133854206651449
2451671.7277459847 1.0011091232299805 0.0133843822404742
2451671.768718155 1.0010672807693481 0.0133952470496296
2451671.8096903246 1.0027996301651 0.0133959213271737
2451671.8499680487 1.0015488862991333 0.0134056424722075
2451671.890245772 0.9980352520942688 0.0134035944938659
2451671.9305234933 0.9980379939079284 0.0134055875241756
2451671.9708012133 0.9990100860595704 0.0133997136726975
2451672.011078932 0.997301399707794 0.0133792888373136
2451672.0464955457 0.9995439648628234 0.0133749563246965
2451672.091634365 0.9990270137786864 0.0133703891187906
2451672.126356533 1.0021687746047971 0.0133625362068414
2451672.1721897926 1.0009955167770384 0.0133671984076499
2451672.2124675037 1.0001143217086792 0.0133662754669785
2451672.2548285434 1.0027509331703186 0.01335657015442845
2451672.2944118087 0.9991092681884765 0.0133576029911637
2451672.3346895156 0.9981229305267332 0.0133476564660668
2451672.374967221 1.0026341676712036 0.0133458599448204
2451672.4145504823 1.0007689595222473 0.0133397569879889
2451672.4555226276 1.0016742944717407 0.0133379055187106
2451672.497883658 1.002188801765442 0.013347718399018
2451672.535383585 0.99991774559021 0.01335342926904555
2451672.577050169 0.9983501434326171 0.013360274489969001
2451672.6180223087 0.9998053312301636 0.0133568225428462
2451672.6576055605 0.998511105775833 0.0133611913770437
2451672.698577697 0.999399185180664 0.0133547009900212
2451672.7388553885 1.0025099515914917 0.0133660547435283
2451672.779133079 0.998721182346344 0.0133628826588392
2451672.819410768 0.9985244870185852 0.013368752785027
2451672.859688455 0.997408390045166 0.0133762545883655
2451672.8999661403 0.9998308420181272 0.0133736534044146
2451672.940243825 0.99793004989624 0.013383088633418
2451672.9819103926 0.9983466863632202 0.0133608020842075
2451673.0214936305 0.998344361782074 0.01335999695584175
2451673.0624657525 0.9993736147880552 0.0133429793640971
2451673.1027434305 0.9879890084266664 0.0133294565603137
2451673.1430211063 0.9543667435646056 0.0133108710870146
2451673.183993223 0.9528582990169525 0.01331694237887855
2451673.223576454 0.9560871720314026 0.0133158192038536
2451673.263854125 0.9943301081657407 0.0133311385288834
2451673.3041317947 1.000304937362671 0.0133206658065319
2451673.3444094625 1.0001101493835447 0.0133128697052598
2451673.385381572 0.9995737969875336 0.01331001147627825
2451673.426353679 1.000926494598389 0.0133118713274598
2451673.466631342 1.0029411315917969 0.0133102666586637
2451673.5069090035 0.9978041052818296 0.0133242262527346
2451673.547186664 0.9979571104049682 0.0133195649832487
2451673.587464322 0.998695969581604 0.0133276619017124
2451673.627741978 1.0019084215164185 0.0133369555696845
2451673.6680196333 1.000851273536682 0.0133403865620493
2451673.7082972866 1.0008920431137085 0.0133437300100922
2451673.748574938 1.000948429107666 0.0133447861298918
2451673.7895470303 1.0024641752243042 0.013345791026949851
2451673.830519121 1.0025606155395508 0.0133472811430692
2451673.8707967675 1.001464605331421 0.0133462129160761
2451673.9110744125 1.0015548467636108 0.0133434114977717
2451673.9513520557 1.004249930381775 0.0133314533159136
2451673.991629698 1.003219485282898 0.0133229428902268
2451674.0319073377 1.0045907497406004 0.0133225293830037
2451674.0721849757 1.0029842853546145 0.0133094210177659
2451674.112462613 1.0032266378402708 0.0133176706731319
2451674.1527402475 1.005083918571472 0.0133046293631196
2451674.193712323 1.0045032501220703 0.0133008449338376
2451674.234684396 1.002888321876526 0.0132985832169651
2451674.274962026 1.004628539085388 0.0132990395650267
2451674.3152396544 1.0037429332733154 0.0132955955341458
2451674.3555172808 1.0084571838378906 0.0132894041016697
2451674.3957949053 1.0042487382888792 0.0132787758484482
2451674.436072529 1.0084275007247925 0.0132770519703626
2451674.47635015 1.0063953399658203 0.0132780205458402
2451674.51662777 1.0056612491607666 0.0132820345461368
2451674.556905388 1.0095950365066528 0.0132874436676502
2451674.597877446 1.007062315940857 0.01329747913405295
2451674.6388495024 1.0027105808258057 0.0133044840767979
2451674.679127115 1.003027319908142 0.0133038153871893
2451674.7194047263 0.9990209341049192 0.0133052812889218
2451674.759682336 1.0036072731018066 0.0132977040484547
2451674.7999599436 1.0048741102218628 0.0133067332208156
2451674.8402375495 0.9992799162864684 0.0133069530129432
2451674.880515154 1.0031572580337524 0.0133042326197028
2451674.9207927566 1.0015861988067627 0.0133028095588088
2451674.9610703574 0.9997795820236206 0.0132966842502355
2451675.002042398 1.000616192817688 0.0132878646254539
2451675.0430144374 0.9994772672653198 0.0132766356691718
2451675.083292033 1.0022279024124143 0.0132665811106562
2451675.123569627 1.0023237466812132 0.0132611012086272
2451675.1638472197 1.003519296646118 0.0132695380598306
2451675.20412481 1.003197431564331 0.0132767623290419
2451675.244402399 1.0038691759109497 0.0132643030956387
2451675.284679986 1.0008140802383425 0.0132574643939733
2451675.324957572 0.9993980526924132 0.0132525218650698
2451675.3652351554 1.0034754276275637 0.0132532697170972
2451675.4048182964 1.0043071508407593 0.01324205240234725
2451675.450651405 1.0073686242103577 0.01324390619993205
2451675.4874567785 1.00238037109375 0.0132422633469104
2451675.5277343555 1.0051298141479492 0.0132544282823801
2451675.56801193 1.0035663843154907 0.0132634919136762
2451675.608289504 1.0016906261444092 0.0132608218118548
2451675.648567076 1.0029689073562622 0.0132621861994266
2451675.688844646 1.001922845840454 0.0132643971592187
2451675.729122214 1.0013920068740845 0.0132631650194525
2451675.769399781 0.9986220598220824 0.0132706062868237
2451675.8103717864 1.0013469457626345 0.0132588185369968
2451675.85134379 1.003785252571106 0.0132626136764884
2451675.8916213512 1.000688076019287 0.013260037638247
2451675.9318989115 1.0036354064941406 0.013252668082714
2451675.9721764694 1.0012822151184082 0.0132602220401167
2451676.0124540254 1.0023545026779177 0.0132487704977393
2451676.0527315796 0.998976469039917 0.0132432905957102
2451676.093009133 1.0019079446792605 0.013241596519947
2451676.133286684 0.9775046706199646 0.0132229169830679
2451676.1735642334 0.9588121175765992 0.0132024800404906
2451676.2145362217 0.9564960002899171 0.013206584379076899
2451676.255508208 0.968049108982086 0.0132085112854838
2451676.295785752 1.0031019449234009 0.013220764696598
2451676.3360632947 1.0027506351470947 0.0132205542176961
2451676.376340836 1.0036144256591797 0.0132178720086812
2451676.4166183746 1.0016329288482666 0.0132110072299838
2451676.456895912 1.0033025741577148 0.0132094575092196
2451676.4971734476 1.0042974948883057 0.0132103962823748
2451676.5374509823 0.9992739558219907 0.0132142966613173
2451676.578422955 1.003868281841278 0.013221717439591801
2451676.6193949254 1.0008553266525269 0.0132137537002563
2451676.6596724545 1.0033522844314575 0.0132253840565681
2451676.6999499816 1.002530217170715 0.013228602707386
2451676.740227507 1.0026565790176392 0.0132213039323687
2451676.780505031 1.0016577243804932 0.0132188079878687
2451676.8207825534 0.9989649653434752 0.0132293254137039
2451676.861060074 1.0016195774078367 0.0132236443459987
2451676.9013375924 1.0014832019805908 0.0132197309285402
2451676.9416151093 1.0033522844314575 0.0132177928462624
2451676.9825870655 1.0009115934371948 0.01321363495662805
2451677.023559019 1.00360906124115 0.0132159236818552
2451677.063836531 1.0008567571640017 0.0132000744342803
2451677.1041140417 1.004082441329956 0.0131999338045716
2451677.14439155 1.0053616762161257 0.0131929218769073
2451677.184669057 1.0030111074447632 0.0131951589137315
2451677.2249465627 1.005467176437378 0.0132003892213106
2451677.2652240666 1.0045492649078367 0.0131937405094504
2451677.3055015686 1.006425857543945 0.0131881479173898
2451677.345779069 1.0041983127593994 0.0131818745285272
2451677.3867510073 1.0076406598091125 0.013181799557059951
2451677.4277229444 1.004188895225525 0.0131842084228992
2451677.46800044 1.005458116531372 0.0131793515756726
2451677.5082779336 1.004557728767395 0.0131789073348045
2451677.548555426 1.0071802139282229 0.013181310147047
2451677.588832916 1.0061415433883667 0.0131877763196825
2451677.629110405 1.0025100708007812 0.0131802605465054
2451677.6693878924 1.0014443397521973 0.0131865814328193
2451677.7096653786 1.000754475593567 0.0131884198635816
2451677.7499428624 1.001498460769653 0.0131874121725559
2451677.790914784 1.0012608766555786 0.01318539166823025
2451677.8318867045 1.0044580698013303 0.0131854657083749
2451677.8721641838 1.0080914497375488 0.0131823644042015
2451677.9124416616 1.0015631914138792 0.0131836934015154
2451677.9527191375 1.0041260719299316 0.0131810456514358
2451677.9929966116 1.0019619464874268 0.0131705431267619
2451678.033274085 1.0026084184646606 0.0131790293380618
2451678.073551556 0.9999223351478576 0.0131694870069623
2451678.1138290255 1.0005394220352173 0.0131691778078675
2451678.154106494 1.000556707382202 0.0131612615659832
2451678.1950784 1.0006366372108457 0.01315791858360165
2451678.2360503036 1.0001083612442017 0.0131704434752464
2451678.276327767 0.9986822605133056 0.0131551278755068
2451678.316605229 0.9983687400817872 0.0131561467424035
2451678.3568826895 0.9993302226066588 0.0131513560190796
2451678.397160148 1.0003094673156738 0.0131554277613759
2451678.437437605 0.997158885002136 0.0131543222814798
2451678.477715061 0.9992859363555908 0.0131536088883876
2451678.517992515 0.9959605932235716 0.0131476577371358
2451678.558269968 0.9964177012443542 0.0131487445905804
2451678.5992418583 0.997415155172348 0.013158580753952199
2451678.6402137466 0.99986732006073 0.0131584974005818
2451678.6804911946 0.9991360902786256 0.013152215629816
2451678.720768641 0.9997392296791076 0.0131581034511327
2451678.7610460864 1.0017913579940796 0.0131580382585525
2451678.7964624595 0.9990595877170563 0.01315706083551045
2451678.841600972 1.0034044981002808 0.0131483189761638
2451678.881878413 1.001344323158264 0.0131510915234684
2451678.9221558524 1.0034388303756712 0.0131524503231048
2451678.96243329 1.0004310607910156 0.0131474593654274
2451679.003405165 0.9993173182010651 0.0131479133851826
2451679.044377039 0.9978487491607666 0.0131418528035283
2451679.0846544723 0.9990816712379456 0.0131356045603752
2451679.1249319045 0.9993274807929992 0.0131417755037546
2451679.165209335 0.9678322672843932 0.0131290908902883
2451679.2054867647 0.9553133845329284 0.0131178656592965
2451679.2457641927 0.957739233970642 0.0131098581477999
2451679.286041619 0.9832769632339476 0.0131309954449534
2451679.326319044 1.0030035972595217 0.01313192024827
2451679.366596468 1.0044314861297607 0.0131315989419817
2451679.4075683285 1.007319688796997 0.01312462752684945
2451679.448540188 1.0078569650650024 0.0131240906193852
2451679.4888176075 1.0066603422164917 0.0131269674748182
2451679.529095026 1.004006266593933 0.0131188174709677
2451679.569372443 1.0060806274414062 0.0131190940737724
2451679.609649859 1.0053359270095823 0.0131217986345291
2451679.649927274 1.001549243927002 0.0131182735785841
2451679.6902046865 1.0016000270843504 0.0131169445812702
2451679.7304820986 1.00036358833313 0.0131219215691089
2451679.770759509 1.0022999048233032 0.0131190912798047
2451679.811731357 0.9997261166572571 0.01312398631125685
2451679.852703203 1.002565026283264 0.0131187792867422
2451679.8929806096 0.999289572238922 0.013117354363203
2451679.933258015 1.002750277519226 0.0131199676543474
2451679.97353542 1.0003613233566284 0.0131151508539915
2451680.013812823 1.0032848119735716 0.0131183359771966
2451680.054090225 1.002243161201477 0.0131225083023309
2451680.094367626 0.9998955726623536 0.0131123112514615
2451680.1346450257 1.0033096075057983 0.0131238102912902
2451680.174922424 1.0030951499938965 0.0131158074364066
2451680.215894259 1.0009573698043823 0.0131235225126147
2451680.2568660937 1.0011094808578491 0.0131128625944256
2451680.2971434887 1.0011413097381592 0.0131122209131717
2451680.337420882 1.0057531595230105 0.0131204258650541
2451680.3776982753 1.004307746887207 0.0131151629611849
2451680.4179756674 1.0020174980163574 0.0131175061687827
2451680.4582530577 1.0020158290863037 0.0131184170022606
2451680.498530447 1.0055211782455444 0.0131178656592965
2451680.538807836 1.0057852268218994 0.0131178814917802
2451680.5790852234 1.0012528896331787 0.0131245870143175
2451680.6200570473 1.0063067078590393 0.01312194857746355
2451680.6610288704 0.999774634838104 0.0131120346486568
2451680.701306255 0.9977403879165648 0.0131227374076843
2451680.741583638 0.998250901699066 0.0131165608763694
2451680.7818610203 0.9981732368469238 0.0131147960200905
2451680.822138401 1.0018709897994995 0.0131174493581056
2451680.8624157817 1.0016647577285769 0.0131148770451545
2451680.902693161 1.0024276971817017 0.0131099810823798
2451680.9429705385 1.00241482257843 0.013113691471517
2451680.983247916 0.9990367889404298 0.0131168104708194
2451681.0242197295 1.0004751086235046 0.01310921506956215
2451681.065191542 1.000056743621826 0.0131208933889865
2451681.1054689153 0.9983453750610352 0.0131164211779832
2451681.1457462884 0.9992408752441406 0.0131089128553867
2451681.18602366 0.999159336090088 0.0131121659651398
2451681.2263010303 0.999040424823761 0.0131147671490907
2451681.266578399 0.9985937476158142 0.0131114330142736
2451681.3068557675 1.0018600225448608 0.0131104178726673
2451681.347133134 0.9968728423118592 0.0130999805405735
2451681.388104936 1.0015962719917297 0.0130993197672069
2451681.4290767377 1.0004582405090332 0.0131024559959769
2451681.4693540996 0.9981369376182556 0.0131052518263459
2451681.5096314596 1.001038670539856 0.0131137687712907
2451681.549908818 1.002824783325195 0.0131107093766331
2451681.590186175 0.9994275569915771 0.0131098628044128
2451681.630463529 1.0015889406204224 0.0131031200289726
2451681.6707408805 1.001353740692139 0.0131009668111801
2451681.7110182294 1.002376675605774 0.0131105612963438
2451681.751295576 1.0016006231307983 0.0131131773814558
2451681.792267355 1.001915454864502 0.013101402204483699
2451681.8332391307 1.0027554035186768 0.0131083959713578
2451681.8735164646 1.0028640031814575 0.0131048019975423
2451681.9137937943 1.003606915473938 0.0131094744428992
2451681.954071118 1.0048038959503172 0.0131104169413447
2451681.994348435 1.0013577938079832 0.0131043279543519
2451682.0346257454 1.003124117851257 0.0131127182394266
2451682.0749030467 1.0036319494247437 0.0131127359345555
2451682.1151803387 1.0054481029510498 0.0131044974550604
2451682.1547631845 1.0042754411697388 0.013090640306472699
2451682.2005959377 0.9714058637619019 0.0130716511048376
2451682.2374010147 0.9663451910018922 0.0130743626505136
2451682.277678253 0.9704810380935668 0.013078604824841
2451682.3179554734 1.0036678314208984 0.0130899725481867
2451682.3505938975 1.0059095621109009 0.013099025469273301
2452036.3004875127 1.000709056854248 0.0060911804903298495
2452036.335904087 1.000749588012695 0.0060908142477273
2452036.376181758 1.0038838386535645 0.0060889734886586
2452036.416459429 1.002498745918274 0.006089377682656
2452036.4567370987 1.0009821653366089 0.0060885874554514
2452036.497014768 1.0021312236785889 0.006089215632528
2452036.5372924358 1.00161874294281 0.0060893204063177
2452036.577570104 0.9987933039665222 0.0060878260992467
2452036.6178477705 0.9982221126556396 0.0060869860462844
2452036.6581254373 0.9986814856529236 0.0060861152596771
2452036.6990975454 0.9997939467430115 0.0060907343868166
2452036.7400696534 1.0010221004486084 0.0060901618562638
2452036.7803473175 1.0005569458007812 0.0060848211869597
2452036.8206249815 0.9976233839988708 0.0060875886119902
2452036.860902644 1.0012301206588743 0.006085941568017
2452036.901180307 0.9996911883354188 0.0060867662541568
2452036.9414579687 1.0015300512313845 0.0060865236446261
2452036.98173563 0.9982314109802246 0.0060845990665256
2452037.0220132903 1.001187801361084 0.006084450520575
2452037.0629853923 0.9955911338329316 0.00608312943950295
2452037.103957494 0.9984039068222044 0.0060850642621517
2452037.144235152 0.9991492629051208 0.0060843522660434
2452037.184512809 1.0019350051879885 0.0060868328437209
2452037.2247904656 1.0000046491622925 0.0060864510014653
2452037.2650681213 1.0012900829315183 0.0060877939686179
2452037.305345776 1.000770092010498 0.0060851485468447
2452037.34562343 1.001142501831055 0.0060863872058689
2452037.385901083 1.0038158893585205 0.0060885776765644
2452037.4268731773 1.001819133758545 0.0060864095576107
2452037.467150829 1.005714237689972 0.00608986872248345
2452037.5081229205 1.0057264566421509 0.0060889343731105
2452037.5490950122 1.0043269395828247 0.006089667789638
2452037.588678218 1.0058975219726562 0.0060887443833053
2452037.6289558653 1.0034387111663818 0.0060891327448189
2452037.669233511 1.0042219161987305 0.0060893669724464
2452037.709511156 1.0061745643615725 0.0060905432328581
2452037.7497888003 1.0052556991577148 0.0060910182073712
2452037.790066443 1.0025004148483276 0.0060900854878127
2452037.8303440847 1.0040957927703855 0.0060914121568202
2452037.8713161675 1.0031434297561646 0.00609270809218285
2452037.912288249 1.0028717517852783 0.0060942913405597
2452037.9525658875 1.0025408267974851 0.0060963798314332
2452037.9928435246 1.0029590129852295 0.0060993749648332
2452038.0331211607 1.0013861656188965 0.0060995747335255
2452038.073398795 1.00017511844635 0.0061008315533399
2452038.113676429 0.9987431168556212 0.0061012986116111
2452038.1539540607 1.0008364915847778 0.0061048758216202
2452038.1942316922 1.000377893447876 0.0061070965602993
2452038.234509322 1.0003433227539062 0.0061067636124789
2452038.275481392 0.9991821050643921 0.0061079405713826
2452038.316453461 1.0032984018325803 0.0061115571297705
2452038.356731087 1.000862956047058 0.0061070965602993
2452038.397008712 0.999615728855133 0.0061088749207556
2452038.437286335 0.998287320137024 0.0061090844683349
2452038.477563957 1.0012139081954956 0.0061131617985665
2452038.517841578 0.9905534386634826 0.0061067007482051
2452038.558119197 0.9624468684196472 0.0060905814170837
2452038.598396815 0.9588424563407898 0.0060927779413759
2452038.6386744315 0.9672467708587646 0.0061020455323159
2452038.6796464883 0.9953430891036986 0.0061261479277163
2452038.7206185437 0.9994328022003172 0.0061319163069128
2452038.7608961556 1.0002449750900269 0.0061352071352303
2452038.801173767 1.0003100633621216 0.006133534014225
2452038.841451376 0.9980437755584716 0.0061365510337054
2452038.8817289844 1.001911163330078 0.0061369664035737
2452038.922006591 1.0012344121932983 0.0061352094635367
2452038.9622841966 1.0027334690093994 0.0061354581266641
2452039.0025618 1.0015558004379272 0.0061336648650467
2452039.0428394023 1.002248764038086 0.0061336336657404
2452039.083811444 1.004608392715454 0.0061369158793240005
2452039.1247834857 1.0056394338607788 0.006137665361166
2452039.165061083 1.003158688545227 0.0061408258043229
2452039.2053386797 1.0038104057312012 0.0061426847241818
2452039.2456162744 1.0025866031646729 0.0061409403569996
2452039.285893868 1.0031598806381223 0.0061396304517984
2452039.3261714596 1.002660036087036 0.0061366208828985
2452039.36644905 1.0023382902145384 0.006133765913546
2452039.406726639 1.002174735069275 0.0061305090785026
2452039.4470042265 1.0037207603454588 0.0061320019885897
2452039.487976253 1.0023078322410583 0.00613436708226795
2452039.5289482786 1.002244234085083 0.0061392709612846
2452039.5692258608 1.0025755167007446 0.0061421021819114
2452039.6095034424 1.0009870529174805 0.0061468677595257
2452039.6497810218 1.0028380155563354 0.0061521544121205
2452039.6900585997 1.001232862472534 0.0061537446454167
2452039.7303361758 1.00045108795166 0.0061563490889966
2452039.770613751 1.0007405281066897 0.0061588240787386
2452039.810891324 1.0013717412948608 0.0061613880097866
2452039.851168896 0.996659517288208 0.0061622275970876
2452039.892140907 1.000041425228119 0.00616706605069335
2452039.9331129165 0.9982951283454896 0.006162364501506
2452039.973390483 1.0007857084274292 0.0061614024452865
2452040.0136680487 0.9975081086158752 0.006156331859529
2452040.053945612 0.9996943473815918 0.0061552003026008
2452040.0942231743 0.9986456632614136 0.0061552547849714
2452040.1345007345 0.9994373321533204 0.0061597260646522
2452040.174778294 1.0004167556762695 0.0061652478761971
2452040.215055851 1.0011578798294067 0.006165662780404
2452040.255333407 1.0042853355407717 0.0061727999709546
2452040.2963054013 1.0030311942100525 0.00616503600031135
2452040.3372773943 1.0013494491577148 0.00615916820243
2452040.3775549447 1.0050532817840576 0.0061570862308144
2452040.4178324942 1.0044149160385132 0.0061540543101727
2452040.4581100415 1.0020636320114136 0.0061535285785794
2452040.4983875873 1.0015833377838137 0.006156688556075
2452040.538665131 1.0062428712844849 0.0061658131889998
2452040.578942674 1.0033756494522097 0.0061726882122457
2452040.619220215 1.0032500028610227 0.0061792079359292
2452040.6594977546 1.005687952041626 0.0061887437477707
2452040.7004697323 1.0038752555847168 0.00619008671492335
2452040.7414417085 1.003554344177246 0.0061949314549565
2452040.7817192427 1.004987716674805 0.0061991615220904
2452040.8219967755 1.0019444227218628 0.0062020570039749
2452040.8622743064 1.001875400543213 0.0062057147733867
2452040.902551836 1.0038603544235227 0.0062077846378088
2452040.9428293635 1.0026932954788208 0.0062039182521402
2452040.9831068898 1.0022695064544676 0.0062033366411924
2452041.023384414 1.0006659030914309 0.0061999857425689
2452041.063661937 1.002171516418457 0.0061971470713615
2452041.1046338975 1.0011993050575256 0.00619654939509925
2452041.145605857 0.998664140701294 0.0061968034133315
2452041.185883375 0.9981128573417664 0.0062011540867388
2452041.2261608914 0.999496340751648 0.0062040006741881
2452041.2664384055 0.9993435144424438 0.0062052849680185
2452041.3067159182 1.0000739097595217 0.0061984765343368
2452041.346993429 1.000198483467102 0.0061891889199614
2452041.3872709386 1.0000538825988767 0.0061841523274779
2452041.427548446 0.9984890222549438 0.0061813457868993
2452041.4678259525 1.0004258155822752 0.0061823367141187
2452041.5087978966 1.0017376542091367 0.0061938310973345505
2452041.549769839 0.9797152280807496 0.0061884447932243
2452041.59004734 0.961494982242584 0.0061880941502749
2452041.630324839 0.9616265892982484 0.0062050800770521
2452041.670602337 0.9747949242591858 0.0062261740677058
2452041.7108798325 0.998330533504486 0.0062515316531062
2452041.751157327 1.002291917800903 0.0062590194866061
2452041.79143482 1.0027716159820557 0.0062620737589895
2452041.831712311 0.9989872574806212 0.0062665282748639
2452041.8719898006 1.0011494159698486 0.0062689646147191
2452041.9129617275 1.0026066899299622 0.00627233576960855
2452041.9539336525 1.0021021366119385 0.006268314551562
2452041.9942111373 1.0037295818328855 0.0062656723894178
2452042.03448862 1.0018020868301392 0.0062586311250925
2452042.074766101 1.0008196830749512 0.006256899330765
2452042.11504358 0.999888002872467 0.0062580755911767
2452042.155321058 1.0005592107772827 0.0062584383413195
2452042.195598534 1.0014879703521729 0.0062623433768749
2452042.2358760084 0.9977377653121948 0.0062616826035082
2452042.2768479204 1.0017202496528625 0.0062545458786189
2452042.3122643176 0.9981745481491088 0.006245981901884
2452042.3580973 0.9975533485412597 0.0062360749579966
2452042.3983747675 1.0004998445510864 0.0062285349704325
2452042.4386522337 0.9969474077224731 0.0062259002588689
2452042.4789296985 1.001034140586853 0.0062355888076126
2452042.519207161 0.999665319919586 0.0062508243136107
2452042.5594846224 1.0003095865249632 0.0062692239880561
2452042.5997620816 0.997389554977417 0.0062937177717685
2452042.6400395394 0.9998411536216736 0.0063164639286696
2452042.6810114346 0.9979952871799468 0.006338090170174801
2452042.7219833285 1.002553939819336 0.0063502457924187
2452042.762260781 1.0017447471618652 0.0063574933446943
2452042.802538233 0.9995891451835632 0.0063648861832916
2452042.8428156823 1.002285361289978 0.0063704908825457
2452042.8830931303 1.0009496212005615 0.0063764774240553
2452042.923370577 1.0009077787399292 0.0063743968494236
2452042.9636480217 1.0006561279296875 0.0063690454699099
2452043.003925465 1.001471161842346 0.0063646668568253
2452043.0442029065 1.0000872611999512 0.0063579292036592
2452043.085174785 0.9985538423061372 0.006351851858198599
2452043.1261466625 0.9989196062088012 0.0063496897928416
2452043.166424099 0.9978025555610656 0.0063489940948784
2452043.2067015343 1.0006028413772583 0.0063478229567408
2452043.246978968 0.9998266696929932 0.0063448706641793
2452043.2872564 1.003464698791504 0.0063383760862052
2452043.3275338304 1.0050877332687376 0.0063303806819021
2452043.36781126 1.0031317472457884 0.0063208537176251
2452043.408088687 1.001144289970398 0.0063173184171319
2452043.4483661125 1.0026570558547971 0.0063258786685764
2452043.489337975 1.0016617178916931 0.0063377094920724
2452043.5303098364 1.0050570964813232 0.0063586793839931
2452043.570587257 1.0082607269287107 0.0063867787830531
2452043.610864677 1.005380630493164 0.0064156623557209
2452043.6511420947 1.0033814907073977 0.006441427860409
2452043.691419511 1.0033726692199707 0.0064619816839694
2452043.731696926 1.0018030405044556 0.0064751557074487
2452043.7719743396 1.0013692378997805 0.0064872647635638
2452043.8122517513 1.0022315979003906 0.006499720737338
2452043.8525291616 1.003353714942932 0.0065121557563543
2452043.893501009 1.000690996646881 0.00651781074702735
2452043.9344728542 1.0024447441101074 0.0065169855952262
2452043.97475026 1.0029239654541016 0.0065008793026208
2452044.015027664 1.0071884393692017 0.0064870878122746
2452044.055305067 1.0050868988037107 0.0064699845388531
2452044.0955824684 1.0034937858581543 0.0064502633176743
2452044.135859868 1.0029594898223877 0.0064403330907225
2452044.1761372667 1.0052506923675537 0.0064331041648983
2452044.2164146635 1.0044149160385132 0.0064276135526597
2452044.2566920593 0.9984008669853208 0.0064257904887199
2452044.297663891 1.0010636448860168 0.00642684008926145
2452044.3386357212 1.0002549886703491 0.0064208824187517
2452044.378913113 0.9998859763145448 0.006418683566153
2452044.4191905023 0.9998376369476318 0.0064161675982177
2452044.459467891 1.0050227642059326 0.0064238184131681
2452044.4997452786 0.999878227710724 0.0064363717101514
2452044.540022664 1.0002293586730957 0.0064507243223488
2452044.5803000485 0.9692551493644712 0.0064530712552368
2452044.620577431 0.9618299007415771 0.0064724516123533
2452044.6608548127 0.9615170359611512 0.0064995689317584
2452044.70182663 0.9873727858066559 0.00654136785306035
2452044.7427984467 0.9996821880340576 0.0065625621937215
2452044.7830758244 1.0032052993774414 0.0065750018693506
2452044.8233532007 1.0031416416168213 0.0065928832627832
2452044.8636305756 1.003084659576416 0.0066055301576852
2452044.903907949 1.003008723258972 0.0066193398088216
2452044.9441853217 1.000582218170166 0.0066212229430675
2452044.9844626924 1.0039836168289185 0.0066132773645222
2452045.0247400627 1.001794695854187 0.0065974262543022
2452045.0650174315 1.001598596572876 0.0065811709500849
2452045.105989236 1.0004525184631348 0.0065591414459049
2452045.1469610394 1.0032918453216553 0.0065445941872894
2452045.1872384045 1.003690481185913 0.0065378788858652
2452045.2275157683 1.001731038093567 0.0065292324870824
2452045.267793131 1.0014529228210447 0.0065226573497056
2452045.3080704925 1.0041379928588867 0.0065187974832952
2452045.348347853 1.0035128593444824 0.0065100048668682
2452045.388625212 1.0008397102355957 0.0065018194727599
2452045.42890257 1.0024970769882202 0.0064986166544258
2452045.469179927 1.003080368041992 0.0065014096908271
2452045.5101517206 1.003799855709076 0.0065085380338132
2452045.5511235124 1.0012881755828855 0.0065268795005977
2452045.5914008664 1.0021412372589111 0.0065504321828484
2452045.631678219 0.9993290305137632 0.0065811499953269
2452045.671955571 1.002744436264038 0.0066156010143458
2452045.7122329217 1.004582762718201 0.0066460240632295
2452045.752510272 1.002367615699768 0.0066663259640336
2452045.792787621 1.002680778503418 0.0066950339823961
2452045.833064969 1.000271916389465 0.0067204064689576
2452045.873342316 1.000346064567566 0.006742778699845
2452045.9143140996 1.0026940703392029 0.006761010736227
2452045.955285882 1.0018540620803833 0.006759816315025
2452045.995563227 1.0008797645568848 0.0067451749928295
2452046.035840571 0.9998403191566468 0.0067192162387073
2452046.076117914 1.0011342763900757 0.0066873026080429
2452046.1163952565 0.9972519278526306 0.0066657937131822
2452046.1566725983 1.000977635383606 0.0066613527014851
2452046.1969499392 1.000351071357727 0.006663367152214
2452046.23722728 1.0022405385971067 0.0066660037264227
2452046.2781990566 1.0046204328536987 0.0066683653276413
2452046.319170833 1.0010275840759275 0.0066577969118952
2452046.359448171 0.9997366666793824 0.0066459481604397
2452046.39972551 1.0039894580841064 0.0066314865835011
2452046.440002847 1.0023434162139893 0.0066211689263582
2452046.4802801847 1.0022034645080566 0.0066155800595879
2452046.5205575214 1.0032590627670288 0.0066243554465472
2452046.560834858 1.0014328956604004 0.0066421111114323
2452046.601112194 1.0021724700927734 0.0066755763255059
2452046.64138953 0.9989921450614928 0.0067222192883491
2452046.6823613024 1.0019685626029968 0.006781154545024
2452046.7233330747 1.0046113729476929 0.0068351365625858
2452046.76361041 1.001962661743164 0.0068839783780276
2452046.8038877454 1.0026623010635376 0.0069250967353582
2452046.84416508 1.0053201913833618 0.0069654188118875
2452046.8844424156 1.0049607753753662 0.0069966409355401
2452046.9247197504 1.0026785135269165 0.0070097758434712
2452046.9649970857 1.000795006752014 0.0070060002617537
2452047.005274421 0.9994252920150756 0.006978593301028
2452047.045551757 1.0020761489868164 0.0069329510442912
2452047.086523529 1.0037946701049805 0.0068798430729656995
2452047.1274953024 1.00203275680542 0.0068318853154778
2452047.1677726386 1.0005819797515867 0.0068157366476953
2452047.208049976 1.0005565881729124 0.0068199457600712
2452047.248327313 1.001887798309326 0.0068318503908813
2452047.2886046506 1.0032227039337158 0.0068538007326424
2452047.328881989 1.000932693481445 0.0068635470233857
2452047.369159328 1.0013626813888548 0.0068642981350421
2452047.4094366673 1.0023765563964844 0.0068589909933507
2452047.449714008 1.0037184953689575 0.0068386467173695
2452047.490685785 1.0016008019447327 0.00682255625724785
2452047.5316575635 1.0028220415115356 0.0068156910128891
2452047.571934906 0.993885099887848 0.0068194912746548
2452047.612212248 0.966470718383789 0.0068220030516386
2452047.6524895914 0.960579514503479 0.0068676224909722
2452047.6927669356 0.967124819755554 0.0069475267082452
2452047.7330442793 0.999787986278534 0.0070643066428601
2452047.7733216234 1.0026545524597168 0.0071741286665201
2452047.8135989667 1.001871109008789 0.0072658415883779
2452047.85387631 1.0000123977661133 0.0073560983873903
2452047.8948480883 1.0048035383224487 0.0074366792105138
2452047.9358198647 1.0050002336502075 0.0074637904763221
2452047.9760972015 1.0028148889541624 0.0073923049494624
2452048.016374534 1.002632737159729 0.0072128172032535
2452048.056651861 1.0045219659805296 0.0068662036210298
2452048.09692918 1.0009413957595823 0.0064885015599429
2452048.1254010727 1.0005356669425964 0.0062608497682958494
2452049.1642698413 1.0026018023490904 0.00596338463947175
2452049.1892692517 0.99935844540596 0.00595912220887835
2452049.2288516504 0.9992023706436156 0.0059604584239423
2452049.2691284753 1.0023469924926756 0.0059643406420946
2452049.309405299 1.0037236213684082 0.0059641795232892
2452049.3496821206 1.0032330751419067 0.0059650084003806
2452049.389958942 1.0025508403778076 0.0059646894223988
2452049.4302357617 1.0020283460617063 0.0059659038670361
2452049.4705125797 1.0054290294647217 0.0059644659049808
2452049.5114838253 1.0013439655303955 0.0059653862845152495
2452049.55245507 1.0008196830749512 0.0059634069912135
2452049.592731885 1.0019015073776243 0.0059632677584886
2452049.6330087003 1.0044203996658323 0.0059654284268617
2452049.673285514 1.0004816055297852 0.0059627760201692
2452049.713562328 1.0024261474609375 0.0059630908071994
2452049.75383914 0.9997831583023072 0.0059622977860271
2452049.7941159518 1.000168204307556 0.005963577888906
2452049.8343927627 0.998051643371582 0.0059627210721373
2452049.875364001 1.0007078647613525 0.00596372410655015
2452049.9163352377 0.9999830722808836 0.00596225541085
2452049.9566120463 0.9973148107528688 0.0059598204679787
2452049.9968888536 0.998507022857666 0.005962252151221
2452050.037165661 0.997021734714508 0.005960660520941
2452050.0774424667 0.9978126287460328 0.0059601943939924
2452050.117719272 0.9977506399154664 0.0059627080336213
2452050.157996076 0.9983747005462646 0.0059613469056785
2452050.19827288 0.9979315400123596 0.0059611974284052
2452050.2385496823 1.0006707906723022 0.0059619089588522
2452050.279520912 0.9984405040740966 0.00596324820071455
2452050.32049214 0.998533308506012 0.0059626358561217
2452050.3607689403 1.0022463798522947 0.0059635490179061
2452050.4010457387 1.0029734373092651 0.0059643681161105
2452050.441322537 1.0034681558609009 0.0059630400501191
2452050.4815993337 0.9993035793304444 0.0059638456441462
2452050.52187613 1.001720309257507 0.005964957177639
2452050.5621529245 1.0029910802841189 0.0059643634594976
2452050.6024297187 0.9912436008453368 0.0059547196142375
2452050.6427065115 0.9632205963134765 0.0059324782341718
2452050.683677731 0.9632464051246643 0.0059321364387869
2452050.7246489488 0.9704553484916688 0.0059398589655756
2452050.764925739 1.000246286392212 0.0059618209488689
2452050.805202527 1.001959443092346 0.0059654102660715
2452050.8454793147 1.0020606517791748 0.0059644468128681
2452050.885756101 1.0003708600997925 0.0059635885991156
2452050.9260328864 1.0042275190353391 0.0059681120328605
2452050.96630967 1.0026357173919676 0.0059666414745152
2452051.0065864534 1.0018348693847656 0.0059680338017642
2452051.0468632346 1.002989649772644 0.0059677818790078
2452051.087834443 0.9992058277130127 0.005967068253085
2452051.128805649 1.0008580684661863 0.0059706335887312
2452051.1690824274 1.0016300678253172 0.0059711229987442
2452051.209359204 1.0019876956939695 0.0059752818197011
2452051.24963598 0.997708261013031 0.0059745428152382
2452051.289912754 0.9964881539344788 0.0059769717045128
2452051.3301895275 1.000811219215393 0.0059760180301964
2452051.370466299 0.9998299479484558 0.0059760492295026
2452051.41074307 1.0030083656311035 0.0059785787016153
2452051.451019839 1.0028541088104248 0.0059816166758537
2452051.4919910342 1.0025674104690552 0.00598365115001795
2452051.5329622277 1.0048915147781372 0.0059890868142247
2452051.5732389935 1.0014523267745972 0.0059901378117501
2452051.613515757 1.0033837556838987 0.0059931380674242
2452051.65379252 1.006244659423828 0.0059999078512191
2452051.694069281 1.0051759481430051 0.006000633817166
2452051.7343460415 1.0046209096908567 0.0060047768056392
2452051.7746228 1.002793550491333 0.0060055190697312
2452051.8148995573 1.0010147094726562 0.0060070310719311
2452051.8551763133 1.0041110515594482 0.006009129807353
2452051.896147495 1.0050183534622192 0.0060095549561083005
2452051.9371186746 1.005252718925476 0.0060088573954999
2452051.9773954265 1.0034345388412476 0.0060046426951885
2452052.017672177 1.0030406713485716 0.006005807314068
2452052.057948926 1.0044968128204343 0.0060065160505473
2452052.098225673 1.0026761293411257 0.0060080545954406
2452052.1385024195 0.9990304708480836 0.0060084708966314
2452052.178779164 1.0009098052978516 0.0060113579966127
2452052.219055908 0.9987766146659852 0.006012056954205
2452052.2593326494 1.0050435066223145 0.0060137663967907
2452052.3003038163 1.0024908781051636 0.0060090033803135
2452052.341274982 1.0046485662460327 0.0060116085223853
2452052.381551719 1.002004027366638 0.0060086222365498
2452052.4218284553 1.0014804601669312 0.0060078166425228
2452052.46210519 1.0016353130340576 0.0060091153718531
2452052.5023819227 1.001433253288269 0.0060126199387013
2452052.542658655 1.0037271976470947 0.0060178958810865
2452052.5829353845 1.0036489963531494 0.0060235494747757
2452052.6232121135 1.0054409503936768 0.0060311369597911
2452052.6634888407 1.0004899501800537 0.0060320347547531
2452052.7044599922 1.0043046474456787 0.0060381621588021
2452052.745431143 1.0001190900802612 0.0060406331904232
2452052.7857078654 1.00107741355896 0.0060431757010519
2452052.825984587 1.0002180337905884 0.006047936156392
2452052.866261306 0.9992047548294068 0.0060465540736913
2452052.9065380245 0.9994866251945496 0.0060483114793896
2452052.946814741 0.9992250204086304 0.0060437177307903
2452052.9870914565 1.0012300014495847 0.0060425293631851
2452053.02736817 1.0009959936141968 0.0060414099134504
2452053.0683393083 1.002863883972168 0.00604418083094055
2452053.109310445 0.9985319972038268 0.0060444269329309
2452053.149587154 1.0009456872940063 0.0060477829538285
2452053.189863861 1.0006541013717651 0.0060504330322146
2452053.2301405673 1.001214861869812 0.0060527794994413
2452053.2704172716 0.997780978679657 0.0060494039207696
2452053.3106939746 1.000512957572937 0.0060470020398497
2452053.3509706757 1.0027997493743896 0.0060433591715991
2452053.391247376 1.0018913745880127 0.0060424162074923
2452053.4315240737 1.0025256872177124 0.006043242290616
2452053.472495197 1.0020484328269958 0.0060466902796179
2452053.5134663177 1.0008529424667358 0.0060489410534501
2452053.5537430113 1.00213623046875 0.0060595860704779
2452053.594019703 1.000424027442932 0.0060677775181829
2452053.634296394 0.979850709438324 0.0060533960349857
2452053.6745730825 0.9613972306251524 0.0060457889921963
2452053.71484977 0.9623375535011292 0.0060520889237523
2452053.755126456 0.9815921783447265 0.0060737361200153
2452053.79540314 0.9989675283432008 0.006093165371567
2452053.8356798226 1.0027754306793213 0.0061000632122159
2452053.8766509295 1.001720666885376 0.0061051310040056
2452053.9176220344 1.0008531808853147 0.0061007025651633
2452053.9578987127 0.9995979666709902 0.006096105556935
2452053.998175389 1.0007470846176147 0.0060917902737855
2452054.038452064 1.0047112703323364 0.0060913735069334
2452054.0787287373 1.0047653913497925 0.0060921292752027
2452054.119005409 1.0023216009140017 0.0060948319733142
2452054.159282079 1.0025060176849363 0.0061006834730505
2452054.199558748 1.0045324563980105 0.0061012278310954
2452054.2398354146 1.003380537033081 0.0061044851318001
2452054.2808065056 1.0032127499580383 0.0060996739193797
2452054.3217775947 1.0029952526092527 0.0060935611836612
2452054.362054257 1.0026557445526123 0.0060883038677275
2452054.402330918 1.0037596225738523 0.0060849669389426
2452054.4426075774 1.0019599199295044 0.0060870293527841
2452054.4828842347 1.0025471448898315 0.006090163718909
2452054.523160891 1.002582550048828 0.0061005796305835
2452054.563437545 1.003663420677185 0.0061118188314139
2452054.6037141983 1.004983901977539 0.0061281649395823
2452054.6439908496 1.00465989112854 0.0061417962424457
2452054.6849619243 1.0040284395217896 0.00615259935148055
2452054.7259329977 1.0065584182739256 0.0061655384488403
2452054.7662096447 1.004884958267212 0.0061715454794466
2452054.8064862895 1.0062485933303833 0.0061809779144823
2452054.8467629333 1.0095845460891724 0.0061866650357842
2452054.887039575 1.008124589920044 0.0061876727268099
2452054.925927366 1.0089948177337646 0.0061843795701861
2452054.9710649783 1.0027766227722168 0.0061733555048703505
2452055.007869492 1.005963921546936 0.0061670783907175
2452055.0481461273 1.002292275428772 0.0061649759300053
2452055.0898116115 1.0044361352920532 0.0061699212528765
2452055.1300882436 1.0016955137252808 0.0061755157075822
2452055.1703648753 1.000962495803833 0.006178209092468
2452055.2106415047 0.9997331500053404 0.0061833932995796
2452055.2509181327 0.9996875524520874 0.0061802337877452
2452055.291194759 1.002296805381775 0.0061709554865956
2452055.331471384 1.0013710260391235 0.0061565837822854
2452055.3717480074 1.0011242628097534 0.0061465050093829
2452055.4120246293 1.0029927492141724 0.0061425208114087
2452055.45230125 0.999979853630066 0.0061470554210245
2452055.4932722934 1.0011602640151978 0.0061606501694768
2452055.5342433346 1.0004706382751465 0.0061807646416127
2452055.574519951 1.0009241104125977 0.0062046260572969
2452055.6147965644 1.0008834600448608 0.0062282499857246
2452055.6550731775 1.0026677846908567 0.0062471949495375
2452055.6953497888 1.0008617639541624 0.0062587512657046
2452055.7356263986 0.9997864961624144 0.0062695182859897
2452055.7759030065 0.9999701380729676 0.0062804254703223
2452055.816179613 1.0019741058349607 0.0062921131029725
2452055.857150642 0.99904465675354 0.0063007734715937996
2452055.8981216704 0.9983185529708862 0.00629966519773
2452055.9383982727 0.9993139505386353 0.0062949527055025
2452055.9786748732 1.0014069080352783 0.0062871556729078
2452056.0189514724 0.9997166991233823 0.0062767593190073
2452056.05922807 0.999082326889038 0.006275407038629
2452056.0995046664 0.9979416728019712 0.0062810913659632
2452056.1397812613 0.9996466040611268 0.0062896120361983
2452056.1800578544 0.9961490035057068 0.0062965918332338
2452056.2203344465 0.9961834549903869 0.0063001215457916
2452056.2613054607 1.0000868439674377 0.0062920944765209996
2452056.302276473 1.0008691549301147 0.0062779951840639
2452056.3425530605 0.9967135190963744 0.006255520042032
2452056.3828296466 0.9977089762687684 0.0062408307567238
2452056.4231062313 0.99606454372406 0.0062379734590649
2452056.463382814 0.997935473918915 0.0062481039203703
2452056.503659396 0.998035967350006 0.0062663280405104
2452056.5439359765 0.9983043074607848 0.0062950043939054
2452056.584212555 0.9988116025924682 0.0063269142992794
2452056.624489133 0.9987224340438842 0.0063553545624017
2452056.665460132 0.9651783108711243 0.0063603210728615
2452056.70643113 0.9602524042129515 0.0063744513317942
2452056.7467077035 0.9604892134666442 0.006389626301825
2452056.786984275 0.9919846057891843 0.0064300149679183
2452056.827260846 1.0001918077468872 0.0064486339688301
2452056.8675374147 0.9989473223686216 0.0064604952931404
2452056.9078139826 0.9992848038673402 0.0064649013802409
2452056.9480905486 1.0016380548477173 0.0064553557895123
2452056.9883671138 0.9991545081138612 0.0064376364462077
2452057.028643677 0.9994204640388488 0.0064194463193416
2452057.069614663 1.0010661482810974 0.0064095659181475
2452057.110585647 1.001849055290222 0.0064084623008966
2452057.150862207 1.0004115104675293 0.0064200344495475
2452057.191138765 0.9986684322357176 0.0064237657934427
2452057.231415322 1.0016077756881712 0.0064242207445204
2452057.2716918774 1.002058029174805 0.0064141526818275
2452057.3119684323 1.0028213262557983 0.0063935061916708
2452057.352244985 1.002509593963623 0.0063661001622676
2452057.392521537 1.0028932094573977 0.0063469852320849
2452057.4327980876 1.0036708116531372 0.0063439575023949
2452057.4737690603 1.001697301864624 0.006352759199216899
2452057.514740031 1.000767707824707 0.0063855904154479
2452057.555016578 1.0023345947265625 0.0064200973138213
2452057.5952931237 1.006333589553833 0.0064602009952068
2452057.6355696684 1.0020616054534912 0.0064967819489538
2452057.675846211 1.0037133693695068 0.0065283542498946
2452057.7161227535 1.00512957572937 0.0065491627901792
2452057.756399294 1.0031627416610716 0.0065595270134508
2452057.796675834 1.00317120552063 0.0065732607617974
2452057.836952372 1.0044320821762085 0.0065885656513273
2452057.877923333 1.0029073357582092 0.0065976574551314
2452057.918894292 1.0004066228866575 0.0066008372232317
2452057.959170827 1.0007871389389038 0.0065909926779568
2452057.9994473606 0.9998466372489928 0.0065734907984733
2452058.039723894 1.0035696029663084 0.0065526817925274
2452058.0800004257 1.00135338306427 0.0065427040681242
2452058.1202769564 1.001042723655701 0.0065455231815576
2452058.160553486 1.0003541707992551 0.0065574124455451
2452058.200830015 0.996878504753113 0.0065666954033076
2452058.2418009653 0.9990878105163574 0.0065702963620424
2452058.282771915 0.9996824264526368 0.0065598050132393
2452058.3230484403 1.0012937784194946 0.0065391045063734
2452058.3633249654 0.9982250332832336 0.0065104439854621
2452058.403601489 0.9974259734153748 0.0064939404837787
2452058.443878012 1.0036475658416748 0.0064972699619829
2452058.4841545336 1.002171754837036 0.0065089715644717
2452058.524431055 0.9989327788352966 0.0065427427180111
2452058.564707575 1.0013858079910278 0.0065907984972
2452058.6049840944 1.0041590929031372 0.0066406480036675
2452058.6459550355 1.0026984214782715 0.00668191700242455
2452058.686925976 0.9982839822769164 0.006709340494126
2452058.7272024928 1.003238558769226 0.0067259781062603
2452058.767479009 1.0038479566574097 0.0067412881180644
2452058.807755524 1.0009191036224363 0.0067637730389833
2452058.848032039 0.9992382526397704 0.0067885778844356
2452058.8883085526 1.0015597343444824 0.0068091447465121
2452058.928585066 1.003167986869812 0.0068136528134346
2452058.968167156 1.0029645562171936 0.0068035300355404
2452059.0091380905 1.0004684925079343 0.0067839729599654
2452059.0501090246 1.0005837678909304 0.0067567112855613
2452059.0910799582 1.0032401084899902 0.0067358068190515
2452059.1313564684 1.0056558847427368 0.0067269098944962
2452059.171632978 1.0029231309890747 0.0067336130887269
2452059.2119094874 1.003562569618225 0.0067499657161533
2452059.2521859966 1.0022512674331665 0.006757556926459
2452059.292462505 1.0031635761260986 0.0067537846043705
2452059.3327390132 1.002565026283264 0.006733713671565
2452059.3730155206 1.0042017698287964 0.0067094536498188
2452059.4132920285 1.0025919675827026 0.0067051397636532
2452059.454262958 1.004213809967041 0.00671111769042905
2452059.495233888 1.002973556518555 0.0067298077046871
2452059.5355103943 1.0042643547058103 0.0067590069957077
2452059.575786901 1.0018430948257446 0.0068067414686083
2452059.6160634076 1.0005369186401367 0.006856839172542
2452059.656339914 0.995429515838623 0.0069037554785609
2452059.6966164205 0.9657056927680968 0.0069166338071227
2452059.736892927 0.9626284837722776 0.0069434964098036
2452059.7771694334 0.9686274528503418 0.0069706342183053
2452059.8174459403 0.9980280399322508 0.0070269117131829
2452059.8584168693 1.005623459815979 0.007059761788696
2452059.899387799 1.0030142068862915 0.0070870979689061
2452059.9396643066 1.0041611194610596 0.0071069388650357
2452059.9799408144 1.0021932125091553 0.0071109333075582
2452060.0202173223 1.0032610893249512 0.0071049453690648
2452060.060493831 1.0022636651992796 0.0070900418795645
2452060.1007703394 0.999818444252014 0.0070774056948721
2452060.141046849 1.002519965171814 0.0070790201425552
2452060.181323359 1.0050169229507446 0.007104555144906
2452060.22159987 1.0044883489608765 0.007143200840801
2452060.2625708035 1.0027636885643003 0.00717390934005375
2452060.303541738 1.0066170692443848 0.0071865771897137
2452060.343818251 1.0055354833602903 0.0071717104874551
2452060.384094764 1.004098892211914 0.007144009694457
2452060.425065702 1.0055468082427979 0.0071063642390072
2452060.464647794 1.0045546293258667 0.0070901573635637
2452060.5049243094 1.003785490989685 0.0071044517681002
2452060.5452008266 1.0059564113616943 0.0071332678198814
2452060.5854773433 1.0045034885406494 0.0071915355511009
2452060.625753862 1.0000267028808592 0.0072792847640812
