2451325.338353536 1.000926852226257 0.0045886035077273
2451325.4119645357 1.0023856163024902 0.0047287815250456
2451325.485575523 1.0032789707183836 0.0048085642047226
2451325.5591865 1.0037914514541624 0.0049001150764524
2451325.632797468 1.0049954652786257 0.0049386997707188
2451325.7064084285 1.0038399696350095 0.0049247285351157
2451325.7800193825 1.0038049221038818 0.0049619753845036
2451325.8536303304 1.003684639930725 0.0049770888872444
2451325.927241273 1.0029407739639282 0.004925625398755
2451326.0015466544 1.0013464093208313 0.0049062478356063
2451326.074463146 1.0024510622024536 0.0049170297570526
2451326.148074076 0.9958773255348204 0.004911595955491
2451326.221685002 0.997718334197998 0.0049022971652448
2451326.2952959253 1.0016013383865356 0.0048935441300272
2451326.3696012874 1.0012190341949463 0.004891700344160151
2451326.4425177607 1.002601146697998 0.0048966058529913
2451326.5161286737 1.0011243820190427 0.0049030371010303
2451326.5897395834 1.0012682676315308 0.0049121272750198
2451326.6619616044 0.9996299743652344 0.0049029677174985
2451326.73626695 1.002432644367218 0.0048704643268138
2451326.8091834076 1.0017608404159544 0.004849883262068
2451326.882794304 1.0013397932052612 0.0048271473497152
2451326.956405197 1.001872420310974 0.0047692977823317
2451327.0300160865 0.9997318387031556 0.0047377198934555
2451327.1015436454 1.002346396446228 0.00473562069237225
2451327.1786267394 1.0006155967712402 0.0047304509207606
2451327.250848734 1.0012683868408203 0.0047024795785546
2451327.324459609 1.0009320974349976 0.0046701040118932
2451327.3980704807 1.0018447637557983 0.0046643274836242
2451327.4716813485 1.0013477802276611 0.0046764421276748
2451327.5452922126 1.0019184350967407 0.0046914955601096
2451327.6189030726 1.0009957551956177 0.0047050104476511
2451327.6925139287 1.0008078813552856 0.0046976613812148
2451327.765430339 1.0022425055503845 0.0046934792771935
2451327.8348745354 1.0005698204040527 0.00468284753151235
2451327.913346473 1.0013765096664429 0.0046646757982671
2451327.986262871 1.003040790557861 0.0046386707108467
2451328.059179265 1.0019726753234863 0.0046285330317914
2451328.1327900966 1.001393675804138 0.0046293837949633
2451328.2064009234 1.0010796785354614 0.0046210954897105
2451328.280011746 0.968050539493561 0.0045819734223186
2451328.3536225646 0.917180061340332 0.0045298226177692
2451328.4272333784 0.9945936203002927 0.0045913392677903
2451328.5015386296 1.001749873161316 0.00460560759529465
2451328.5744549925 1.0009697675704956 0.0046201678924262
2451328.648065793 1.0029442310333252 0.0046242899261415
2451328.7216765885 1.0013414621353147 0.0046215853653848
2451328.7959818207 1.0025179386138916 0.00462135369889435
2451328.868898166 1.0035409927368164 0.004619245417416
2451328.9425089476 1.0044151544570925 0.0046044010668993
2451329.016119724 1.0041784048080444 0.0045944252051413
2451329.0897304965 1.0030019283294676 0.0045945425517857
2451329.1633412633 1.003522515296936 0.0045988378114998
2451329.236952026 1.0036319494247437 0.0045977723784744
2451329.3098683422 1.0035119652748108 0.0045907725580036
2451329.382090213 1.0034831166267395 0.00458406470715995
2451329.45570096 1.005086600780487 0.0045862032566219
2451329.5300061433 1.0021424293518066 0.0045934249646961
2451329.603616881 1.0026168823242188 0.0046048103831708
2451329.6772276135 1.0022861957550049 0.0046060751192271
2451329.751532782 1.0011597275733948 0.0046040231827646
2451329.8244490637 1.002513408660889 0.0046046935021877
2451329.8973653405 1.0028707981109617 0.0045953281223773505
2451329.968892731 1.0026140213012695 0.0045837764628231
2451330.0473645227 1.0026551485061646 0.00457554124295705
2451330.1188919027 1.0034425258636477 0.004576769657433
2451330.192502599 1.0025699138641355 0.0045781722292304
2451330.266113291 1.0015395879745483 0.0045735090970993
2451330.3348628944 1.0022522807121277 0.0045626305509358
2451330.4133346584 1.0024605989456177 0.004557323642075
2451330.4869453344 0.997365176677704 0.0045531499199569
2451330.5605560048 0.9962497353553774 0.0045590763911604
2451330.63347223 1.001156747341156 0.0045721621718257
2451330.7063884498 1.002526879310608 0.0045724222436547
2451330.7799991043 1.0029834508895874 0.0045709013938903
2451330.853609754 1.00163996219635 0.0045670215040445
2451330.927220398 1.0023642778396606 0.0045618484728038
2451331.000831037 1.0035433769226074 0.0045546744950115
2451331.0744416704 1.0025955438613892 0.004553047940135
2451331.1480522985 1.0033185482025146 0.0045524891465902
2451331.2223573606 1.0041805505752563 0.0045536099933087
2451331.295273538 1.0030312538146973 0.004546396434307
2451331.36888415 1.0021429061889648 0.0045372573658823
2451331.4424947565 1.00276517868042 0.0045324452221393
2451331.5161053576 1.0036078691482544 0.0045344186946749
2451331.5904103927 1.0037181973457336 0.00454128044657405
2451331.6633265433 1.0029890537261963 0.0045458702370524
2451331.736937128 1.0022233724594116 0.0045448415912687
2451331.8112421464 1.0034067034721375 0.00454424810595805
2451331.8841582807 1.0037324428558347 0.0045424806885421
2451331.95707441 1.001244068145752 0.0045359160285442495
2451332.0299905334 1.001844048500061 0.0045330161228775
2451332.102906652 1.002694845199585 0.0045300074853002505
2451332.177211643 1.0026684999465942 0.0045321877114474
2451332.252211068 1.002139449119568 0.0045307246036827
2451332.323738292 1.0016551613807678 0.0045230917166918
2451332.398043266 1.001547932624817 0.0045147612690925
2451332.4716537963 1.0027713775634763 0.004512037616223
2451332.5459587597 1.0023926496505737 0.0045183054171502
2451332.61887484 0.999198853969574 0.0045195277780294
2451332.6931797927 0.9182583689689636 0.00445622578263275
2451332.766095862 0.9519227147102356 0.004487968981266
2451332.836234171 1.0011897683143616 0.00452214642427855
2451332.9133168617 1.0034860372543335 0.0045185005292296
2451332.9869273533 1.003653645515442 0.004515859298408
2451333.06053784 1.0033260583877563 0.0045114899985492
2451333.13414832 1.0042858123779297 0.0045114886015653
2451333.2077587955 1.0042876005172727 0.0045138015411794
2451333.281369265 1.0037075281143188 0.0045094150118529
2451333.3542852914 1.003249168395996 0.00449999189004295
2451333.42789575 1.0045889616012573 0.0044920488726347
2451333.500811765 1.0035218000411987 0.0044906185939908
2451333.5744222132 1.003780961036682 0.0044940989464521
2451333.6480326555 1.0035691261291504 0.0044984221458435
2451333.7216430926 1.0037328004837036 0.0044965166598558
2451333.795253524 1.0019251108169556 0.004492349922657
2451333.8688639505 1.004230260848999 0.004490518476814
2451333.9424743713 1.004957675933838 0.0044874823652207
2451334.0160847865 1.0046417713165283 0.0044840858317911
2451334.089695196 1.0043548345565796 0.004483288154006
2451334.1633056006 1.0045950412750244 0.0044840555638074
2451334.2369159996 1.0032906532287595 0.0044822855852544
2451334.3105263934 1.0019490718841553 0.0044762636534869
2451334.3841367816 1.0039403438568115 0.0044680354185402
2451334.457747164 1.0022709369659424 0.0044629285112023
2451334.5313575417 1.0025062561035156 0.0044608195312321
2451334.6049679136 1.0020679235458374 0.0044601787813007
2451334.6771894055 1.002631425857544 0.0044595650397241
2451334.7507997667 1.0019301176071167 0.0044534686021506
2451334.824410123 1.0002720355987549 0.0044467840343713
2451334.8973260364 0.9949770271778107 0.0044390079565345495
2451334.968158633 0.9998433887958526 0.004438225179910649
2451335.0473244702 1.0032247900962827 0.0044372789561748
2451335.1188514936 1.0031969547271729 0.0044349143281579
2451335.192461823 1.001590609550476 0.004431989043951
2451335.2653777106 1.0022911429405212 0.00442737969569855
2451335.3348214077 1.003566563129425 0.0044229396153241
2451335.4125983426 1.0019099116325378 0.00441770767793055
2451335.486903088 1.0019326210021973 0.0044149705208837
2451335.5591245173 1.0030272006988523 0.0044115860946476
2451335.633429252 1.0032948851585388 0.0044093606993556
2451335.7077339813 1.0023103952407837 0.0044073690660297
2451335.7813442685 1.004277229309082 0.0044066929258406
2451335.8549545505 1.0021488666534424 0.004405353218317
2451335.928564827 1.0030360221862793 0.0044045150279998
2451336.0014806623 1.0037358403205872 0.0044047366827726
2451336.074396492 1.0025128126144407 0.0044047785922884
2451336.148006753 1.0030571222305296 0.0044033345766365
2451336.221617009 1.0019460916519165 0.0044033820740878
2451336.29522726 1.002126932144165 0.0044031296856701
2451336.368837505 1.0039554834365845 0.0044036475010216
2451336.4424477452 1.0021518468856812 0.0044019916094839
2451336.51605798 1.002172827720642 0.0044030416756868
2451336.5896682097 1.000861644744873 0.0044021727517247
2451336.6625839975 1.002656638622284 0.0044028516858815505
2451336.7382775242 1.0023573637008667 0.0044025219976902
2451336.810498866 1.0032718181610107 0.0044018155895173
2451336.8841090733 1.0025229454040527 0.0044026905670762
2451336.9577192757 1.001752495765686 0.0044007562100887
2451337.031329472 0.9192817211151124 0.0043311268091201
2451337.1049396633 0.9249935150146484 0.0043369093909859
2451337.178549848 1.0021995306015017 0.0044004996307194
2451337.252160027 1.0019716024398804 0.0044001201167702
2451337.324381329 1.001237392425537 0.0043995990417897
2451337.398685931 1.0013068914413452 0.004400938749313301
2451337.4722960913 1.0033085346221924 0.0043995333835482
2451337.545211809 1.0023159980773924 0.0044003743678331
2451337.6195163913 1.0029313564300537 0.00440057041123505
2451337.6931265295 1.0038105249404907 0.00440068403258915
2451337.7653477904 1.003298580646515 0.0044012479484081
2451337.8347913027 1.0033007860183716 0.00440024095587425
2451337.9132624622 1.0041630268096924 0.0044027310796082
2451337.986872567 1.0036962032318115 0.0044010342098772
2451338.060482661 1.003803849220276 0.0044007254764437
2451338.1340927435 1.0028433799743652 0.0044000050984323
2451338.207702814 1.0029729604721067 0.004401144105941
2451338.2813128713 1.00301992893219 0.0043997075408697
2451338.354922913 1.003455638885498 0.004399228375405
2451338.428532939 1.0023785829544067 0.0043992330320179
2451338.4958930407 1.0006089806556702 0.00439820857718585
2451339.6875377796 0.9973301589488983 0.00438307807780795
2451339.752119701 0.9974207282066344 0.0043858126737177
2451339.825729186 0.998171627521515 0.0043980111368
2451339.899338656 0.999458372592926 0.0044336318969726
2451339.972948112 0.99971067905426 0.0045077865943312
2451340.045863128 1.0021860599517822 0.0045774867758154505
2451340.1187781338 1.0021966695785522 0.0046286615543067
2451340.1923875595 1.0013431310653689 0.0046694171614944
2451340.265996977 1.003195881843567 0.0047031491994857
2451340.3396063875 1.00282883644104 0.0047292886301875
2451340.4132157927 1.0028390884399414 0.0047387131489813
2451340.4868251914 1.0028614997863767 0.0047592860646545
2451340.559740157 1.003355085849762 0.00477677164599295
2451340.634043974 1.0027130842208862 0.0047606662847101
2451340.707653358 1.003359079360962 0.0047448240220546
2451340.781262738 1.002861738204956 0.0047539044171571
2451340.8548721145 1.0028107166290283 0.0047595109790563
2451340.9263982023 1.0026729106903076 0.0047345387283712
2451341.0034797103 1.002864360809326 0.0047089206054806
2451341.075700219 1.0023301839828491 0.004709315020591
2451341.1493095793 1.0032850503921509 0.0046984264627099
2451341.2229189365 1.0032763481140137 0.004676554352045
2451341.2965282896 1.002664566040039 0.0046555837616324
2451341.37013764 0.92885422706604 0.0045861229300498
2451341.443052558 0.9223578572273254 0.004583743168041049
2451341.5159674725 1.0013257265090942 0.0046598170883953
2451341.5895768115 1.0032572746276855 0.0046645519323647
2451341.660408436 1.0037964582443235 0.004646607208997
2451341.739573188 1.0038341283798216 0.0046253441832959
2451341.8104048055 1.0044493675231931 0.0046199490316212
2451341.8847085573 1.0030309557914734 0.0046073433477431
2451341.9576234496 1.0039616823196411 0.0045809159055352
2451342.031927193 1.003739595413208 0.0045657353475689
2451342.10692536 1.003268301486969 0.00457387394271785
2451342.1735903937 1.0030077695846558 0.0045733598526566995
2451342.2520606904 1.0045299530029297 0.0045642717741429
2451342.325669991 1.0034494400024414 0.0045497007668018
2451342.399279287 1.004071831703186 0.0045445687137544
2451342.472888579 1.004341959953308 0.0045550651848316
2451342.546497867 1.0055905580520628 0.0045678718015551
2451342.620107151 1.0045485496520996 0.0045755733735859
2451342.6937164306 1.0044782161712646 0.004570307675749
2451342.7666312787 1.00600665807724 0.0045611520763486
2451342.839546123 1.0046567916870115 0.0045570810325443
2451342.91315539 1.0028022527694702 0.0045468732714653
2451342.9867646527 1.0042767524719238 0.0045267697423696
2451343.0603739107 1.0048708915710447 0.0045191408134996
2451343.133983164 1.003286361694336 0.0045245043002069
2451343.2075924133 1.0036664009094238 0.0045245131477713
2451343.2812016583 1.0038777589797971 0.0045142765156924
2451343.3548108987 1.002866506576538 0.0045021576806902
2451343.4277257076 1.003431797027588 0.00450230552814895
2451343.501334939 1.0046292543411255 0.00450955447740845
2451343.5756385922 0.9967955350875854 0.0045134853571653
2451343.649247814 0.9990697503089904 0.00451962929219
2451343.7235514577 1.003712236881256 0.00452075270004565
2451343.7964662444 1.0029516220092771 0.0045163328759372
2451343.8700754526 1.0031871795654297 0.0045165969058871
2451343.9436846557 1.0027297735214231 0.0045085242018103
2451344.0179882804 1.0028008222579956 0.0044979241210966504
2451344.090903048 1.0016549825668335 0.0044947229325771
2451344.163817811 1.0027703642845154 0.0044991914182901
2451344.2346492903 1.0022981166839597 0.00449388334527605
2451344.311730601 1.0017489194869995 0.0044807693921029
2451344.3825620706 1.0024853944778442 0.0044762226752936
2451344.457560093 1.0014163255691528 0.0044812546111643
2451344.5283915536 1.0020966529846191 0.004491985309869
2451344.605472844 1.0025922060012817 0.0045005157589911495
2451344.6742210174 1.0006585121154783 0.0045009916648268
2451344.751996724 1.0027203559875488 0.0044990102760493
2451344.8256058693 1.0033469200134275 0.0044992826879024
2451344.8992150095 1.0060559511184692 0.0044974270276725
2451344.972824145 1.0017725229263303 0.0044869915582239
2451345.0464332756 1.002158284187317 0.0044815647415816
2451345.1200424014 1.0044758319854736 0.0044857743196189
2451345.1936515216 1.003024935722351 0.0044874977320432
2451345.267260638 1.002764105796814 0.0044808313250541
2451345.3408697485 1.0030322074890137 0.0044719423167407
2451345.414478854 1.002519607543945 0.0044692694209516
2451345.4880879545 1.0020637512207031 0.0044770743697881
2451345.5610026247 1.0022873878479004 0.00448635965585705
2451345.63391729 1.0027265548706057 0.0044925166293978
2451345.707526376 0.9759691953659057 0.0044703423045575
2451345.7811354566 0.917627215385437 0.0044147879816591
2451345.854744532 0.9944568872451782 0.0044796494767069
2451345.9283536025 1.0032590627670288 0.0044832406565546
2451346.001962668 1.0022363662719729 0.0044789183884859
2451346.0755717284 1.0035057067871092 0.0044774734415113
2451346.1491807834 1.001678466796875 0.0044833831489086
2451346.2227898343 1.0033353567123413 0.0044834092259407
2451346.2963988795 1.002836227416992 0.004474566783756
2451346.3700079196 1.0033560991287231 0.0044657420367002
2451346.442228105 1.0040899515151975 0.0044660358689725
2451346.5172259845 1.0046178102493286 0.0044714626856148
2451346.5908350092 1.0034643411636353 0.004478667397052
2451346.6637496045 1.004397451877594 0.0044832602143287
2451346.738747469 1.004131197929382 0.0044800348114222
2451346.810967629 1.004262089729309 0.0044800690375268
2451346.8845766336 1.0047104954719543 0.00448250398039815
2451346.958185633 1.0038557052612307 0.004478751681745
2451347.0290169297 1.0047999620437622 0.00447487668134265
2451347.105403617 1.0048468112945557 0.0044750769156962
2451347.173457207 1.0048840045928955 0.0044784343335777
2451347.251927157 1.004784345626831 0.0044759102165699
2451347.325536131 1.0034099817276 0.0044668302871286
2451347.406089342 1.003143072128296 0.0044607557356357
2451347.463032126 1.001325011253357 0.00445595709607
2451347.5428909026 1.001284658908844 0.00446551945060485
2451347.6227496737 1.0024518966674805 0.0044722291640937
2451347.692886503 1.001071035861969 0.0044701199512928
2451347.7824671986 1.0002024173736572 0.0044653201475739
2451347.8449653536 1.0016266107559204 0.0044703353196382
2451347.9116300484 0.998080849647522 0.0044675250537693
2451347.980378011 0.9971897602081299 0.00446348194964225
2451348.0935690906 1.0041476488113403 0.00445736083202055
2451348.13592894 1.0017907619476318 0.004463136428967051
2451348.2032880406 0.9993720054626465 0.004460196243599
2451348.273424832 0.99494668841362 0.004445961676537951
2451348.3630054793 0.9977973699569702 0.0044418917968869
2451348.4109207066 0.9998550117015839 0.0044437805190681995
2451348.5095288483 0.9991996586322784 0.0044434228911995
2451348.572026962 1.0016443133354187 0.0044504462275653505
2451348.6254975675 0.9993116855621338 0.0044558411464095
2451348.737299734 0.9969208538532257 0.0044515973422675995
2451348.812297454 1.0017758905887604 0.0044526902493089
2451348.845629772 1.0015312433242796 0.0044512399472295995
2451348.9490988385 0.9999536275863647 0.0044493367895483
2451349.0296519296 1.0014541745185852 0.00444481195881955
2451349.0921500144 1.0025556087493896 0.0044378223828971
2451349.1407596325 1.0038666725158691 0.0044376403093338
2451349.222007133 1.0022616386413574 0.0044324675109237
2451349.3310315483 1.004111647605896 0.0044286213815212
2451349.38519654 1.0008846521377563 0.0044199819676578
2451349.4553332566 1.0043821930885315 0.0044176618102937
2451349.533108621 1.003138542175293 0.0044165621511637505
2451349.606717442 1.003525733947754 0.0044133025221526
2451349.674076454 1.0021145343780515 0.0044087967835366
2451349.7518518027 1.0029550790786743 0.0044077183119952
2451349.82546061 1.0031797885894775 0.004404576960951
2451349.8990694126 1.0036804676055908 0.004403312690556
2451349.972678211 1.0029791593551636 0.0043989717960357
2451350.046287005 0.9985631108283995 0.0043928157538175
2451350.119895793 0.9177048802375792 0.0043193758465349
2451350.193504577 0.9583803415298462 0.0043548410758376
2451350.2671133564 1.0034852027893066 0.0043907514773309
2451350.3400277086 1.0025292038917542 0.0043896881397813
2451350.414330901 1.0034528970718384 0.0043900068849325
2451350.487939667 1.0028066635131836 0.0043902634643018
2451350.561548428 1.0031532049179075 0.0043917661532759
2451350.635157184 1.002777099609375 0.0043895835988223
2451350.7087659356 1.0044243335723877 0.0043905638158321
2451350.7823746824 1.0029168128967283 0.0043904641643166
2451350.8559834245 1.0036932229995728 0.0043907985091209
2451350.9295921624 1.0032691359519958 0.00439046975225205
2451351.0032008956 1.0019267797470093 0.0043901219032704
2451351.074726358 1.0026623606681824 0.004389368230476949
2451351.149029503 1.0026279687881468 0.0043909344822168
2451351.2233326435 1.0015502572059631 0.00439169490709895
2451351.2955525136 1.0049457550048828 0.0043920625466852495
2451351.3698556446 1.0037441253662107 0.0043920120224356
2451351.443464349 1.0020917654037476 0.0043923584744334
2451351.517073048 1.0022820234298706 0.0043940865434706
2451351.5899873194 1.0024728775024414 0.00439436151646075
2451351.664984851 1.0021045207977295 0.00439692242071025
2451351.7372046905 1.0014105439186096 0.00439646840095515
2451351.8128966317 1.0024968385696411 0.0043997857719659
2451351.8851164603 1.0033900737762451 0.0044012446887791
2451351.958725125 1.0020310878753662 0.0044032498262822
2451352.0337226256 1.0000081062316897 0.0044054854661226
2451352.105942434 1.002353310585022 0.0044079348444938
2451352.175384551 1.0022480487823486 0.0044102896936237
2451352.2531597135 0.9968663454055786 0.0044122352264821
2451352.32676834 0.9944555759429932 0.0044134152121841
2451352.3996825367 0.9996753036975861 0.004423415753990349
2451352.4725967236 1.0012142658233645 0.0044303559698164
2451352.546205319 1.0005136728286743 0.0044368039816617
2451352.619813902 1.0014152526855469 0.0044455542229115
2451352.69272805 1.0012330412864685 0.00445392122492185
2451352.7670310233 1.0010709762573242 0.0044621881097555
2451352.8406395586 1.0007952451705933 0.0044767009094357
2451352.914248073 0.9993794560432434 0.0045767580159008
2451352.987856565 0.9980838298797609 0.0049822530709207
2451353.055215257 0.9965871870517731 0.0050680788699536995
2452036.2953528413 1.0003252029418945 0.0042254531290381505
2452036.34327082 1.001826524734497 0.0042220908217132
2452036.4168839375 0.9960905909538268 0.0042144297622144
2452036.4904970443 0.9965278506278992 0.0042150896042585
2452036.5641101417 1.0016573667526243 0.0042163655161857
2452036.6377232308 1.0025246143341064 0.0042172167450189
2452036.711336311 1.000711441040039 0.0042153750546276
2452036.784949384 1.0027470588684082 0.0042169881053268
2452036.85856245 1.0036847591400146 0.0042163655161857
2452036.9314810457 1.0028480887413025 0.00421630078926675
2452037.004399636 1.0023015737533567 0.0042155762203037
2452037.0780126816 1.0009416341781616 0.0042192549444735
2452037.1516257212 1.0026053190231323 0.0042222659103572
2452037.225238755 1.0028080940246582 0.0042182854376733
2452037.298851783 1.0024707317352295 0.0042164041660726
2452037.3724648044 1.0024194717407229 0.0042149941436946
2452037.446772283 1.003779411315918 0.0042144719045609
2452037.518996368 1.0040631890296936 0.004213262815028349
2452037.593303835 1.0035085678100584 0.004213364329189
2452037.6669168337 1.003567099571228 0.0042133736424148
2452037.740529827 1.0026769638061523 0.0042133694514632
2452037.8141428144 1.0021300315856931 0.0042151720263063
2452037.8877557963 1.0047738552093504 0.0042171520181
2452037.9613687727 1.0033001899719238 0.0042207529768347
2452038.0349817434 1.0017635822296145 0.0042248168028891
2452038.1085947086 1.0014301538467407 0.0042305844835937
2452038.182207668 1.0010955333709717 0.0042337733320891
2452038.2551261606 1.002055287361145 0.0042367556598036996
2452038.328044648 1.0031415224075315 0.0042372047901153
2452038.401657591 1.0022215843200684 0.004239282105118
2452038.475270529 1.0022350549697876 0.0042433477938175
2452038.548883461 0.9429141283035278 0.0041953702457249
2452038.6224963875 0.9176380038261412 0.0041791629046201
2452038.6961093084 0.998239517211914 0.0042624427005648
2452038.769722224 1.0019229650497437 0.0042691975831985
2452038.843335134 1.0021308660507202 0.0042729806154966
2452038.9169480386 1.0010275840759275 0.0042731524445116
2452038.9905609377 1.002070903778076 0.0042702048085629
2452039.064173831 1.0010660886764526 0.0042723971419036
2452039.137786719 1.0016604661941528 0.0042786323465406
2452039.2113996013 1.0024781227111816 0.0042839581146836
2452039.285012478 1.001188039779663 0.0042800335213541
2452039.358625349 1.0016653537750244 0.0042736898176372
2452039.4322382146 1.0024703741073608 0.0042705065570771
2452039.5058510746 1.0024894475936887 0.0042760972864925
2452039.5787694687 1.0011109709739685 0.0042897083330899
2452039.6516878563 1.0009069442749023 0.004301122855395
2452039.7253007 1.000971436500549 0.0043073999695479
2452039.7989135375 1.0009394884109497 0.0043134586885571
2452039.87252637 1.0007209777832031 0.0043198154307901
2452039.9461391964 1.000654220581055 0.0043176333419978
2452040.0197520177 1.0013002157211304 0.0043116924352943
2452040.093364833 1.0013506412506104 0.0043124533258378
2452040.1669776426 1.001627206802368 0.004320764914155
2452040.2405904466 1.0004950761795044 0.0043255691416561
2452040.3142032456 1.0007895231246948 0.0043184286914765
2452040.3878160384 1.0004160404205322 0.0043093236163258
2452040.461428826 1.0008585453033447 0.0043075205758214
2452040.535041608 1.000585436820984 0.0043187369592487
2452040.608654384 1.0003896951675415 0.0043418002314865
2452040.682267155 1.0001378059387207 0.0043575339950621
2452040.75587992 0.994248628616333 0.0043627424165606
2452040.8287982196 0.9935453236103057 0.00437125307507805
2452040.9017165136 0.9992452263832092 0.0043849027715623
2452040.975329262 0.9982663989067077 0.0043806815519928
2452041.0489420053 1.000275492668152 0.0043749837204813
2452041.1225547427 0.9992268085479736 0.0043763830326497
2452041.196167474 1.0004268884658811 0.0043853498063981
2452041.2697802004 1.0002038478851318 0.0043875058181583
2452041.343392921 0.998119831085205 0.0043718265369534
2452041.4170056363 1.000178337097168 0.0043595670722424
2452041.490618346 0.9994571208953856 0.0043709645979106
2452041.56423105 1.0004472732543943 0.0044032069854438
2452041.6378437486 1.0014420747756958 0.0044391946867108
2452041.7114564413 1.002508759498596 0.0044595077633857
2452041.785069129 1.003214120864868 0.004471396561712
2452041.858681811 1.0032563209533691 0.00448341621086
2452041.9322944875 1.0026062726974487 0.0044856364838778
2452042.0059071584 1.0050904750823977 0.0044750282540917
2452042.079519824 1.0040055513381958 0.004468884319067
2452042.152438025 1.0043471455574036 0.0044742389582097
2452042.2253562207 1.002732515335083 0.0044764950871467
2452042.293413199 1.0033503770828247 0.0044641778804361
2452042.372581514 1.0030504465103147 0.0044385134242475
2452042.446194153 1.002295970916748 0.0044332789257168
2452042.519806786 1.0040905475616455 0.0044647390022873
2452042.5934194135 1.0062581300735471 0.0045206695795059
2452042.667032036 1.005770564079285 0.0045788548886775
2452042.7406446533 1.0065342187881468 0.0046082600019872
2452042.814257265 1.007846117019653 0.0046277046203613
2452042.8878698717 0.99056214094162 0.0046279057860374
2452042.9614824727 0.9221029877662658 0.004559205379337
2452043.0350950686 0.9951397180557252 0.0046069608069956
2452043.1087076594 1.0062028169631958 0.0046113641001284
2452043.182320245 1.0048216581344604 0.0046055242419242
2452043.2559328256 1.007453203201294 0.0045998720452189
2452043.329545401 1.0052881240844729 0.0045813890174031
2452043.403157971 1.0032870769500732 0.0045673982240259
2452043.4760760777 1.0058628916740415 0.00458980258554215
2452043.54899418 1.002864956855774 0.0046392022632062
2452043.6226067347 1.005582332611084 0.0047102221287786
2452043.696219285 1.006084442138672 0.004768859129399
2452043.76983183 1.006671667098999 0.0048004547134041
2452043.84344437 1.0072352886199951 0.0048310332931578
2452043.9170569056 1.0068700313568115 0.0048383260145783
2452043.990669436 1.0045247077941897 0.0048131812363862
2452044.064281962 1.0066436529159544 0.0047736186534166
2452044.137894483 1.004652976989746 0.0047398102469742
2452044.211506998 1.0052480697631836 0.004727101419121
2452044.28511951 1.004800796508789 0.0047263288870453
2452044.3587320168 1.0038703680038452 0.0047183013521134
2452044.432344519 1.0025131702423096 0.0047179292887449
2452044.505957017 1.0029598474502563 0.0047430242411792
2452044.5795695106 1.0031723976135252 0.0047907731495797
2452044.6531819995 1.0016891956329343 0.0048547857441008
2452044.7267944845 1.003059148788452 0.0048961662687361
2452044.7997125075 1.0013845562934875 0.0049283718690276
2452044.8726305263 0.999511420726776 0.0049604964442551
2452044.946242999 1.000243067741394 0.004971498157829
2452045.019855467 1.001922369003296 0.0049398778937757
2452045.0934679313 0.997198224067688 0.0048857466317713
2452045.1670803917 0.9948405623435974 0.0048433416523039
2452045.2406928483 0.9998950362205504 0.0048220711760222
2452045.3143053013 1.000050663948059 0.004803285934031
2452045.387917751 1.000288009643555 0.0047793029807507
2452045.461530197 1.0011104345321655 0.0047674174420535
2452045.5351426397 1.0005536079406738 0.0047825803048908
2452045.608755079 1.0012381076812744 0.0048239263705909
2452045.6823675153 1.0008680820465088 0.0048818797804415
2452045.7559799487 1.0006380081176756 0.0049182116053998
2452045.8295923797 1.0010292530059814 0.0049570966511964
2452045.9032048075 1.000716209411621 0.0049841189756989
2452045.976817233 1.0020627975463867 0.0049677435308694
2452046.0497351997 1.002888560295105 0.00490606715902685
2452046.122653164 1.001160979270935 0.004851346835494
2452046.196265583 1.0029879808425903 0.0048375446349382
2452046.269878001 1.0010251998901367 0.0048261610791087
2452046.343490417 1.0026625394821167 0.0048042014241218
2452046.417102832 1.0028811693191528 0.0047686616890132
2452046.490715246 1.0022339820861816 0.0047505414113402
2452046.5643276596 1.001246690750122 0.0047621978446841
2452046.637940073 1.0025742053985596 0.0048165777698159
2452046.7115524863 1.0015637874603271 0.0048993444070219
2452046.7851649 1.0020304918289185 0.0049655903130769
2452046.858777315 1.0020850896835327 0.0050127319991588
2452046.932389731 1.004753351211548 0.0050273812375962
2452047.006002149 1.0041991472244265 0.0049845660105347
2452047.079614569 1.003494381904602 0.0049008359201252
2452047.1532269926 1.0036427974700928 0.0048334873281419
2452047.2268394195 0.999633491039276 0.0048168469220399
2452047.300451851 0.9200966358184814 0.0047642467543482
2452047.3733698307 0.944008082151413 0.004777418449521
2452047.446287816 1.0057365894317627 0.0048021231777966
2452047.5199002656 1.0057090520858765 0.004773601423949
2452047.593512723 1.0060884952545166 0.0047786724753677
2452047.667125189 1.0064774751663208 0.0048249973915517
2452047.7407376654 1.00739848613739 0.0049144928343594
2452047.814350153 1.009901523590088 0.0049841906875371
2452047.887962651 1.0096927881240845 0.0050028734840452
2452047.9615751603 1.0109891891479492 0.0049087842926383
2452048.0351876793 1.0084459781646729 0.0046838242560625
2452048.102550084 1.0069035291671753 0.0043821020517497995
2452049.166453898 1.0003929138183594 0.004158140160143349
2452049.211593217 1.0006327629089355 0.0041576004587113
2452049.285205017 1.0004172325134275 0.004158535040915
2452049.3588168025 1.001448154449463 0.0041582896374166
2452049.432428575 0.9984606504440308 0.0041545163840055
2452049.5060403366 0.9928074479103088 0.0041485968977212
2452049.5796520873 0.9985516667366028 0.0041543049737811
2452049.6532638283 1.001078724861145 0.0041570025496184
2452049.7268755604 1.000849366188049 0.0041566211730241
2452049.8004872836 1.0007202625274658 0.0041554546914994
2452049.8740989994 1.0006301403045654 0.004156403709203
2452049.947710707 1.0011600255966189 0.0041545699350535
2452050.020627957 1.0018511414527893 0.00415800907649095
2452050.0935452003 1.0028285980224607 0.0041576996445655
2452050.1671568863 1.0011143684387207 0.0041572605259716
2452050.2407685653 1.0023468732833862 0.0041584437713027
2452050.314380238 1.0020911693572998 0.0041571459732949
2452050.3879919033 1.001957893371582 0.0041585899889469
2452050.461603563 1.0024468898773191 0.0041595119982957
2452050.5352152153 1.0024088621139526 0.0041589173488318
2452050.6088268617 1.0005532503128052 0.0041575371287763
2452050.682438502 1.0013686418533323 0.0041585178114473
2452050.756050136 1.00214421749115 0.0041585476137697
2452050.8296617633 1.0018428564071655 0.0041589648462831
2452050.9032733846 1.002732515335083 0.0041605453006923
2452050.976885 1.0011639595031738 0.0041625066660344
2452051.050496609 1.002563714981079 0.0041666636243462
2452051.1241082116 1.002246975898743 0.0041683069430291
2452051.197719808 1.0025497674942017 0.004173370078206
2452051.271331399 1.0028218030929563 0.0041741882450878
2452051.344248535 1.0029225349426267 0.0041761803440749
2452051.417165665 1.0028492212295532 0.0041781379841268
2452051.490777238 1.0028626918792725 0.0041855731979012
2452051.5643888046 1.0026571750640867 0.0041938223876059
2452051.638000365 0.9238033294677734 0.0041247094050049
2452051.7116119196 0.9241077303886412 0.00413224613294
2452051.785223468 1.0021725893020628 0.00421400135383
2452051.858835011 1.0009384155273435 0.0042172432877123
2452051.9324465473 1.0004727840423584 0.0042150630615651
2452052.006058078 1.001833438873291 0.0042145838961005
2452052.0796696027 1.0029070377349851 0.0042188777588307
2452052.153281121 1.0010480880737305 0.0042252778075635
2452052.226892634 1.003091812133789 0.0042267893441021
2452052.3005041406 1.001665949821472 0.0042252354323863
2452052.374115641 1.0027908086776731 0.0042225858196616
2452052.447727136 1.003493309020996 0.0042269611731171
2452052.5213386244 1.0028223991394043 0.0042372997850179
2452052.594950107 1.0017230510711668 0.0042482754215598
2452052.667867136 1.0025929808616638 0.004260103451088
2452052.740784159 1.002681255340576 0.0042690420523285
2452052.8143956237 1.0026384592056274 0.0042786835692822
2452052.888007083 1.0022759437561035 0.0042816442437469
2452052.9616185357 1.0010056495666504 0.0042758216150105
2452053.035229983 1.0021955966949463 0.0042741089127957
2452053.108841424 1.0029969215393066 0.0042806542478501
2452053.182452859 1.001560091972351 0.0042886692099273
2452053.2560642883 1.000619888305664 0.0042902599088847
2452053.329675711 1.0014894008636477 0.0042831171303987
2452053.4032871285 1.0011333227157593 0.0042791040614247
2452053.47689854 1.0000721216201782 0.0042845699936151
2452053.5505099455 1.0015176534652708 0.0043003973551094
2452053.6241213446 1.0008130073547363 0.0043220245279371
2452053.6977327387 1.0007790327072144 0.0043372344225645
2452053.771344126 0.9984737634658812 0.0043508755043148
2452053.8449555077 0.9958501458168028 0.0043606059625744
2452053.9185668835 0.9964265823364256 0.004363368730992
2452053.9914838066 1.000637948513031 0.00435607624240215
2452054.064400724 1.0015143156051636 0.0043532843701541
2452054.1380120823 1.0012001991271973 0.0043618660420179
2452054.211623435 1.0013632774353027 0.0043740607798099
2452054.2852347814 1.0009827613830566 0.0043676123023033
2452054.3588461224 1.0008665323257446 0.0043523237109184
2452054.4324574573 0.9995183944702148 0.0043485206551849
2452054.506068786 1.0009485483169556 0.0043630190193653
2452054.5796801094 1.0003938674926756 0.0043951799161732
2452054.653291427 1.0021755695343015 0.0044307834468781
2452054.7269027387 1.0046896934509275 0.0044594011269509
2452054.8005140447 1.0052809715270996 0.0044786590151488
2452054.8741253447 1.0054503679275513 0.0044898367486894
2452054.9428755157 1.003418207168579 0.0044768827501684
2452055.021347928 1.0051831007003784 0.0044645769521594
2452055.095653657 1.0038817524909973 0.0044708976056426
2452055.168570488 1.0055561065673828 0.0044890800490975
2452055.2421817593 1.0053329467773435 0.0044887042604386
2452055.3150985795 1.0039744973182678 0.00446432409808035
2452055.388015394 1.0033844709396362 0.004439081531018
2452055.4616266484 1.002552151679993 0.0044468874111771
2452055.5352378977 1.0034908056259155 0.0044900057837367
2452055.6088491413 1.0056885480880735 0.0045499810948967
2452055.682460379 1.0044898986816406 0.0045944387093186
2452055.7560716113 1.0050874948501587 0.0046207243576645
2452055.829682838 1.0046247243881223 0.0046477001160383
2452055.9032940594 1.003730297088623 0.0046585807576775
2452055.976905275 0.9498990178108216 0.0045893737114965
2452056.0505164852 0.9224951267242432 0.0045509519986808
2452056.12412769 1.0022045373916624 0.0046433452516794
2452056.19773889 1.0051462650299072 0.0046599488705396
2452056.2713500843 1.0055363178253172 0.0046430784277617
2452056.344961273 1.0045088529586792 0.004598347004503
2452056.4185724566 1.0052112340927124 0.0045776474289596
2452056.492183635 1.0036691427230835 0.0046109366230666
2452056.565794808 1.0044236183166504 0.0046791150234639
2452056.6387115307 1.003909170627594 0.00475127133540805
2452056.711628249 1.0045042037963867 0.0048070354387164
2452056.7852394064 1.0050021409988403 0.0048408592119812
2452056.858850559 1.00636625289917 0.0048769698478281
2452056.9324617065 1.0057306289672852 0.0048792557790875
2452057.006072849 1.0065115690231323 0.0048392070457339
2452057.079683987 1.0052850246429443 0.0048110731877386
2452057.1532951198 1.005631923675537 0.0048240777105093
2452057.2269062474 1.0055556297302246 0.0048306249082088
2452057.3005173705 1.0043863058090208 0.004796449560672
2452057.374128489 1.004283428192139 0.004732821136713
2452057.4477396025 1.0034818649291992 0.0047233211807906
2452057.5213507116 1.0043039321899414 0.0047793821431696
2452057.5949618164 1.0021147727966309 0.0048739924095571
2452057.668572916 1.0010312795639038 0.0049543646164238
2452057.742184012 0.99959397315979 0.0049905367195606
2452057.815795103 0.9978142976760864 0.005015714559704
2452057.8894061903 0.9997528791427612 0.0050366409122943
2452057.9623228293 0.9976004958152771 0.0050181658007203995
2452058.0352394637 0.999583065509796 0.0049676457419991
2452058.1088505383 0.9999717473983764 0.004944812040776
2452058.1824616096 0.9930505156517028 0.0049579581245779
2452058.2560726767 0.993294894695282 0.0049570128321647
2452058.32968374 1.0000624656677246 0.0049084834754467
2452058.4032948 1.000571608543396 0.0048542898148298
2452058.4769058563 0.9997010231018064 0.0048593343235552
2452058.5505169095 0.9989513158798216 0.0049143675714731
2452058.624127959 1.0008500814437866 0.0050035561434924
2452058.697739006 0.9999053478240968 0.0050468770787119
2452058.77135005 0.9990190863609314 0.0050555281341075
2452058.844961091 0.9987944960594176 0.0050918268971145
2452058.918572129 0.9999404549598692 0.0050984555855393
2452058.992877609 1.0009278059005737 0.00506587442941955
2452059.0657941992 1.0001933574676511 0.005002714227885
2452059.1394052315 1.0014102458953855 0.0049707456491887
2452059.2130162613 1.00277042388916 0.0049781794659793
2452059.2859328464 1.001898109912872 0.00496954401023685
2452059.35884943 1.0030012130737305 0.0049184309318661
2452059.4324604566 1.0057480335235596 0.0048973155207932
2452059.5060714823 1.004534363746643 0.0049124932847917
2452059.5796825076 1.004321813583374 0.0049665360711514
2452059.6532935333 1.0066504478454588 0.0050378637388348
2452059.726904559 1.0090030431747437 0.0050763022154569
2452059.8005155856 1.0089242458343504 0.0051037808880209
2452059.8741266136 1.0092557668685913 0.0051359133794903
2452059.947737643 1.00987708568573 0.0051504438742995
2452060.0213486752 1.008532166481018 0.0051327282562851
2452060.09495971 1.0085957050323486 0.0050966078415513
2452060.1685707485 1.0104604959487915 0.0050925146788358
2452060.242181791 1.009235143661499 0.0051248031668365
2452060.315792839 0.9967027902603148 0.005122385919094
2452060.3887094487 0.9251318573951721 0.00501313316635785
2452060.4630149533 0.9943740963935852 0.0050213397480547
2452060.5366260214 1.0094306468963623 0.0050438838079571
2452060.6102370983 1.0077929496765137 0.0051095937378704
