2451325.33872599 1.0005228519439695 0.0007933524902909
2451325.4151148475 1.0001951456069946 0.0007982923998497
2451325.4915036997 0.9997667074203492 0.0008005465497262
2451325.567198104 1.0000219941139221 0.0008031601901166
2451325.642892507 0.9994072914123536 0.0008045933791436
2451325.7192813507 0.999724507331848 0.0008061924600042
2451325.794975749 0.9996192157268525 0.0008096383826341
2451325.8706701463 0.9997133612632751 0.0008115648524835
2451325.9463645415 0.9993134140968323 0.00081126129953185
2451326.0227533793 0.9995080530643464 0.0008131808135658
2451326.098447772 0.9994773864746092 0.0008145698229782
2451326.1748366076 0.9992286562919616 0.0008152544614858
2451326.2505309978 0.9993370175361634 0.00081548775779075
2451326.3255309425 0.9994899928569794 0.00081607396714385
2451326.4026142173 0.9990462660789488 0.0008176433038897
2451326.4783086022 0.9991056621074677 0.0008194627007468999
2451326.554002986 0.9994012117385864 0.0008219987503252
2451326.6303918115 0.9996586441993712 0.0008236088324338
2451326.706086191 0.9993517100811005 0.0008231772226281
2451326.7817805684 0.9994078874588012 0.0008225868805311
2451326.858169387 0.9993649125099182 0.0008229154045693
2451326.93386376 0.9991462230682372 0.0008198576397262
2451327.00955813 0.9994436502456664 0.000817134976387
2451327.0852524973 0.9992116689682007 0.0008176244446076
2451327.163030193 0.9996691346168519 0.00081810110714285
2451327.2373356675 0.9991630911827089 0.0008165295002982
2451327.3137244703 0.9993038773536682 0.0008141001453623
2451327.3894188264 0.9997181296348571 0.0008137202239595
2451327.465113179 0.9995734095573424 0.0008147974149324
2451327.541501972 0.9995570182800292 0.0008165771723724
2451327.6178907617 0.999447166919708 0.0008180235163308
2451327.693585104 0.999771386384964 0.000817416323116
2451327.7685849997 0.9996155500411987 0.0008170489163603
2451327.8456682228 0.9996633827686309 0.00081602545105845
2451327.9213625547 0.9996248781681061 0.00081414391752325
2451327.9970568833 0.9989355206489564 0.0008112781797535
2451328.073445651 0.9968976378440858 0.000810177763924
2451328.1491399724 0.9997130632400512 0.0008112097566481
2451328.2248342894 0.999578833580017 0.0008102596038952
2451328.3012230457 0.9993550777435304 0.0008088888716883
2451328.3769173548 0.9994016885757446 0.0008082703861873499
2451328.451917217 0.9995453357696534 0.0008083463762886
2451328.5290004043 0.9992189407348634 0.0008094756049104
2451328.604694701 0.9991882741451262 0.0008107916510198
2451328.6803889936 0.9996817111968994 0.000810733588878
2451328.756083282 0.9995924830436707 0.00081061199307435
2451328.8324720096 0.9992644488811494 0.00081040075747295
2451328.9081662893 0.999618113040924 0.0008092185016721
2451328.9845550074 0.999538004398346 0.0008075084770098
2451329.060249279 0.9992510974407196 0.00080687238369135
2451329.1352491025 0.9994315803050995 0.0008073416538536501
2451329.213026693 0.9995671212673186 0.00080735949450165
2451329.288026508 0.999757915735245 0.0008067270100582001
2451329.363026318 0.9995867311954498 0.0008056877995841
2451329.439415009 0.9996137320995332 0.0008054847712628
2451329.5158036957 0.9997088313102722 0.0008061250264290499
2451329.591497935 1.0000523328781128 0.0008072896162047
2451329.667886612 1.0001243352890017 0.0008077667444013
2451329.744969727 0.9998750984668731 0.00080750681809145
2451329.8199695097 1.0000852942466736 0.0008073790231718999
2451329.894969288 1.000123381614685 0.0008065292204264001
2451329.968580176 1.0001143217086792 0.00080527726095165
2451330.049135484 0.9999407827854156 0.00080460749450135
2451330.123440805 1.0004165172576904 0.0008048179442994
2451330.1998294485 1.000358819961548 0.000805068295449
2451330.275523645 1.0004737973213196 0.0008044925634748501
2451330.356078931 1.0001532435417175 0.0008035087957978
2451330.427606465 1.000377535820007 0.0008030369644984
2451330.5033006463 1.0004332065582275 0.00080336455721405
2451330.578994823 1.0005526542663574 0.0008043990237638
2451330.655383437 1.0005309581756592 0.0008051009499467
2451330.731077603 1.0006439089775085 0.0008050340111367
2451330.806771765 1.0010517835617063 0.0008048910531215
2451330.8831603634 1.001170992851257 0.0008044457063078
2451330.958854515 1.0010362267494202 0.00080376025289295
2451331.034548661 1.0011605024337769 0.000803243019618
2451331.1109372447 1.0013628005981443 0.000803327304311
2451331.1859369394 1.0008708238601685 0.000803617935162
2451331.2623255122 1.0012015104293823 0.0008033383637666
2451331.3387140804 1.0011366605758667 0.0008024674025364
2451331.4144082014 1.001257061958313 0.0008017460640985
2451331.490102317 1.0011302232742307 0.0008017147192731
2451331.5671853106 1.0011510848999023 0.00080249202437695
2451331.6421849756 1.0013843774795532 0.00080344331217925
2451331.717879076 1.0013575553894043 0.0008035756181925
2451331.793573171 1.0014516711235046 0.0008035254431887999
2451331.870656144 1.0011773109436035 0.0008032781188376
2451331.9463502285 1.0013874173164368 0.0008028162119444
2451332.0220443085 1.0015845298767088 0.0008024129201658
2451332.097738383 1.0013588070869446 0.0008022817200980499
2451332.1741268933 1.0013508200645447 0.00080248728045255
2451332.251209839 1.0009645223617551 0.0008022547117434
2451332.3262094567 1.0014266967773438 0.00080164690734815
2451332.4005146287 1.0013014078140259 0.0008007331925909
2451332.47898644 1.0011444091796875 0.0008003385737538
2451332.554680483 1.0012359619140625 0.00080115825403475
2451332.62968008 1.0011883974075317 0.0008019622182473
2451332.706068552 1.0008813738822937 0.00080205820268015
2451332.780373698 1.0014041662216189 0.0008016835199669
2451332.862317685 1.0008670091629028 0.0008012834005057
2451332.9331506174 1.001053810119629 0.0008010508609004
2451333.009539069 1.0008623600006104 0.000800703826826
2451333.0852330746 1.0009889006614685 0.0008006698044482001
2451333.1609270754 1.0008597373962402 0.0008009090088307
2451333.2373155104 1.000558376312256 0.0008010463789105
2451333.3130095005 1.0007559657096863 0.0008006774587556501
2451333.3880090443 1.000433623790741 0.0007995775085873
2451333.4650919037 1.0008355379104614 0.0007992486935108
2451333.5407858775 1.0005857348442078 0.0007996242493390499
2451333.6164798457 1.0006090402603147 0.0008004453848116
2451333.6928682486 1.0006985664367676 0.0008006588905118
2451333.768562206 1.0004536509513855 0.0008004071423783499
2451333.844256158 1.0003526210784912 0.0008001230307854
2451333.9206445445 1.0002976655960083 0.0007997275097295
2451333.997032926 1.0000876188278198 0.0007994488114491
2451334.0727268616 1.000134527683258 0.0007992243045009
2451334.148420792 0.999927580356598 0.0007994137704372
2451334.2248091567 0.9983779191970824 0.000799149100203
2451334.300503076 0.998896837234497 0.00079912846558725
2451334.3761969903 0.9997660517692564 0.0007988042198121
2451334.4525853377 0.9994152784347534 0.0007985384436324
2451334.528279241 0.9993197917938232 0.0007991457241587
2451334.6039731386 0.9995025396347044 0.00080017442815
2451334.679667031 0.9991256296634674 0.0008007834549061501
2451334.756055357 0.9992623925209045 0.0008009303128346001
2451334.831749238 0.9993777871131898 0.0008006682037375
2451334.907443114 0.9992770254611968 0.0008002321701496499
2451334.980359228 0.999016523361206 0.0007998212240636
2451335.0602197275 0.9988713562488556 0.00079956615809345
2451335.1359135862 0.9987715482711792 0.0007996879285201
2451335.2116074404 0.9987753927707672 0.00079966417979445
2451335.286606849 0.9987083971500396 0.0007990112935658
2451335.3685506415 0.9988701343536377 0.00079775377525945
2451335.440077845 0.99897301197052 0.0007967214332893
2451335.5150772375 0.9988314509391784 0.000795955536887
2451335.592854379 0.9988230466842652 0.0007953526219353
2451335.6678537605 0.9988434910774232 0.0007944468525238
2451335.7428531363 0.9987890124320986 0.0007929966086521
2451335.8192413836 0.998788058757782 0.0007919194758869
2451335.894935186 0.9988574385643003 0.00079105605254875
2451335.9706289833 0.9989161491394044 0.0007906857645139
2451336.0470172134 0.9988214373588562 0.0007901053759269
2451336.1234054375 0.998952090740204 0.0007895853486843
2451336.1990992166 0.9991351068019868 0.000789468846051
2451336.27479299 0.9991110563278198 0.0007894449518062
2451336.3511811965 0.999013602733612 0.0007894590380601
2451336.426874958 0.9989449977874756 0.0007894355803727501
2451336.502568714 0.9989178776741028 0.0007894489681348
2451336.5789569016 0.9990088939666748 0.0007894129958003
2451336.653956207 0.999056041240692 0.0007894543814472
2451336.7303443826 0.999082624912262 0.0007895351736806
2451336.806732551 0.9989097118377684 0.0007894245209172
2451336.882426276 0.9993886053562164 0.00078945420682425
2451336.9581199936 0.9991389513015748 0.0007894756854511
2451337.034508142 0.9986382126808168 0.0007893344736658
2451337.110201847 0.9992422461509705 0.0007893456786405
2451337.185895544 0.999565541744232 0.0007894087466411
2451337.262283672 0.9992605447769164 0.0007893797592259
2451337.33658848 0.9991014897823332 0.0007894260634202001
2451337.41367103 0.9989247918128968 0.0007893330184742
2451337.492142447 0.9993079006671906 0.0007893931178841
2451337.565058357 0.9993904829025269 0.0007893974543549
2451337.641446445 0.9994168877601624 0.0007894652662798
2451337.7185289618 0.9994264543056488 0.00078954108175815
2451337.7942225942 0.9995753169059752 0.0007894545560702
2451337.874082838 0.9995188415050507 0.00078958598896855
2451337.94560983 0.9995243549346924 0.0007896829629316
2451338.0213034316 0.9993110299110413 0.0007895915769039999
2451338.096997022 0.9995576739311216 0.0007895986782386
2451338.173385036 0.9994180798530578 0.0007896761526353
2451338.249773037 0.9998686909675598 0.0007898520561866
2451338.325466587 0.9996575713157654 0.00078979704994705
2451338.4011601214 0.9997696280479432 0.0007898451876826
2451338.4775480754 1.000016212463379 0.0007898117764852
2451338.5206030956 1.0009881258010864 0.0007899033953435
2451339.694196807 1.000108242034912 0.0007901366916485
2451339.767806678 1.0008513927459717 0.0007900657365098
2451339.8441942716 1.0010750293731687 0.0007901792414486
2451339.9198874254 1.000931441783905 0.0007909888518041999
2451339.995580574 1.000833511352539 0.0007927849073894
2451340.071968151 1.000978112220764 0.0007956731133162
2451340.1476612906 1.0009745359420776 0.00079696523607705
2451340.223354427 1.0010865926742551 0.0007983820396475
2451340.2997419937 1.001112937927246 0.0008000470115803
2451340.3761295574 1.0013078451156616 0.0008015783969312
2451340.451822686 0.998538076877594 0.00080217947834165
2451340.5275158123 1.001436710357666 0.0008053267956711
2451340.6045978013 1.0015214681625366 0.0008062035485636001
2451340.6795964907 1.0015994906425476 0.0008060966501942999
2451340.755289611 1.0016521215438845 0.0008066780283115
2451340.831677161 1.0014958381652832 0.0008082645363174
2451340.906675845 1.0019813776016235 0.0008081454434432
2451340.9858411197 1.0014609098434448 0.0008076258818618
2451341.059450934 1.0015997886657717 0.0008084258297458
2451341.135144043 1.001662254333496 0.00080919545143835
2451341.2108371495 1.0017653703689575 0.0008086732123047
2451341.287224686 1.0015664100646973 0.0008084230939857
2451341.3629177874 1.0011645555496216 0.0008083071443252
2451341.4386108858 1.0015063285827637 0.0008097823010757
2451341.514998414 1.0010794401168823 0.0008115458767861
2451341.590691508 1.0010878443717957 0.0008128039480652
2451341.6636068695 1.0013304948806765 0.0008119103731587
2451341.744160981 1.0012422800064087 0.0008105975575745
2451341.818465201 1.0012030005455017 0.0008105820452327999
2451341.8948527137 1.0011540651321411 0.0008093698706943501
2451341.970545792 1.001282811164856 0.0008071006159298
2451342.046238866 1.0012889504432678 0.0008063808490987501
2451342.1233208016 1.0009869337081907 0.0008072849595919
2451342.2031804603 1.0008646845817566 0.00080704677384345
2451342.274012502 1.0014352202415466 0.0008059048268478
2451342.3497055625 1.00117290019989 0.00080471416004
2451342.4260930517 1.0012754201889038 0.000804841693025
2451342.5024805367 1.000746726989746 0.0008059597457759
2451342.578173586 1.000807523727417 0.00080732782953415
2451342.6538666324 1.0004736185073853 0.0008073874050751
2451342.7302541067 1.0004637241363523 0.0008066482841968
2451342.805947145 1.0005175471305847 0.0008060179825406
2451342.8816401795 1.0006138086318968 0.000805597170256
2451342.9580276413 1.0005398988723757 0.0008038504165597
2451343.033720668 1.0004274249076843 0.000802398630185
2451343.1094136904 1.0002521276474 0.0008026223513297
2451343.18580114 1.0003176927566528 0.0008031292818486
2451343.261494154 1.0001797080039978 0.0008022995898499499
2451343.3371871645 1.0004022121429443 0.000801121990662
2451343.413574602 1.000118374824524 0.0008008531294763
2451343.4892676035 1.0001912117004395 0.0008014246122911
2451343.564960601 0.9998521804809568 0.0008025566348806
2451343.641348025 0.999898374080658 0.0008033073390834
2451343.7177354447 1.0000656843185425 0.000802936614491
2451343.792733998 0.999771773815155 0.0008025338174775
2451343.8691214095 0.9999024868011472 0.0008023778209462
2451343.9448143854 0.9996547102928159 0.0008016542997211
2451344.0212017875 0.9998481869697571 0.00080040353350335
2451344.096894754 0.999405324459076 0.0008002326940186
2451344.1725877165 0.9994763731956483 0.0008006295538507001
2451344.245502951 0.9993396997451782 0.0008000496891327
2451344.3253624886 0.9991767406463624 0.0007987100107129
2451344.400361007 0.9993079900741576 0.0007983581454027
2451344.477442812 0.9992827773094176 0.0007990673184394
2451344.551746891 0.9994925260543822 0.0008003420371096
2451344.628134256 0.9988859593868253 0.0008008570584934001
2451344.709382631 0.9988065958023072 0.0008006041753105
2451344.780214543 0.998945355415344 0.0008004081319086
2451344.8566018944 0.9990288019180298 0.0008003417169675
2451344.93229481 0.999170184135437 0.00079955524415705
2451345.007987722 0.9991673827171323 0.000798788445536
2451345.084375059 0.9991945028305051 0.0007987462449818
2451345.1600679616 0.9988227784633636 0.0007991811726242
2451345.235760859 0.9984911680221557 0.0007988896104507
2451345.3121481817 0.9988016486167908 0.0007979102665558
2451345.3878410696 0.9987130761146544 0.00079735304461785
2451345.463533953 0.9989778399467468 0.0007977451896294
2451345.539921261 0.9991785287857056 0.0007988233701325
2451345.6156141344 0.9990243911743164 0.0007997976790647501
2451345.691307003 0.9986808896064758 0.00079964537872
2451345.7676942972 0.9989776015281676 0.0007994979969225
2451345.843387156 0.999108612537384 0.00079960812581695
2451345.91908001 0.999117076396942 0.0007991358288563
2451345.995467289 0.999027907848358 0.0007985742995515
2451346.071160133 0.9989766776561736 0.0007983977557159501
2451346.146852973 0.9991090297698976 0.0007989993900991
2451346.223240237 0.9990397095680236 0.0007989697623997
2451346.298933067 0.9989010393619536 0.00079795933561395
2451346.374625892 0.9988396167755128 0.0007970952428877
2451346.4496242823 0.9989526867866516 0.0007972085149958
2451346.5274003856 0.9990807175636292 0.0007980508962646
2451346.6030931957 0.998755693435669 0.00079876228119245
2451346.6808692887 0.9971149861812592 0.0007988155120983
2451346.757256518 0.9992026388645172 0.00079891170025795
2451346.8301715963 0.9988951086997984 0.0007990496815182
2451346.9058643864 0.9992685616016388 0.0007990656304172499
2451346.9829460303 0.9990957975387572 0.0007985664415173
2451347.057249952 0.9994565844535828 0.0007982066017575
2451347.134331586 0.9992948174476624 0.0007984609692357
2451347.2155797887 0.9992961585521698 0.000798648718046
2451347.285717122 0.9995962977409362 0.0007980368682183
2451347.354465592 0.9997221827507018 0.0007970124424900001
2451347.432936064 0.9991580843925476 0.0007963945972733
2451347.52390625 0.9994854032993317 0.0007970697479322
2451347.598210137 0.999520182609558 0.0007980989175848
2451347.6662641605 1.0002549886703491 0.0007985573029145
2451347.723901748 1.000541090965271 0.00079833192285145
2451347.8259827704 0.9997874498367308 0.0007987518911249
2451347.8919534944 0.9996888339519501 0.0007992384489625001
2451347.969035072 0.9991365075111388 0.0007990364683791
2451348.128059211 0.9996556639671326 0.00079876041854725
2451348.191946632 1.0002166628837585 0.00079862031270745
2451348.263472762 0.9997489154338837 0.00079744943650435
2451348.3481930266 1.0007811784744265 0.0007965271361172
2451348.408608294 0.9987079203128815 0.0007967286219354
2451348.5086059696 0.9987718462944031 0.00079714853200125
2451348.5724933697 1.0008630156517029 0.000798128749011
2451348.627353199 1.0008306503295898 0.0007987593417055
2451348.7370728496 1.000260353088379 0.0007984797703102
2451348.832903928 0.9993863701820372 0.000799365574494
2451348.8669309034 1.0010449886322021 0.0008001339738256501
2451348.948873411 1.001171052455902 0.0008005525451153001
2451349.056509747 1.0002989768981931 0.0008002020767889
2451349.1099806977 0.9999061524868011 0.0008004099363460499
2451349.2134504505 0.9978644251823424 0.0008008886943571
2451349.2342832857 0.9979960918426511 0.0008008803706616
2451349.342614022 1.0010454654693604 0.0008004327537491
2451349.4127512244 1.0019123554229736 0.00079972189269025
2451349.488443843 1.0019946098327637 0.0007997775101102
2451349.56621974 1.002223253250122 0.0008004023693501
2451349.6398290657 1.0020785331726074 0.0008008464938029
2451349.72107709 1.0019603967666626 0.00080087815877045
2451349.792603123 1.001673460006714 0.0008006704156287
2451349.868295716 1.001619279384613 0.0008007102296687
2451349.943988304 1.0016233921051023 0.0008002014365047
2451350.0203753146 1.0018980503082275 0.000798808701802
2451350.0960678924 1.0021920800209045 0.00079772903700355
2451350.1717604646 1.002118706703186 0.000796632899437
2451350.248147459 1.0020726919174194 0.0007948513957671
2451350.324534448 1.0021421909332275 0.0007933875313028
2451350.4009214314 1.0021581649780271 0.000792792532593
2451350.4759195554 1.0019136667251587 0.0007920590578578
2451350.552306528 1.001911759376526 0.0007914600428193
2451350.6279990682 1.0019440650939941 0.0007912180153653
2451350.7036916036 1.001873016357422 0.0007911275024525
2451350.7800785596 1.0016858577728271 0.0007911351276561
2451350.855771084 1.0017981529235838 0.00079114519758145
2451350.9321580287 1.0015129446983335 0.0007911262800917
2451351.008544968 1.0014315843582153 0.0007910242711659
2451351.082848621 1.0013450384140017 0.0007910195854492
2451351.1585411225 1.001494586467743 0.0007910862914286001
2451351.2349280445 1.0012432932853699 0.0007909898995421
2451351.3092316804 1.0014567375183103 0.0007910238346084
2451351.386313016 1.0011332035064697 0.0007909899577498
2451351.4633943457 1.0011359453201292 0.0007910491549409
2451351.539086816 1.0007135272026062 0.00079104636097325
2451351.614084853 1.0010201334953308 0.00079122022725635
2451351.6904717362 1.0007075071334839 0.000791203812696
2451351.766164186 1.0002365112304688 0.0007911603315733
2451351.842551055 1.000081181526184 0.0007911768043413
2451351.9189379155 1.0000635385513303 0.0007912999135442
2451351.993241491 0.9998283982276917 0.00079136184649535
2451352.070322762 0.9995389580726624 0.0007914046873338
2451352.146709597 0.9991212487220764 0.0007914462476037
2451352.226568552 0.9994031190872192 0.00079181135515675
2451352.2980943895 0.9990642666816713 0.0007917853654362
2451352.3744811956 0.9989027976989746 0.0007920131320133
2451352.4508679905 0.9988803267478944 0.0007922363583929
2451352.526560348 0.9983114898204802 0.00079243458458215
2451352.6022526924 0.9983962178230285 0.0007928039995022
2451352.6779450225 0.9977694153785704 0.0007928718987385999
2451352.7543317624 0.9980863630771636 0.0007933941669762
2451352.830024061 0.995639443397522 0.0007928783306851
2451352.9064107654 0.9974287152290344 0.0007937643676996
2451352.9821030255 0.997635006904602 0.0007942624215501999
2451353.05710084 0.9972428679466248 0.0007945979596115
2451353.1348763276 0.9975938200950623 0.00079480145359405
2451353.176541757 0.999795734882355 0.00079471996286875
2452036.313831726 0.9993359744548798 0.00081319568562315
2452036.382583339 0.9992894530296323 0.0008125353488139
2452036.4589740084 0.99995356798172 0.000812035286799
2452036.5346702076 1.0001771450042725 0.000811614037957
2452036.6103663966 1.0003455877304075 0.0008112220675684
2452036.6867570374 1.0003453493118286 0.0008107920875772
2452036.762453209 1.0003180503845215 0.00081046333070835
2452036.838149374 1.0002254247665403 0.0008101465646177
2452036.9145399905 1.0003687143325803 0.0008098339894786
2452036.9909306 1.0004721879959106 0.0008096460951492
2452037.0666267425 1.0002580285072327 0.0008093020878732001
2452037.142322879 1.0001554489135742 0.0008090549381449
2452037.218713468 1.0003358125686643 0.0008088913164101
2452037.294409591 1.0001984238624573 0.0008085547597147
2452037.370105707 1.0001189708709717 0.0008085434674285
2452037.4471907374 1.0000891089439392 0.0008089930634014
2452037.521497922 0.999999403953552 0.0008100920822471
2452037.59788848 0.9999918341636655 0.0008117546676658
2452037.6742790323 0.9999271631240844 0.000813772319816
2452037.749975119 0.9998518228530885 0.0008170684159267501
2452037.8256711992 0.9998633861541748 0.0008217738359235
2452037.902061734 0.9997623562812804 0.0008255814318545
2452037.977757803 0.9996975958347321 0.00082665291847655
2452038.053453867 1.0000216960906982 0.0008276239968836
2452038.1298443843 0.9996352791786192 0.0008296518353745
2452038.2055404363 0.9998066127300262 0.000831061071949
2452038.2812364832 0.9999380707740784 0.0008303708746097
2452038.3576269834 0.9997149109840392 0.0008288792450912
2452038.433323019 0.9998602569103241 0.00082833244232455
2452038.5090190494 0.9999115467071532 0.0008297355961985
2452038.585409533 0.999708890914917 0.00083285337314
2452038.661105552 0.9997800588607788 0.00083448330406095
2452038.7368015656 0.9994968771934508 0.0008349935524165
2452038.8131920327 0.999923288822174 0.0008355067693628
2452038.888888036 0.999644637107849 0.0008348424744326
2452038.964584033 0.9994952082633972 0.0008333197911269
2452039.0409744834 0.9995360970497132 0.0008319842163473
2452039.1166704698 0.9995548725128172 0.0008325990347656999
2452039.192366451 0.9998043179512026 0.0008338566985912
2452039.268756885 0.9999130964279176 0.0008328169351443
2452039.344452855 0.9996798634529112 0.00083030998939645
2452039.42014882 1.0000052452087402 0.00082839501556
2452039.496539238 0.9998507499694824 0.0008287205127999
2452039.57292965 0.999680757522583 0.0008312057470902
2452039.648625599 0.9995569884777068 0.0008336787577718
2452039.7243215423 0.999813199043274 0.00083485734649
2452039.800711938 0.9999182820320128 0.0008357448969036
2452039.876407871 0.9997486174106597 0.0008361274085473
2452039.952103798 0.9998018741607666 0.0008346112444996
2452040.028494178 0.999931514263153 0.0008326040697284
2452040.1041900944 1.0001108646392822 0.0008324263908434
2452040.1798860054 1.0001835823059082 0.0008335998281836
2452040.256276369 1.0002617835998535 0.0008335984894074
2452040.3319722693 1.0003618001937866 0.00083151547005395
2452040.407668165 1.0000824928283691 0.0008292052079923
2452040.4840585124 1.000275492668152 0.0008292943821288
2452040.559754397 1.00022554397583 0.00083192187594245
2452040.635450276 1.000310301780701 0.0008350882562808
2452040.7118406077 1.0003032684326172 0.0008367790142074
2452040.787536476 1.0003010034561157 0.00083780923159785
2452040.8632323393 0.9975070357322692 0.0008377264603041
2452040.939622655 1.00047504901886 0.0008379516657441
2452041.0153185073 1.0003727078437805 0.000835915794596
2452041.091014355 1.0005874633789062 0.000834924809169
2452041.1674046544 1.0002906322479248 0.0008353377343155
2452041.2431004914 1.0003166198730469 0.00083533528959375
2452041.318796323 1.0004253387451172 0.0008334527956321
2452041.395186607 1.000507354736328 0.0008305770461447
2452041.470882428 1.000696063041687 0.00083064980572085
2452041.546578244 1.0003494024276731 0.0008336584432981
2452041.6229685117 1.0006755590438845 0.0008384106913581
2452041.698664317 1.0005242228507993 0.00084077665815125
2452041.774360117 1.0005803108215332 0.000841702800244
2452041.8507503695 1.0006730556488037 0.0008424764382652
2452041.927140616 1.0008552074432373 0.00084206397878
2452042.0028364006 1.0004899501800537 0.00083980185445395
2452042.0785321803 1.0003978013992307 0.0008383804815821
2452042.1549224113 1.000468373298645 0.0008384671527892
2452042.2306181807 1.0001500844955444 0.00083800990250885
2452042.3007582924 1.0002131462097168 0.0008357276092283
2452042.38270416 1.000290274620056 0.000832095334772
2452042.458399914 1.000114917755127 0.0008317792671732
2452042.534095663 1.000261902809143 0.0008350387215614
2452042.610485863 1.0002146959304807 0.0008413660689257
2452042.686181602 1.000255823135376 0.00084583158604795
2452042.7618773356 1.0000269412994385 0.0008476159418933
2452042.8382675205 0.9998518228530884 0.0008483671117573
2452042.9139632443 1.0000141859054565 0.000848077062983
2452042.989658963 0.9998590946197508 0.0008458192460238
2452043.0660491325 0.9998091459274292 0.0008437197539024
2452043.1417448414 0.9996421635150909 0.00084235778194845
2452043.2174405446 0.9996829032897948 0.0008411833550781
2452043.2938306998 0.999505937099457 0.0008389889262616
2452043.3695263937 0.9991466701030731 0.00083653215551745
2452043.4452220825 0.9992747902870176 0.0008363324450328
2452043.521612223 0.999253809452057 0.0008391066803596
2452043.5973079028 0.999390572309494 0.0008439999946858
2452043.6730035767 0.9993096590042112 0.0008485717698931
2452043.7493937025 0.9993593096733092 0.0008508173050358
2452043.825089368 0.9993962347507476 0.0008525683660991
2452043.900785028 0.999199092388153 0.0008529181941412
2452043.97717514 0.9994630217552184 0.0008507313905283
2452044.052870791 0.999154031276703 0.0008468298474326
2452044.128566437 0.9991707205772402 0.000843706424348
2452044.204956535 0.999391496181488 0.0008419650839641
2452044.2813466275 0.9993658661842344 0.0008415868505835
2452044.3570422605 0.9992440938949585 0.0008406947599723499
2452044.432737889 0.9992204308509826 0.0008403274114243
2452044.509127968 0.9990524649620056 0.0008419019868597
2452044.5848235874 0.9992961287498474 0.0008455362985841
2452044.6605192027 0.9997962117195128 0.0008504376746714
2452044.736909269 0.9996910095214844 0.0008530025370419
2452044.812604876 0.9995877742767332 0.0008553199877496501
2452044.8883004785 1.0001473426818848 0.0008577248663641
2452044.964690532 1.0000590085983276 0.000857679056935
2452045.0403861264 1.000015079975128 0.0008544188458472
2452045.1160817174 0.9996384978294371 0.0008510288316756
2452045.1924717585 0.99972403049469 0.0008489958127029
2452045.268167341 0.9997195303440094 0.00084779041935685
2452045.3438629205 0.999465763568878 0.0008464264101348
2452045.420252951 0.9998719692230223 0.0008456174982711
2452045.4959485224 0.9997273683547974 0.0008456461364403001
2452045.571644091 0.999780297279358 0.0008489476167596
2452045.6480341107 1.0001329183578491 0.0008542237919755
2452045.7237296724 1.000450074672699 0.0008590767974965
2452045.7994252313 1.000260829925537 0.0008632213575765
2452045.875815241 1.0006901025772097 0.000867476221174
2452045.9515107935 1.0006926655769348 0.000868612260092
2452046.0272063436 1.0006704330444336 0.0008654777193441
2452046.103596345 1.000472903251648 0.0008608999778516
2452046.17929189 1.0004819631576538 0.00086040160385885
2452046.2549874326 1.0006672143936155 0.0008607421768829
2452046.331377427 1.0006545782089231 0.0008598759304732
2452046.407072966 1.0005947947502136 0.00085760510410175
2452046.482768503 1.0003528594970703 0.0008568265475332
2452046.559158493 1.0001298189163208 0.0008590687066316
2452046.6355484817 1.0003830194473269 0.0008661207975819
2452046.711244015 1.0005249381065369 0.0008762006473261501
2452046.7869395483 1.0005913972854614 0.0008849019068293
2452046.863329536 1.0007929801940916 0.0008919377578422
2452046.9390250687 1.0006839036941528 0.0008954681688919
2452047.014720603 0.9996811747550964 0.0008922724518924
2452047.0911105927 0.9992709159851072 0.0008839374058879
2452047.1668061293 1.0003036260604858 0.0008803327509667
2452047.242501668 1.000182032585144 0.0008827658020891
2452047.3188916654 1.0007545948028564 0.0008871919708326
2452047.3945872113 1.0002986192703247 0.00088807841530065
2452047.470282762 1.0001881122589111 0.0008865458657965
2452047.546672773 1.0002959966659544 0.000885984103661
2452047.6223683357 1.0000702738761902 0.00089007319184015
2452047.6980639067 1.0004380941390991 0.0009024351020343
2452047.7744539417 1.0003584623336792 0.0009190110722556
2452047.850149532 1.0002391934394836 0.0009269745205528501
2452047.925845133 1.0000725984573364 0.0009152183192782
2452048.002235202 1.0000009536743164 0.0008779398049227
2452048.0779308267 0.9995687901973724 0.0008358183840755
2452048.123764879 1.0001413822174072 0.000814399914816
2452049.1689168387 1.000867784023285 0.0008032228506635
2452049.2175284037 1.000046730041504 0.0008030618191696
2452049.293223542 1.000307023525238 0.0008029823657125
2452049.3689186666 1.0004152059555051 0.0008030250319279
2452049.445308229 1.0008209943771362 0.0008031555917114
2452049.521003329 1.0007228255271912 0.0008032152836676
2452049.596698419 1.0002797842025757 0.0008031327743083
2452049.6730879494 1.0006694793701172 0.0008031148463487
2452049.74878302 1.0002712607383728 0.0008030702883843001
2452049.8244780814 1.0004348754882812 0.0008031883044168
2452049.900867585 1.000648021697998 0.0008032011101022
2452049.9765626304 1.0004969239234924 0.00080318661639465
2452050.0522576678 1.000474214553833 0.0008031970937736
2452050.1286471477 1.0005269050598145 0.0008032599580474
2452050.2043421697 1.000063419342041 0.0008031688048503499
2452050.2800371856 1.000177025794983 0.0008031852776184
2452050.356426644 1.0000272989273071 0.0008030760218389
2452050.4321216457 1.0001747608184814 0.00080319962580685
2452050.5078166407 1.00025737285614 0.0008031545439735
2452050.5842060787 1.00036358833313 0.0008033569320105
2452050.65990106 0.9999967217445375 0.0008036789949983001
2452050.735596035 0.999853789806366 0.0008044306305237
2452050.8119854536 0.999854028224945 0.0008057768573053
2452050.887680416 0.9999629557132721 0.0008079243416432
2452050.9633753723 0.9996442794799804 0.0008100714767351
2452051.0397647717 0.9998948574066162 0.0008131840731948
2452051.115459715 0.9996412992477417 0.0008164146565832
2452051.191154653 0.9997729659080504 0.0008186132763512
2452051.267544034 0.99970406293869 0.0008182522724382
2452051.343933408 0.9998075962066648 0.0008173717069439
2452051.4196283277 0.999930739402771 0.0008176557603291499
2452051.4953232408 0.999951720237732 0.0008198862778954
2452051.5717125973 0.9998171925544738 0.0008224532357417
2452051.6474074987 0.9999292492866516 0.0008249770617112
2452051.723102394 0.9998189210891724 0.0008265657234005
2452051.7994917324 0.999866247177124 0.0008272441918961
2452051.8751866166 0.9996363520622251 0.0008267195953521
2452051.950881494 0.9999271631240844 0.0008247313089668
2452052.027270815 0.9996022582054136 0.0008234002743847
2452052.102965681 0.9996123313903809 0.0008241251343861
2452052.178660541 0.9994515180587769 0.0008253366104327
2452052.255049844 0.9996955990791322 0.0008247409132309
2452052.330744693 0.9998739063739777 0.00082287017721675
2452052.4064395353 0.999654710292816 0.0008220290765166
2452052.482828821 0.999619483947754 0.0008229488739743
2452052.558523652 0.999512493610382 0.00082573038525875
2452052.6342184776 0.9995689392089844 0.0008283592178486
2452052.7106077457 0.9996854662895202 0.0008304273360408
2452052.78630256 0.999594122171402 0.0008315478044096001
2452052.8619973683 0.9997907280921936 0.0008319761836901
2452052.938386619 0.9994630813598634 0.0008304110961034
2452053.014081416 0.9996056854724884 0.0008283918141387
2452053.089776207 0.9995923042297364 0.0008283948991447
2452053.1661654403 0.9993785619735716 0.0008294840226881
2452053.24186022 0.9965417981147766 0.00082862004637715
2452053.3175549945 0.9992443919181824 0.0008275308646261
2452053.393944211 0.9994314312934875 0.0008258673478849
2452053.4696389735 0.9995161890983579 0.0008262280316557
2452053.545333731 0.9995489716529846 0.0008285869262181
2452053.62172293 0.9993687868118286 0.0008319166954606
2452053.698112123 0.9993568062782288 0.0008339196792803
2452053.773806864 0.9996936917304993 0.0008354095916729
2452053.8495015986 0.9995912313461304 0.0008367883274331
2452053.925890775 0.99971866607666 0.000835798215121
2452054.0015854985 0.9998157024383545 0.0008330142882186
2452054.077280217 0.9997286796569824 0.0008322406793013
2452054.1536693764 0.9995316863059996 0.0008330375421792
2452054.229364083 0.9998160302639008 0.0008334988669957499
2452054.3050587852 0.9996623396873474 0.0008315969607792
2452054.3814479276 0.99970281124115 0.0008294446743093
2452054.457142618 1.0000502467155457 0.0008289174002129
2452054.5328373034 0.999826729297638 0.0008310921257361
2452054.609226429 1.0002424716949463 0.0008354493766091
2452054.6849211035 1.0001328587532043 0.0008393250172957
2452054.7606157716 1.0002000331878662 0.0008414580370299
2452054.837004881 1.0004066228866575 0.0008428865112364
2452054.909227307 1.0005151033401487 0.0008423284743912
2452054.989783084 1.0002200603485107 0.0008391499868594
2452055.0640888377 1.000236451625824 0.00083805952453985
2452055.1404779255 1.0002447962760925 0.0008392706222366
2452055.216172562 1.0001109838485716 0.0008397117489948
2452055.292561638 1.0001232624053955 0.0008373286691494
2452055.3682562634 1.0002104043960571 0.0008329635020345
2452055.443950884 0.999973714351654 0.0008323388756252
2452055.5203399444 1.000073790550232 0.0008356968173757
2452055.596034554 1.000457227230072 0.0008411633607465
2452055.671729158 1.0004842281341553 0.0008455464267171
2452055.748118202 1.0006800889968872 0.0008478111121803
2452055.824507242 1.0004537105560305 0.0008494996000081
2452055.90020183 1.0006260871887207 0.00084978481754655
2452055.975896413 1.000641107559204 0.0008471274049952
2452056.052285437 1.0003192424774168 0.0008444093400612
2452056.1279800097 1.0006775856018066 0.00084536554641085
2452056.203674577 1.0003108978271484 0.0008459771052002
2452056.2800635854 1.0003215074539185 0.0008431887836195
2452056.3557581427 1.0001925826072693 0.00083873607218265
2452056.431452695 1.0003533363342283 0.0008366687106899
2452056.507841688 1.0002776384353635 0.0008398334030061
2452056.58353623 1.0002387762069702 0.0008447949076071
2452056.6592307677 1.000573754310608 0.0008501451811753
2452056.735619745 1.0003644227981567 0.0008529355400241
2452056.8113142727 1.0004618763923645 0.0008549495250917501
2452056.8870087955 1.0002589225769043 0.0008560425485484
2452056.9633977585 1.0004003047943115 0.0008538679103367
2452057.0390922716 1.0001540780067444 0.00085005964501755
2452057.1147867795 0.999806761741638 0.000848967116326
2452057.1911757286 1.0002214908599851 0.0008495164802297
2452057.2668702267 0.9999495148658752 0.00084842002252115
2452057.342564721 0.9999703764915464 0.000843908637762
2452057.4189536558 0.9998507499694824 0.0008412025053985
2452057.494648141 1.0003154277801514 0.00084328936645755
2452057.5703426213 1.0001627206802368 0.0008493819623254
2452057.6467315424 1.0004324913024902 0.0008556472021155
2452057.722426014 1.000228703022003 0.0008594212995376
2452057.7981204814 0.9999577403068542 0.0008610179647803
2452057.874509389 1.0004161596298216 0.0008628878858871
2452057.950203848 1.0001229047775269 0.00086244745762085
2452058.025898303 1.0002238750457764 0.0008589478093199
2452058.1022871984 1.0000712871551511 0.0008572879014536
2452058.1786760893 1.00012469291687 0.0008588802884332
2452058.254370532 1.00023752450943 0.00085951382061465
2452058.330064971 0.9999157190322878 0.0008560869609937
2452058.4064538507 0.9998612999916076 0.0008529259357601
2452058.482148282 1.0000152885913849 0.0008542287978343
2452058.5578427105 1.000091791152954 0.0008607305935584
2452058.634231579 1.000239372253418 0.0008681530016474
2452058.709926001 1.0003291964530945 0.00087238071137105
2452058.785620419 1.000027418136597 0.0008745976956561
2452058.862009278 1.000162124633789 0.0008793157758191
2452058.9377036905 1.0004612803459167 0.0008803172386251
2452059.014092543 0.9998343884944916 0.0008777274342718999
2452059.0897869505 0.9999822378158568 0.000873691169545
2452059.165481355 0.9999856054782865 0.0008740228367969
2452059.241175757 1.0000771284103391 0.0008760414202697
2452059.317564601 0.9997498989105223 0.0008747413521632
2452059.393259 0.9997909963130951 0.0008720242185517499
2452059.468953396 0.997400403022766 0.0008725405205041
2452059.5453422363 0.9997864365577696 0.0008786741527728
2452059.621036631 1.000112235546112 0.0008878652879502501
2452059.6967310244 0.9998813271522522 0.0008955755620263
2452059.773119862 0.999873399734497 0.0009005889296531
2452059.848814256 0.9999505281448362 0.00090664153685785
2452059.92450865 1.0000814199447632 0.0009125520591624
2452060.000897489 1.0002375841140747 0.0009142924682237
2452060.0765918856 1.0001807808876038 0.0009129940590355
2452060.152286284 0.99957537651062 0.0009144590003415
2452060.22867513 0.9995518326759336 0.0009222626104019
2452060.3050639792 0.9999077916145324 0.0009275457123294
2452060.380063944 0.9996198415756224 0.0009258462814614
2452060.4564528028 0.9994103908538816 0.0009230381110683
2452060.508536119 0.9991322457790374 0.0009253597236238
2452061.85784056 1.0001167058944702 0.0007971739978529
2452061.903673679 0.9999719262123108 0.0007972409948706
2452061.9752011015 0.9997002184391022 0.00079718409688205
2452062.050895147 0.999655544757843 0.0007971462327986
2452062.127283613 0.9997252225875854 0.0007971465820446
2452062.20297762 0.9998370707035065 0.0007971650920808001
2452062.2786716125 0.999730348587036 0.0007971215527504
2452062.355060031 0.9996837377548216 0.000797125394456
2452062.4314484363 0.999825358390808 0.0007972187013365
2452062.5071423906 0.9995213150978086 0.0007971364539116001
2452062.582836334 0.999333918094635 0.0007971549057401
2452062.6592247076 0.9994648098945615 0.0007971685263328
2452062.7349186316 0.999485433101654 0.0007972750172484
2452062.8106125477 0.9993959069252014 0.0007971792365424
2452062.8870008946 0.9996744394302368 0.0007973448955453
2452062.962694793 0.9994976222515105 0.00079723339877085
2452063.038388685 0.9995392560958862 0.0007973603205755
2452063.114777008 0.9997085928916932 0.0007972562452778
2452063.1904708846 0.9994385242462158 0.00079731774167155
2452063.266164754 0.9996342062950134 0.000797392334789
2452063.3425530554 0.9996246695518493 0.0007973604369908
2452063.418246912 0.9996815025806427 0.0007973441679496
2452063.49394076 0.999399960041046 0.0007974455365911
2452063.5703290417 0.9996479749679564 0.0007973967003636
2452063.6460228777 0.9997118413448332 0.00079754079342815
2452063.7217167066 0.9998671412467957 0.0007975765038281
2452063.7981049684 0.9996048212051392 0.000797540822532
2452063.873798785 0.9997949600219727 0.0007975833723321
2452063.9494925956 1.0000303983688354 0.0007977361092343
2452064.0258808383 0.9999157786369324 0.0007978055509738
2452064.101574636 1.000150442123413 0.00079774376354175
2452064.1772684283 1.000119924545288 0.0007978609064593
2452064.2536566528 1.000356674194336 0.0007979151559993
2452064.329350433 1.0005390644073486 0.00079787161666895
2452064.405044207 1.0004045963287351 0.0007979862857609
2452064.4814324128 1.0003373622894287 0.0007980643422342
2452064.557820613 1.0004894733428955 0.0007980162627063
2452064.633514369 1.0004050135612486 0.0007980990922078
2452064.709208119 1.000460147857666 0.0007980431546457
2452064.785596302 1.000722289085388 0.000798171327915
2452064.86129004 1.0007718205451965 0.0007981520902831
2452064.9369837726 1.0006049871444702 0.0007982118986546
2452065.013371937 1.0008360147476196 0.0007982186507433
2452065.0890656584 1.0006449222564697 0.00079818916856305
2452065.1647593738 1.000533938407898 0.0007982091046869
2452065.241147521 1.0006059408187866 0.0007983054383657
2452065.316841224 1.000383973121643 0.0007980922819114499
2452065.3925349223 1.0003987550735471 0.0007981804083101
2452065.4689230523 1.0005487203598022 0.0007982507813721
2452065.544616739 1.00044584274292 0.0007982265669852001
2452065.6203104197 0.999193787574768 0.0007978894864208
2452065.6966985324 0.9995750188827514 0.0007979584042914
2452065.7723922017 1.0005624890327451 0.0007981964154168499
2452065.848085866 1.0002849102020264 0.0007982142851687
2452065.924473961 1.0006636381149292 0.0007983640534803
2452066.000167614 1.0003340244293213 0.0007982446404639
2452066.0758612608 1.000418782234192 0.0007983312825672
2452066.1522493386 1.000083565711975 0.0007982661481946
2452066.2279429743 1.0001071095466612 0.0007982493843883001
2452066.3036366045 1.0001362562179563 0.0007983096293173
2452066.380024666 0.9998340010643004 0.0007982850656844
2452066.455718285 0.9999929368495941 0.0007982555544003
2452066.531411898 1.000373601913452 0.0007984807016327
2452066.6077999426 1.0000675916671753 0.0007983952527865
2452066.6841879813 1.000223994255066 0.00079863704741
2452066.7598815784 1.000246524810791 0.0007989500008988501
2452066.8355751694 1.0002018213272097 0.0007993823383003
2452066.9119631913 1.0003622770309448 0.0007998940418474
2452066.9876567717 1.000114619731903 0.0008000726520549001
2452067.063350346 1.000018000602722 0.0008002081885933
2452067.1397383516 1.0002436637878416 0.0008005248964764
2452067.2154319156 1.0002889037132263 0.0008008781878743
2452067.2911254736 0.9999920725822448 0.0008007918368093
2452067.3675134624 1.0002400875091553 0.0008006654679775
2452067.4432070097 1.0002071857452393 0.0008008744625839499
2452067.518900552 1.0001059770584106 0.0008014685590751
2452067.5952885244 1.0002020597457884 0.000802235561423
2452067.6709820554 1.0002727508544922 0.00080264586722475
2452067.746675581 1.000346064567566 0.0008027513395063
2452067.8230635375 1.0002342462539673 0.0008028075098991
2452067.8987570526 1.0003498196601865 0.0008031097822821999
2452067.970978383 0.9999421536922455 0.00080293888458975
2452068.052227374 1.0000780820846555 0.0008029351592995
2452068.1265320014 1.0001148581504822 0.0008033380727283
2452068.202225495 1.0000871419906616 0.00080363440793
2452068.2786134193 0.9996460676193236 0.0008034672937355
2452068.3543069027 0.9997877180576324 0.0008030816097743
2452068.4300003806 0.9999842643737794 0.0008032376645132
2452068.5063882894 0.9996169209480285 0.0008040123502723
2452068.5820817566 0.9994842112064359 0.00080506427912035
2452068.657775219 0.9996690154075624 0.0008058225503191
2452068.734163112 0.9995689988136292 0.000805955089163
2452068.8105509994 0.9995554685592652 0.00080604897812
2452068.886244447 0.9994604885578156 0.0008063549175858
2452068.961937888 0.9995210170745848 0.0008063110290095
2452069.0383257605 0.9995492100715636 0.000806255149655
2452069.1140191923 0.9994427561759949 0.0008067582675721
2452069.189712619 0.9995279312133788 0.0008073885692283
2452069.266100476 0.9994882941246032 0.0008073010831139
2452069.3417938924 0.9995783567428589 0.0008070415060500999
2452069.4174873047 0.9995583295822144 0.0008072394994087
2452069.4938751464 0.9994903206825256 0.0008085482986643
2452069.5695685484 0.9995231926441193 0.0008104699372778999
2452069.645261946 0.9997044205665588 0.0008121725986711
2452069.7209553383 0.9997597932815552 0.000813143356936
2452069.797343161 1.0000529289245605 0.00081393425352865
2452069.873036544 0.9999549984931946 0.0008147528278641
2452069.9494243567 1.0002347230911257 0.0008148960769176
2452070.0251177303 0.9997828602790833 0.0008142377773765
2452070.1008110987 0.9998936653137208 0.0008147316402755
2452070.1771988976 1.00015652179718 0.0008158839773386
2452070.2528922576 1.0000957250595093 0.0008162492886185
2452070.3285856126 1.0002732276916504 0.0008157152333296
2452070.404973398 1.000044345855713 0.0008152400841936
2452070.4806667436 0.9997886717319489 0.00081655167741695
2452070.556360086 0.9997808933258056 0.0008199300500564
2452070.6327478574 1.0001507997512815 0.0008244135533459
2452070.7084411914 1.0000854134559631 0.0008274147403426
2452070.78413452 0.9999877214431762 0.0008292073034681
2452070.860522279 0.9998477101325988 0.0008309227996505
2452070.9369100346 0.9998509287834167 0.0008311380515806
2452071.012603351 0.9998193383216858 0.00083018405712205
2452071.088296664 1.0000330209732056 0.0008303353679366
2452071.1646844074 0.9999202489852904 0.0008330132695846
2452071.240377712 0.999840646982193 0.00083538584294725
2452071.316071014 1.0000609159469604 0.0008354683523066
2452071.3924587453 0.9995858669281004 0.0008344101370312
2452071.4681520397 0.9996503293514252 0.00083581116632555
2452071.5362065583 0.999931126832962 0.00084105131099925
2452075.193787516 0.9996076226234436 0.0007978948997333
2452075.268091564 0.9996223151683807 0.0007977736822794999
2452075.341006732 0.9999783635139464 0.0007978398352861
2452075.417394032 0.999855637550354 0.0007978602079674
2452075.4930868857 0.999958723783493 0.00079794612247495
2452075.568779724 0.9999019503593444 0.0007979770307429
2452075.6451669796 0.9999764561653136 0.0007979545043781
2452075.720859793 0.999953508377075 0.0007980013324413
2452075.7965525943 0.9999949932098388 0.0007978782523423
2452075.8729398153 1.0001982450485227 0.0007979386136867
2452075.948632596 1.0002855062484741 0.00079795796773395
2452076.0250197975 1.0002477765083313 0.00079795732744965
2452076.100712561 1.0002219676971436 0.0007979834335856
2452076.1764053153 1.0005834102630615 0.0007980086666065499
2452076.252098062 1.0001323223114011 0.0007978995563462
2452076.328485229 1.0004386901855469 0.0007979639922268
2452076.40417796 1.0004668235778809 0.0007979652727954001
2452076.4798706835 1.0003254413604736 0.0007979469373822
2452076.5562578286 1.0003013610839844 0.0007978898356668
2452076.6319505377 1.0004554390907285 0.0007979826186783
2452076.7076432398 1.0003942251205444 0.0007979155634529
2452076.784030364 1.0006558895111084 0.0007979069487191
2452076.859723053 1.0006422400474548 0.0007980069203767
2452076.935415735 1.0003992319107056 0.0007979206275194
2452077.011802839 1.0004907846450803 0.0007980116060934
2452077.0881899367 1.0006407499313354 0.0007980240625329
2452077.1638825997 1.0006757378578186 0.0007979578804224001
2452077.2395752566 1.0006365776062012 0.0007980948430486
2452077.315962335 1.0004218816757202 0.0007979344227351
2452077.3916549794 1.000491738319397 0.0007979389338288
2452077.467347618 1.000576734542847 0.0007979695801623
2452077.5437346785 1.0005023479461668 0.0007978819194249
2452077.6194273047 1.000609278678894 0.00079790622112335
2452077.695119926 1.0004088878631592 0.0007978373323567
2452077.771506968 1.0005598068237305 0.0007978272624313
2452077.847199577 1.0002866387367249 0.0007977996137924
2452077.92289218 1.0005888938903809 0.0007979669026099
2452077.9992792043 0.9998829364776612 0.0007976943161338
2452078.074971796 0.9983253479003904 0.000797348213382
2452078.1506643817 1.000482439994812 0.0007979205111041
2452078.227051389 1.000162124633789 0.0007977755740284
2452078.3027439634 1.0001165866851807 0.00079781090607865
2452078.378436532 1.0002578496932983 0.000797881220933
2452078.4548235224 1.0000903606414795 0.0007978021749295
2452078.5305160796 1.0002458691596985 0.0007979502552188499
2452078.6062086313 1.0001699924468994 0.0007979882648214
2452078.682595605 0.9998998045921323 0.000797895132564
2452078.758288146 1.0002761483192444 0.0007979584333952
2452078.8339806814 1.0000317096710205 0.0007978905341587
2452078.910367638 1.0002833604812622 0.0007980082300491
2452078.986754589 1.0001362562179563 0.0007979180081747
2452079.062447108 1.0001283288002014 0.0007978907669894
2452079.1381396214 1.0000878572463987 0.0007977536297403
2452079.214526556 0.9999371767044068 0.0007978469948284
2452079.2902190587 0.9998941719532013 0.00079781850217835
2452079.365911556 0.9998390674591064 0.0007977609056979
2452079.4422984743 0.9998422265052797 0.0007976457127369
2452079.5179909607 0.9996197521686553 0.00079757702769705
2452079.593683442 0.9999874234199524 0.000797665095888
2452079.670070344 0.9995718002319336 0.0007975783664733
2452079.745762815 0.9998529553413391 0.0007976037741173
2452079.8214552803 0.999779462814331 0.000797635235358
2452079.8978421665 0.9998151063919068 0.0007976595079526
2452079.9735346213 0.9997218251228333 0.0007978497887961
2452080.049227071 0.9997454285621644 0.0007979882648214
2452080.1256139413 0.9998509287834167 0.0007984218536876
2452080.2013063803 0.9999080896377561 0.00079864438157525
2452080.2769988147 0.9996370077133178 0.0007986779673956
2452080.3533856696 0.9998505115509032 0.0007988213328644
2452080.4290780933 0.9994451999664304 0.0007989272417034501
2452080.5047705118 0.9994288682937622 0.0007993028266355
2452080.581157351 0.9996203184127808 0.0007995699997991
2452080.6568497596 0.9996552467346191 0.0007999330991878501
2452080.7325421628 0.9993560314178466 0.0008001404930837
2452080.8089289865 0.9997134804725648 0.0008004458504728
2452080.885315805 0.9996370673179624 0.0008005067938938
2452080.961008194 0.9995907843112943 0.00080054122372525
2452081.036006151 0.9995662271976471 0.0008005293202585999
2452081.1130873803 0.9998409152030944 0.0008007865981198
2452081.184613201 0.9995062053203583 0.0008009343000594
2452081.264472122 0.9996357560157776 0.0008008785662241
2452081.3408589107 0.999648630619049 0.000800733861979
2452081.416551269 0.9994336664676666 0.00080071992124425
2452081.4922436224 0.9993937611579896 0.0008011012687347
2452081.5686303964 0.9995959997177124 0.0008017724030651
2452081.644322741 0.9996996521949768 0.0008025236311368
2452081.7200150797 1.0000075101852417 0.0008030888857319
2452081.796401839 0.9996933937072754 0.0008034395868889
2452081.8720941683 0.9997418224811554 0.00080379031714975
2452081.947786493 0.9998575448989868 0.000803964678198
2452082.0241732383 0.999525547027588 0.0008040886605158
2452082.0998655534 0.9997124075889587 0.00080447486834595
2452082.1755578644 0.9997285604476928 0.0008048442541621
2452082.251944595 1.000047206878662 0.0008046052535064
2452082.3276368966 1.000031292438507 0.0008044656424316999
2452082.4033291936 1.00001859664917 0.0008042401750572
2452082.4797159103 1.000224471092224 0.000804693379905
2452082.5554081984 1.00014066696167 0.00080609516589895
2452082.6311004814 1.0003550052642822 0.0008077228558249
2452082.707487185 1.000285267829895 0.0008090162882581
2452082.783873884 1.0004472732543943 0.0008099252008832
2452082.859566154 1.000177025794983 0.0008111067290883
2452082.9352584197 1.0002974271774292 0.0008119196281768
2452083.011645105 1.000348687171936 0.0008122368017211
2452083.0873373626 1.0003021359443665 0.0008129860216286001
2452083.1630296153 1.0000959634780884 0.0008134086383506
2452083.239416288 1.000472903251648 0.0008132876246236
2452083.3151085326 1.000357985496521 0.0008123709994833
2452083.3908007727 1.000440239906311 0.000811627425719
2452083.4671874335 1.0001397132873535 0.0008121482678689
2452083.5428796657 1.0001323223114014 0.000814237515442
2452083.618571894 1.000115990638733 0.0008173487731255
2452083.6949585425 0.9997202157974244 0.0008202776079997
2452083.770650763 0.9997394979000089 0.0008226699719670501
2452083.84634298 0.9999900460243224 0.0008250405080616
2452083.9227296165 1.0000375509262085 0.0008263812633231
2452083.997727402 1.0000206232070925 0.0008262388873845
2452084.0741140316 0.9997629523277282 0.0008269845275208
2452084.150500658 0.9997882246971128 0.0008289021789096
2452084.226192856 0.9975497424602509 0.0008288519165943499
2452084.3018850517 0.999514639377594 0.0008280380279757
2452084.3782716673 0.9999129176139832 0.000826381612569
2452084.453963856 0.9999740421772002 0.00082754137110895
2452084.5296560414 1.000089406967163 0.0008323387010022
2452084.6060426477 1.0002582073211668 0.0008393633761443
2452084.6817348264 1.0001360774040222 0.0008437647775281
