2451517.403043584 1.0067875385284424 0.00133587681921195
2451517.480128946 1.0072081089019775 0.0012396356323733
2451517.559297732 0.9823068976402282 0.0011782740475609
2451517.6384665472 0.9662259817123412 0.0011432341998443
2451517.7169409217 1.0048296451568604 0.0011338956537656
2451517.7954153134 1.0043826103210447 0.0011150445789098
2451517.874584183 1.0038083791732788 0.0011005357373505
2451517.9544475265 1.0031277537345886 0.00109269109088925
2451518.0329219503 1.0023673772811887 0.0010872480925172
2451518.11139638 1.001800298690796 0.0010824199998750502
2451518.1898708125 1.0015602111816406 0.0010776570998132
2451518.269734176 1.0008078813552856 0.00107520393794395
2451518.348903076 1.0007954835891724 0.00107327633304515
2451518.4266830487 1.0004990100860596 0.00107116170693185
2451518.505157484 1.000529408454895 0.0010700066341087
2451518.5843263823 0.9998893141746522 0.0010696742683649
2451518.663495278 0.999895453453064 0.0010696355020627
2451518.742664171 0.999653160572052 0.0010694976663216
2451518.821138597 0.999473452568054 0.0010696351528167
2451518.8996130195 0.9992853403091432 0.0010695791570469
2451518.978781902 0.999760925769806 0.0010695870732888
2451519.0579507803 0.999796986579895 0.0010696118697524
2451519.1364251897 1.000054657459259 0.0010699168196879
2451519.214899595 1.0002362728118896 0.0010697750840336
2451519.294068459 1.0002161264419556 0.0010700789280235
2451519.3732373174 1.0002576112747192 0.0010697974357753
2451519.452406171 1.000327229499817 0.00107012107037
2451519.5308805546 1.0007039904594421 0.0010703087318688
2451519.6093549333 1.00059711933136 0.0010700724087655
2451519.6885237694 1.0004018545150757 0.0010700545972213
2451519.7676926 1.0007388591766355 0.0010701081482693
2451519.846166961 1.001319944858551 0.0010702689760364
2451519.9239468523 0.9497891962528228 0.00105115416226905
2451520.0038101277 0.7520971894264221 0.0009758178493939
2451520.082978933 1.0010856389999387 0.0010699708946049
2451520.162147733 1.0020582675933836 0.0010706646135076
2451520.2406220627 1.0023173093795776 0.00107074173865835
2451520.319096386 1.0027778148651123 0.0010708533227443
2451520.3982651657 1.003214716911316 0.0010708853369578
2451520.472572699 1.0035399198532104 0.0010710587375797
2451520.555908243 1.0041362643241882 0.0010711379582062
2451520.6343825404 1.004921793937683 0.0010713796364143
2451520.713551293 1.0053123235702517 0.001071389648132
2451520.79272004 1.0061112642288208 0.0010718451812863
2451520.871888779 1.006623148918152 0.0010720723075792
2451520.9503630493 1.0069525837898254 0.00107208709232505
2451521.0288373125 1.007756590843201 0.0010726194595918
2451521.1080060317 1.0087642669677734 0.0010727789485827
2451521.1871747435 1.0094643831253052 0.001073308289051
2451521.265648986 1.0099872946739197 0.0010733534581959
2451521.3441232215 1.0108008384704588 0.001073665684089
2451521.423291912 1.0115672349929807 0.0010739201679825
2451521.5024605957 1.0117812156677246 0.001073979656212
2451521.5816292716 1.0122017860412595 0.0010741871083155
2451521.6601034794 1.0126304030418396 0.00107406446477395
2451521.7385776793 1.0121347904205322 0.0010740341385826
2451521.817746334 1.012194275856018 0.0010742205195128
2451521.8969149813 1.0119009017944336 0.0010739703429862
2451521.9760836214 1.0113958120346067 0.0010737935081124
2451522.054557793 1.0106067657470703 0.0010734476963988999
2451522.1330319564 1.0100241899490356 0.0010732684750109
2451522.2122005746 1.0092530250549316 0.0010729258647188
2451522.2913691853 1.0064338445663452 0.0010720530990511
2451522.3698433265 0.9628479480743408 0.0010560679947956499
2451522.448317461 1.0040866136550903 0.0010710002388805
2451522.5274860496 1.006340265274048 0.0010719278361648
2451522.60665463 1.005987763404846 0.0010717433178797
2451522.685823203 1.0048518180847168 0.0010713515803217
2451522.7636028463 1.0046902894973757 0.0010715931421145
2451522.8427714044 1.0042537450790403 0.0010712556540966
2451522.921939954 1.004013180732727 0.0010710207279771
2451523.001108497 1.0038877725601196 0.0010709102498367
2451523.079582571 1.003576934337616 0.0010709112975745999
2451523.158056637 1.0037271976470947 0.001070832950063
2451523.2372251563 1.003345608711243 0.0010709640337154
2451523.3163936674 1.0035139322280884 0.0010707749752327
2451523.395562171 1.0027884244918823 0.0010708819609135
2451523.474036206 1.0027456879615784 0.00107067817589265
2451523.552510233 1.0022249221801756 0.0010704519227147
2451523.6268174904 1.0020188689231873 0.0010702185099944
2451523.710847184 1.0021077394485471 0.0010702735744416
2451523.7893211874 1.0011725425720215 0.00106982351280745
2451523.867795183 1.0010336637496948 0.0010698777623474
2451523.94696363 1.0007761716842651 0.0010695138480514
2451524.026132069 1.0001213550567627 0.0010695268865674
2451524.1053005 1.0002497434616089 0.001069615362212
2451524.183774463 1.0005444288253784 0.00106966146267945
2451524.262248417 1.0001672506332395 0.0010694381780922
2451524.3414168227 1.0008357763290403 0.0010697697289288
2451524.42058522 1.00005042552948 0.0010694760130718
2451524.499059149 1.0003047585487364 0.0010695601231418
2451524.5775330705 1.000599980354309 0.0010696407407522
2451524.656701442 1.0000269412994385 0.0010696139652282
2451524.7358698053 0.7538318037986755 0.0009754357161
2451524.8150381595 0.9407484531402588 0.001048062229529
2451524.893512046 1.002760112285614 0.0010704410960897
2451524.9719859236 1.002887487411499 0.0010706614702939
2451525.051154251 1.0038912296295166 0.0010709289927035
2451525.13032257 1.0050762891769407 0.0010712505318224
2451525.2087964206 1.0059717893600464 0.0010715198586694502
2451525.287270263 1.0067042112350464 0.001072009676136
2451525.366438554 1.0077862739562988 0.0010725129395723
2451525.445606836 1.0085419416427612 0.0010724194580689
2451525.524775109 1.0094035863876345 0.0010727518238127
2451525.603248914 1.0099945664405823 0.0010732225491665
2451525.681722709 1.0104379653930664 0.0010734673123806
2451525.760890953 1.0113177299499512 0.001073574530892
2451525.8400591873 1.011410355567932 0.0010735145770013
2451525.919227412 1.0118093490600584 0.0010737385600805
2451525.997701168 1.0125025510787964 0.001073952356819
2451526.0761749144 1.0129286050796509 0.0010742865270003
2451526.1553431083 1.0132199525833128 0.0010744677856564
2451526.2345112925 1.0135262012481687 0.0010744796600192
2451526.312985008 1.0138130187988281 0.0010746396728790499
2451526.391458713 1.013799786567688 0.0010747144697234
2451526.470626865 1.0137873888015747 0.0010744909523054
2451526.5497950064 1.012627363204956 0.0010741382138803
2451526.628963136 1.0125553607940672 0.0010738681303337
2451526.707436797 1.011551022529602 0.00107396784005685
2451526.7907716474 1.0107315182685852 0.00107348267920315
2451526.865078544 1.0098384618759155 0.0010728107299655
2451526.9442466274 1.0096375942230225 0.0010730122448876
2451527.022720243 1.0086836218833921 0.0010724515886976998
2451527.1011938453 0.9704153537750244 0.001058455905877
2451527.1803618926 0.9818201065063475 0.0010633460478857
2451527.2595299263 1.0067698955535889 0.0010717114200815
2451527.3386979476 1.0059220790863037 0.0010715532116591
2451527.4171714997 1.0054753422737122 0.0010712338262237001
2451527.4956450374 1.0048040151596067 0.0010712764924392
2451527.5748130176 1.0042308568954468 0.0010710019851103
2451527.6539809834 1.0037990808486938 0.0010708044283092
2451527.7324544787 1.00313526391983 0.0010706487810239
2451527.810927959 1.003279209136963 0.0010706010507419
2451527.8900958793 1.003115177154541 0.00107050628867
2451527.9692637837 1.00261390209198 0.0010705750901252
2451528.0484316708 1.0028647184371948 0.0010705351596698
2451528.1269050865 1.0028594732284546 0.0010706074535846
2451528.2053784835 1.0028496980667114 0.0010705998865887
2451528.2845463175 1.0028852224349976 0.0010704963933676
2451528.363714132 1.0023517608642578 0.0010705407476052
2451528.4421874722 1.001985788345337 0.00107016583206125
2451528.5206607925 1.0019788742065427 0.0010700871935114
2451528.599828544 1.0016064643859863 0.0010699154809117
2451528.6789962733 1.0007188320159912 0.0010699183912947
2451528.7581639783 1.0002702474594116 0.001069767633453
2451528.8366372054 0.9998778104782104 0.0010696336394175
2451528.9151104065 0.999391496181488 0.0010693335207179
2451528.9942780333 0.9994344711303712 0.0010694047668948
2451529.0512231505 0.999501883983612 0.0010692635551095
2451535.0165900993 1.0021798610687256 0.0010581789538264
2451535.0665907916 1.0038869380950928 0.0010604398557916
2451535.1457585483 1.0082051753997805 0.0010649440810084
2451535.224926297 1.0117183923721311 0.0010690860217437
2451535.3033995843 1.0142425894737244 0.0010718768462538
2451535.381872864 1.0156092643737793 0.0010744003811851
2451535.461040589 1.0168118476867676 0.0010755406692624
2451535.540208307 1.0174267292022705 0.0010765378829091
2451535.618681563 1.018248736858368 0.0010772279929369502
2451535.6978492644 1.0187744498252869 0.0010779500007628501
2451535.7763225045 1.0184173583984375 0.0010783893521875
2451535.8554901904 1.0186007022857666 0.0010784639744088
2451535.9346578675 1.017645239830017 0.0010785071644932
2451536.013131084 1.0169811248779297 0.00107853906229135
2451536.0916042924 1.016485333442688 0.0010782313765957
2451536.1707719453 1.0157076120376587 0.0010782794561237
2451536.2499395907 1.0142967700958252 0.0010778381256386
2451536.3291072273 1.0130544900894165 0.0010773311369121
2451536.4075804027 1.0118045806884766 0.00107701966771855
2451536.48605357 1.0110896825790403 0.0010768752545118
2451536.5700823506 1.0087921619415283 0.0010757303098216
2451536.6443887856 0.963919758796692 0.0010597800137475
2451536.722861928 0.9991631507873535 0.00107210141140965
2451536.801335062 1.0063941478729248 0.0010753782698884
2451536.8805026403 1.0051212310791016 0.0010748598724603
2451536.95967021 1.004157304763794 0.0010745305335149
2451537.0388377705 1.0025254487991333 0.0010738752316683
2451537.1173108704 1.0012053847312927 0.0010737051488831
2451537.1957839625 1.000022292137146 0.0010731476359069
2451537.274951497 0.9993595480918884 0.0010727809276431
2451537.3541190233 0.998418927192688 0.0010723475134
2451537.4325920884 0.9974352121353148 0.0010720862192101
2451537.511065145 0.9971593618392944 0.0010720647405833
2451537.5902326447 0.9969169497489928 0.0010720110731199
2451537.669400135 0.9973468184471128 0.0010718425037339
2451537.748567616 0.997410237789154 0.0010720075806602
2451537.827040637 0.9976743459701538 0.0010722838342189498
2451537.905513649 0.9983585476875304 0.0010722747538238
2451537.9846811024 0.9982984662055968 0.0010722497245296
2451538.0638485467 0.9984855651855468 0.0010723650921136
2451538.1423215307 0.9982824325561523 0.0010722457664087
2451538.2207945054 0.9981248974800108 0.0010723230661824
2451538.2999619213 0.9981840848922728 0.0010723161976784
2451538.379129328 0.9981380105018616 0.0010722568258643
2451538.458296724 0.99815571308136 0.0010720924474298
2451538.53676966 0.9983802437782288 0.00107237719930705
2451538.615242587 0.9983431696891784 0.0010719848796725
2451538.694409954 0.9984357953071592 0.0010723448358476
2451538.7735773106 0.9993056654930114 0.0010723258601501
2451538.852744657 0.9999767541885376 0.0010724142193794
2451538.9312175433 0.9993947148323059 0.0010725404717959
2451539.009690419 0.772365152835846 0.0009866890031844
2451539.0888577346 0.8932535648345947 0.0010320817818865
2451539.168025039 1.0021895170211792 0.0010735304094851
2451539.2464978835 1.0035026669502258 0.0010738197015598
2451539.3249707166 1.0043861865997314 0.001074249157682
2451539.4041379886 1.0058722496032717 0.0010745459003373
2451539.4833052494 1.0071427822113037 0.001075392239727
2451539.5624724985 1.0083218812942505 0.0010757354320958
2451539.6367785903 1.009209394454956 0.0010758772841654
2451539.720112513 1.0102065205574036 0.00107620039489115
2451539.7985852775 1.0107775926589964 0.0010762226302176
2451539.877752479 1.0118446350097656 0.0010768487118184
2451539.9562252196 1.0127725005149841 0.00107719487277785
2451540.034697948 1.0128577947616575 0.0010768936481326
2451540.113865112 1.0130343437194824 0.0010771915549412
2451540.193032263 1.013323426246643 0.0010773529065772
2451540.2721994002 1.0134282112121582 0.0010773948160931
2451540.350672076 1.0136422514915466 0.00107733829645435
2451540.429144738 1.0131351947784424 0.0010772935347631
2451540.5083118333 1.0128753185272217 0.0010772567475214
2451540.5874789143 1.0127003192901611 0.0010771626839414
2451540.6659515323 1.0120209455490112 0.0010768923675641001
2451540.744424135 1.0112224817276 0.0010764847975224
2451540.823591169 1.0101630687713623 0.0010759944561868
2451540.902758187 1.0093376636505127 0.0010757097043097
2451540.981925188 1.008540391921997 0.0010755795519798
2451541.0603977246 1.0076725482940674 0.0010750872897915
2451541.138870243 1.0064901113510132 0.0010747344931587
2451541.218037189 1.0056256055831907 0.0010742536978796
2451541.2972041164 1.0042414665222168 0.0010737749980762
2451541.375676576 0.9723133146762847 0.00106199108995495
2451541.4541490152 0.9679187536239624 0.0010612969053909
2451541.5333158784 1.0000706911087036 0.0010722394799813
2451541.6124827187 0.9992329478263856 0.0010720026912167
2451541.6916495347 0.9978466629981994 0.0010713312076404
2451541.77012188 0.9968998134136199 0.0010710865026339
2451541.848594199 0.9960970878601072 0.0010707690380513
2451541.9277609354 0.9954226613044738 0.001070772181265
2451541.985399857 0.9945138394832611 0.00107045983895655
2451544.0110977693 1.0060811042785645 0.0010600977111607
2451544.056931374 1.0059361457824707 0.0010510062566027
2451544.135404064 1.0068691968917847 0.0010373539989813499
2451544.2152656536 1.0080748796463013 0.0010300137801095
2451544.2937383475 1.009405553340912 0.0010262113064527
2451544.3722110414 1.0106303691864011 0.001020349911414
2451544.451378183 1.0110418796539309 0.0010151015594601
2451544.530545323 1.0120198726654053 0.0010123759275302
2451544.6090180124 1.0122568011283875 0.00101100280880925
2451544.688185148 1.0135095119476318 0.00101019773865115
2451544.7666578316 1.0131466388702393 0.0010090838186442
2451544.845824959 1.013837814331055 0.0010086002293974
2451544.9249920836 1.0142925977706907 0.0010070961434394
2451545.0034647547 1.014250099658966 0.00100587308406825
2451545.0819374206 1.0140163898468015 0.0010046468814834
2451545.1611045306 1.0136799812316897 0.0010033706203103
2451545.2402716344 1.0129179954528809 0.0010023150825873
2451545.319438733 1.0121326446533203 0.001001518103294
2451545.3979113777 1.0115190148353577 0.0010003453353419
2451545.4763840167 1.0103145837783811 0.0009995333384722
2451545.5555510977 1.0095161199569702 0.0009990730322897
2451545.6347181723 1.0091884136199951 0.0009988923557102
2451545.713190793 1.007826566696167 0.0009985489305108
2451545.791663407 1.0068329572677612 0.0009981144685298
2451545.8708304623 1.006294012069702 0.0009978075977414
2451545.9499975108 1.0052350759506223 0.0009973405394703
2451546.0291645527 1.004456877708435 0.0009969131788238
2451546.10763714 0.9966990351676941 0.00099418585887175
2451546.1861097207 0.958402633666992 0.0009791906923055
2451546.265276742 1.0008659362792969 0.0009954198030754
2451546.3423604136 1.000893771648407 0.00099547323770815
2451546.425694105 1.000024437904358 0.0009950102539732501
2451546.5013888683 0.9993101358413696 0.0009948536753654
2451546.580555861 0.9984551072120664 0.0009944316698238
2451546.6597228465 0.9979147315025328 0.0009942700853571
2451546.7388898246 0.9975950121879577 0.0009941706666722
2451546.817362348 0.9971626996994019 0.00099381158361205
2451546.8958348646 0.997090995311737 0.000993984634988
2451546.9750018204 0.996753752231598 0.0009936690330505
2451547.054168769 0.9971307516098022 0.0009940112940967
2451547.1333357096 0.9973595738410947 0.0009940079180523
2451547.2118081963 0.9981335401535034 0.00099425762891765
2451547.2902806755 0.9982243776321412 0.0009941377211362
2451547.3694475936 0.9987801909446716 0.0009943408658728
2451547.448614504 0.9995033740997312 0.0009944759076461
2451547.52708696 0.9999755024909974 0.0009946963400579499
2451547.605559409 1.0004180669784544 0.0009948828956112
2451547.6847262965 1.000368595123291 0.0009949723025783
2451547.763893176 1.0009741783142088 0.0009952425025403
2451547.843060048 1.0015647411346436 0.0009954841807484
2451547.921532466 1.0022113919258115 0.0009957288857549
2451548.0000048755 1.0028584003448486 0.0009959244634956
2451548.079171724 1.00333571434021 0.0009960256284102
2451548.158338564 1.0038982629776 0.0009963922202587
2451548.2368109506 1.0040401816368103 0.00099637819221235
2451548.315283329 1.004500150680542 0.0009966775542125
2451548.394450146 1.0049469470977783 0.0009968213271349
2451548.473616954 1.0029820203781128 0.0009958293521776
2451548.552783754 0.7550976276397705 0.0008958571124821
2451548.6312561007 0.9753209054470062 0.0009850782225839499
2451548.7097284393 1.006780982017517 0.0009974208660423
2451548.7888952154 1.0077191591262815 0.0009977654553949
2451548.868061983 1.008534550666809 0.0009981413604691
2451548.9465342974 1.0096173882484436 0.0009985307697206
2451549.0250066034 1.0102663040161133 0.0009988775709643
2451549.1041733464 1.0111860036849976 0.0009991604601964
2451549.1833400815 1.0125792026519775 0.0009994865395128
2451549.2625068077 1.0131055116653442 0.0009997019078582
2451549.3409790806 1.013919174671173 0.0009999944013543
2451549.4194513457 1.0139374732971191 0.0009999413741752
2451549.493756934 1.0146282315254211 0.0010002508643082498
2451549.5777847394 1.0143885612487793 0.0010000171605497
2451549.6569514237 1.0144416093826292 0.0009999355534091
2451549.7354236543 1.0143700242042542 0.0009999884641728502
2451549.8138958775 1.0139476060867307 0.000999768381007
2451549.8930625357 1.0137889385223389 0.0009997215820476
2451549.972229185 1.0132805109024048 0.0009996447479352
2451550.0507013816 1.0126721262931824 0.0009992055711336
2451550.1291735703 1.0115337371826172 0.0009990019025281
2451550.2083401936 1.0113282203674316 0.0009989531245082
2451550.287506808 1.0098875761032104 0.0009981506736949
2451550.3666734137 1.0094841718673706 0.0009981112089008
2451550.445145567 1.008598268032074 0.0009978505549951499
2451550.5236177105 1.0081771612167358 0.0009977044537663
2451550.6027842895 1.007712721824646 0.0009975109715014
2451550.681950859 1.007136821746826 0.0009972493862733
2451550.7604229758 1.0069382190704346 0.0009971997933462002
2451550.838895083 1.0057497024536133 0.0009967950172722
2451550.918061625 0.9624447226524352 0.0009797082748264
2451550.9972281577 0.9877039194107056 0.0009894225513562
2451551.0763946804 1.0049543380737305 0.0009964705677703
2451551.154866751 1.004139006137848 0.00099626596784215
2451551.233338812 1.004028558731079 0.0009961001342162
2451551.312505306 1.003325581550598 0.0009957805741578
2451551.3916717907 1.002799153327942 0.000995717360638
2451551.470143823 1.0021429657936096 0.00099543941905715
2451551.548615845 1.001794934272766 0.0009952801046893
2451551.6277822996 1.0011441707611084 0.0009951010579243
2451551.7069487446 1.0006766319274902 0.0009948178194463
2451551.7861151793 1.0000298023223877 0.0009945968631654
2451551.8645871617 0.9996615648269652 0.0009944453486240498
2451551.9430591334 0.9993734955787658 0.0009943632176145
2451552.0222255364 0.9987781643867492 0.0009940405143424
2451552.1013919297 0.9988892674446106 0.0009940954623743
2451552.1805583118 0.998501181602478 0.0009939178125932
2451552.2590302415 0.998616635799408 0.0009939722949638499
2451552.3375021596 0.9991654753684996 0.0009941887110471
2451552.4166685087 0.99910306930542 0.0009942246833816
2451552.495834847 0.9997715950012208 0.0009943970944732
2451552.574306732 1.0001581907272339 0.00099454703740775
2451552.6576396944 1.0006235837936401 0.0009945123456418
2451552.7319449084 1.001699447631836 0.0009949003579095
2451552.811111199 1.0023577213287351 0.0009952022228389
2451552.8902774784 1.0025749206542969 0.0009950451785698
2451552.9687493043 1.0032498836517334 0.0009952698601409
2451553.047221117 1.0038732290267944 0.000995906535536
2451553.1263873586 1.0044957399368286 0.0009956749854609
2451553.2055535866 1.0047011375427246 0.0009960936149582
2451553.284025361 0.821230560541153 0.0009225904068443499
2451553.3624971216 0.8465229272842406 0.0009347118902951
2451553.441663309 1.0070846080780027 0.0009969221428036
2451553.520829482 1.008291244506836 0.0009975300636142
2451553.59999564 1.0089633464813232 0.0009977327426895
2451553.678467344 1.0097969770431519 0.0009979677270166
2451553.7569390326 1.010101556777954 0.0009982938645407
2451553.836105145 1.0112537145614624 0.0009986712830141
2451553.915271241 1.011581301689148 0.0009987751254811
2451553.993742882 1.0120202898979187 0.0009989495156332
2451554.072214505 1.0127025842666624 0.0009991422994062
2451554.15138055 1.012832760810852 0.0009993357816711
2451554.2305465764 1.0124843120574951 0.0009990826947614
2451554.3097125837 1.012389898300171 0.0009992357809096
2451554.388184133 1.0119988322257996 0.000998898060061
2451554.4666556623 1.011465549468994 0.0009986617369577
2451554.545821609 1.0111808776855469 0.000998594216071
2451554.6249875333 1.0105568170547483 0.0009984375210478
2451554.704153435 1.009906530380249 0.0009983291383832
2451554.782624875 1.0092974305152893 0.0009981049224734
2451554.861096291 1.0084985494613647 0.0009977120207622
2451554.9402621184 1.0083216428756712 0.0009976444998756
2451555.0194279198 1.0078165531158447 0.0009974370477721
2451555.097899257 1.0074942111968994 0.0009972111438400501
2451555.176370567 1.0068267583847044 0.0009971193503588
2451555.255536286 1.0067203044891355 0.0009969751117751
2451555.3347019777 1.006458401679993 0.0009970242390409
2451555.4138676436 1.005994439125061 0.000996604678221
2451555.492338851 1.0055444836616516 0.00099659600527955
2451555.538171583 1.00538831949234 0.00099633162608365
2451557.2478781734 0.9985737502574921 0.00105660979170345
2451557.306211165 0.9990385472774506 0.0010479715419932502
2451557.3846829315 0.9994906187057496 0.0010351466480642
2451557.463849139 1.0002577304840088 0.0010265883756801
2451557.5430153473 1.0006992816925049 0.0010222170967608
2451557.6214871146 1.0016137957572937 0.0010193092748522498
2451557.699958881 1.0018812417984009 0.0010180242825299
2451557.779125086 1.0023616552352903 0.0010153362527489
2451557.8582912884 1.0033758878707884 0.0010121425148099
2451557.9374574884 1.0034834146499632 0.0010103926761075
2451558.015929245 0.9530642032623292 0.00098940922180185
2451558.0944009973 0.7546849846839904 0.0009088412043638
2451558.173567186 1.0046149492263792 0.0010049353586509
2451558.2527333708 1.0060971975326538 0.0010049843695014
2451558.3312051105 1.0065561532974243 0.00100415846100075
2451558.4096768457 1.007337212562561 0.0010030308039858
2451558.4888430154 1.008117914199829 0.0010021569905802
2451558.5680091805 1.0085606575012207 0.0010015744483098
2451558.6471753395 1.0095303058624268 0.0010014562867581
2451558.7256470537 1.0097572803497314 0.00100096483947705
2451558.8041187613 1.0103002786636353 0.0010008348617702
2451558.883284903 1.0108979940414429 0.0010009923717007
2451558.9624510393 1.0107059478759763 0.0010009037796407
2451559.041617169 1.010619044303894 0.0010008021490648
2451559.120088853 1.0096521973609924 0.0010005462099798
2451559.19856053 1.009245753288269 0.0010000432375818
2451559.277726641 1.0086249113082884 0.0009997175075113
2451559.3568927445 1.0077229738235471 0.0009992463747039
2451559.435364403 1.007337749004364 0.0009989704121835
2451559.513836054 1.0065453052520752 0.0009986968943849
2451559.593002138 1.0061280727386477 0.0009981702314689
2451559.6721682157 1.005855917930603 0.0009980874601751
2451559.751334286 1.0059726238250732 0.0009979719761759
2451559.8298059097 1.0056504607200623 0.0009976851288228498
2451559.9124441613 1.0049196481704712 0.0009973425185307
2451559.9881380154 1.005474030971527 0.00099732051603495
2451560.0666096187 1.0054812431335447 0.000997197930701
2451560.1450812146 1.0052025914192197 0.0009969403618014499
2451560.223552804 1.0053251981735227 0.0009968028170987
2451560.3027188242 1.005395531654358 0.0009964689379557
2451560.381884838 1.0034934282302856 0.0009958229493349
2451560.461050844 0.9589523673057556 0.0009790667099878
2451560.539522404 1.0017957091331482 0.0009951588581316
2451560.617993957 1.0051318407058716 0.0009963697521016
2451560.6971599404 1.004696011543274 0.0009962922194972
2451560.7763259173 1.004906177520752 0.0009962525218725
2451560.855491886 1.0046849250793457 0.0009962680051103
2451560.933963409 1.004751980304718 0.00099625153234225
2451561.0124349245 1.004130721092224 0.0009959681192412
2451561.091600871 1.0038658380508425 0.0009959766175597
2451561.17076681 1.0034056901931765 0.0009957307484
2451561.249238303 1.0031203627586365 0.00099542265525085
2451561.3277097885 1.0028438568115234 0.0009953314438462
2451561.406875704 1.0024408102035522 0.0009952259715646
2451561.486041612 1.0023818016052246 0.0009952757973223
2451561.565207512 1.00198495388031 0.0009950732346624
2451561.643678967 1.001711368560791 0.00099498330382625
2451561.722150414 1.002013087272644 0.0009949645027518
2451561.8013162906 1.002479910850525 0.0009951031534001
2451561.8804821596 1.0024986267089844 0.0009952097898349
2451561.9589535827 1.0025758743286133 0.0009951540268957
2451562.0374249984 1.0028349161148071 0.0009952627588063
2451562.1165908435 1.0033280849456787 0.0009955096757039
2451562.1957566803 1.0038042068481443 0.0009955985005944
2451562.2749225097 1.004695177078247 0.0009958178270608
2451562.353393893 1.0051401853561401 0.0009959316812455
2451562.4318652693 1.0054837465286257 0.0009960836032405
2451562.5110310735 1.0065670013427734 0.0009964791825041
2451562.5901968703 1.0072102546691897 0.0009966506622731
2451562.6686682217 1.0075921416282652 0.0009968941449187
2451562.7471395647 1.007170557975769 0.000996563816443
2451562.826305337 0.7595083713531494 0.0008966831956058
2451562.9054711 0.9411787986755372 0.0009703832911327
2451562.984636855 1.0107477903366089 0.0009979035239666
2451563.0679692193 1.0114637613296509 0.0009981537004932
2451563.141579467 1.0120699405670166 0.0009984784992411
2451563.2207451966 1.0127071142196655 0.000998688628897
2451563.299910918 1.013216495513916 0.0009988668607547
2451563.3790766303 1.0135449171066284 0.0009989306563511
2451563.458242334 1.013774037361145 0.0009989340323954
2451563.536019157 1.013845920562744 0.0009988129604607
2451563.6151848435 1.013368248939514 0.00099880003836
2451563.6943505215 1.0132654905319212 0.0009987507946789
2451563.772821754 1.012674331665039 0.00099860073532905
2451563.851292979 1.0119221210479736 0.0009983764030039
2451563.93045863 1.0109894275665283 0.0009980830363929
2451564.0096242717 1.0099588632583618 0.000997720984742
2451564.088789905 1.0090088844299316 0.0009972582338377
2451564.167261093 1.0080667734146118 0.0009969432721845
2451564.2457322725 1.007482886314392 0.000996746472083
2451564.324897878 1.0072733163833618 0.0009965668432414
2451564.404063474 1.0062909126281738 0.0009963548509404
2451564.4825346256 1.006123960018158 0.000996156479232
2451564.5610057674 1.0061018466949463 0.0009960489114746
2451564.640171335 1.0060203075408936 0.0009959728922694
2451564.7193368925 1.005316376686096 0.0009959643939509
2451564.7985024406 1.0052813291549685 0.0009958607843145
2451564.8769735442 1.0053098797798157 0.0009956593858078
2451564.9554446377 1.004850149154663 0.0009955895366147
2451565.034610156 1.0050927400588987 0.0009956753347069
2451565.113775664 1.0045040845870972 0.0009954692795872
2451565.192941162 0.9663437008857728 0.0009809705661609
2451565.2714122143 0.9783928096294402 0.0009854770614765
2451565.3498832574 1.004977464675903 0.0009956414578482
2451565.4290487235 1.004730224609375 0.0009956799913197
2451565.508214179 1.004637598991394 0.000995518406853
2451565.586685189 1.0051283240318298 0.0009956897119991
2451565.665156189 1.0050609111785889 0.0009956455323845
2451565.7443216112 1.0048797130584717 0.0009954577544704
2451565.823487022 1.0042916536331177 0.0009957607835531
2451565.902652421 1.0042847394943235 0.0009953760309144
2451565.981123375 1.0040931105613708 0.0009952998952939998
2451566.059594317 1.003828525543213 0.0009952122345566
2451566.1338986494 1.0033167004585266 0.0009948218357749001
2451566.217925031 1.0030735731124876 0.0009952071122825
2451566.296395936 1.0034421682357788 0.0009951181709766
2451566.374866829 1.003118872642517 0.0009949742816388
2451566.4540321412 1.003069519996643 0.0009949471568688
2451566.5331974397 1.00307559967041 0.0009947675280272
2451566.6123627247 1.0029090642929075 0.0009947159560397
2451566.690833563 1.0034035444259644 0.0009951242245733
2451566.7693043877 1.0036820173263548 0.0009951087413355
2451566.8484696294 1.0043227672576904 0.0009954379638656
2451566.9276348557 1.0049244165420532 0.0009954989654943
2451567.0068000667 1.0058361291885376 0.0009961222531273
2451567.0852708304 1.00675368309021 0.00099640368716785
2451567.1637415774 1.0074872970581057 0.0009968637023121
2451567.2429067385 1.0087289810180664 0.0009971531108021
2451567.322071883 1.0092496871948242 0.0009975531138479
2451567.4005425773 1.0102119445800781 0.00099770154338325
2451567.479013254 1.0106987953186035 0.0009981099283322
2451567.5581783415 0.8749366998672485 0.0009445683099329
2451567.637343409 0.8082579970359801 0.0009170059929601
2451567.716508455 1.0121527910232544 0.0009985417127609
2451567.79497905 1.0131739974021912 0.0009989123791456001
2451567.873449622 1.0137423276901243 0.0009990922408178
2451567.9526146012 1.0137594938278198 0.0009991736151278
2451568.031779556 1.014294981956482 0.0009993870044127
2451568.109555627 1.0144081115722656 0.0009994423016905
2451568.1887205318 1.0143309831619265 0.0009993073763325
2451568.2678854093 1.0138778686523435 0.0009992643026635
2451568.3470502608 1.01352322101593 0.0009991331025958
2451568.4262150857 1.0123122930526731 0.0009988169185817
2451568.472047341 1.0124564170837402 0.0009987191297113
2452255.734153357 1.010642647743225 0.0010155964409932
2452255.7952658427 1.0106648206710815 0.0009964558994397
2452255.87373983 1.0095914602279663 0.00097815925255415
2452255.952213817 1.0083982944488523 0.0009686832199804
2452256.031382261 1.0070016384124756 0.0009604247752577
2452256.110550702 1.0058462619781494 0.0009557525627315
2452256.1890246784 1.0049144625663757 0.0009550346294416999
2452256.26749865 1.0036474466323853 0.000954758899752
2452256.346667076 1.0022767782211304 0.000954148650635
2452256.4258354963 1.0013213157653809 0.0009539090679027
2452256.5050039105 1.0004414319992063 0.0009534781565889
2452256.583477858 0.9997162520885465 0.00095321243861685
2452256.661951799 0.9990401864051818 0.0009529967210255
2452256.7411201927 0.9978992342948912 0.0009525763452984
2452256.8202885794 0.9980149269104004 0.0009525930508971
2452256.8987625 0.9980483949184418 0.0009524603083263499
2452256.9772364125 0.9977371096611024 0.0009524179040454
2452257.0564047773 0.997815191745758 0.000952438567765
2452257.1355731348 0.997993528842926 0.0009524513734504
2452257.2147414847 0.9980138540267944 0.000952462607529
2452257.293215368 0.9981698095798492 0.0009524844354018
2452257.3716892437 0.9986034631729124 0.0009526180219836
2452257.450857571 0.9986104965209962 0.0009525857749395
2452257.5300258906 0.9982849359512328 0.0009524688939563
2452257.6084997435 0.9985503256320953 0.00095259802765205
2452257.686973589 0.9991707205772402 0.0009527798392809
2452257.766141886 0.999453604221344 0.0009529570234008
2452257.845310175 1.0002542734146118 0.0009532325784675
2452257.924478456 1.0003159046173096 0.0009533474221825
2452258.002952271 0.7843933403491974 0.0008689251553732501
2452258.0814260785 0.8871265053749084 0.0009103415650315
2452258.1605943367 1.0037012100219729 0.0009545547654852
2452258.239762587 1.0044703483581543 0.0009547292720526
2452258.31893083 1.0052944421768188 0.0009550877148285
2452258.3974046065 1.006584346294403 0.0009555486612953001
2452258.475878376 1.0070985555648804 0.0009559221216477
2452258.5550465956 1.0088056325912476 0.000956509495154
2452258.634214808 1.009613871574402 0.0009567450615577
2452258.7126885536 1.0106250047683716 0.0009572821727487999
2452258.7918567504 1.0116700530052185 0.0009575625881552
2452258.8703304813 1.0127192735671997 0.0009579561301507
2452258.9494986627 1.013491988182068 0.000958189193625
2452259.028666836 1.0148196220397947 0.0009585686493664
2452259.107140544 1.0151928067207336 0.0009587565436958499
2452259.185614245 1.0160828828811643 0.0009590346016921
2452259.264782395 1.016413927078247 0.0009591934503987
2452259.343950538 1.0172216892242432 0.0009595255833119
2452259.422424216 1.0176888704299927 0.00095957366283975
2452259.5008978858 1.017525553703308 0.0009596275049261
2452259.5800660052 1.017891764640808 0.0009596408926881
2452259.6592341173 1.0178602933883667 0.0009596196468919
2452259.7384022214 1.018054723739624 0.0009597050957381
2452259.816875861 1.0181968212127686 0.0009597344323992499
2452259.895349493 1.0180588960647583 0.0009597629541531
2452259.9745175736 1.0170974731445312 0.0009595326264388
2452260.0536856474 1.0173805952072144 0.0009594755247235
2452260.1321592564 1.0167097449302673 0.0009591559937689
2452260.2106328574 1.0160921812057495 0.0009589670225977
2452260.2898009075 1.0144979953765867 0.00095846503973
2452260.36896895 0.984682023525238 0.000947029388044
2452260.448136985 0.9791863560676576 0.0009454849059693
2452260.526610555 1.0114346742630005 0.0009571867703925499
2452260.605084118 1.010095238685608 0.0009567276574671
2452260.6842521294 1.0078818798065183 0.0009561126935295
2452260.763420133 1.0073674917221067 0.00095567246899
2452260.841893673 1.00531005859375 0.00095489682280455
2452260.9203672046 1.0040528774261477 0.0009544985950924
2452260.9939795374 1.0023759603500366 0.0009538657614029
2452261.078703157 1.0014262199401855 0.0009534363634884
2452261.1578711215 1.0003609657287595 0.0009530312963761
2452261.2363446224 0.999033510684967 0.0009526940993964
2452261.3148181154 0.9984304904937744 0.0009523587650619
2452261.3939860566 0.9978747367858888 0.0009521243046037
2452261.4731539893 0.9974179863929749 0.0009520409512333
2452261.551627459 0.9974078536033628 0.00095201749354595
2452261.630100921 0.9971272945404052 0.0009519569575786
2452261.70926883 0.9971837401390076 0.000951929250732
2452261.788436731 0.9977746605873108 0.0009521610918454
2452261.867604624 0.9975789785385132 0.0009521218016743
2452261.946078054 0.997747004032135 0.0009522462787571501
2452262.0245514764 0.997493267059326 0.0009520825115032
2452262.1037193453 0.997300624847412 0.0009519652812741
2452262.1828872063 0.9972970485687258 0.000951986236032
2452262.262055059 0.996912121772766 0.0009518464212305
2452262.340528449 0.9968565702438354 0.0009517635917290501
2452262.4190018307 0.997186839580536 0.0009519867016933
2452262.498169659 0.9977090358734132 0.0009520383318886
2452262.577337479 0.998254895210266 0.0009523535263724
2452262.6558108367 0.9990369975566864 0.0009526589128654
2452262.734284186 0.9126394987106324 0.0009200642816722
2452262.8134519807 0.7647470831871032 0.0008605568436905
2452262.8926197677 1.001949667930603 0.0009536892757751
2452262.9717875463 1.00377094745636 0.000954404938966
2452263.0502608623 1.0048524141311646 0.00095472458633585
2452263.1287341695 1.0059027671813965 0.0009551005205139
2452263.2079019225 1.0077431201934814 0.0009557791054248
2452263.287069667 1.0086126327514648 0.0009561015758663
2452263.365542949 1.0100347399711609 0.000956669304287
2452263.444016223 1.0110617876052856 0.0009568887180648
2452263.523183941 1.0123156309127808 0.0009574849973432
2452263.602351651 1.0130581855773924 0.0009578008321113
2452263.681519352 1.0142364501953125 0.0009582730708643
2452263.75999259 1.0152630805969238 0.0009585650695953
2452263.83846582 1.015981674194336 0.000958883552812
2452263.9176334944 1.0169066190719604 0.0009592276182956
2452263.99680116 1.0169692039489746 0.0009593947324901
2452264.075274362 1.0176851153373718 0.0009596112067811
2452264.1537475563 1.0181864500045776 0.0009597488096915
2452264.232915194 1.0185922384262085 0.0009597924654372
2452264.312082822 1.0187121629714964 0.0009599158656783
2452264.391250441 1.0190452337265017 0.0009599699988029
2452264.4697235976 1.0190491676330566 0.00095998929464255
2452264.5481967446 1.0188648700714111 0.000960027158726
2452264.6273643347 1.0186738967895508 0.0009599268669262
2452264.706531915 1.0182676315307615 0.0009596596355549
2452264.785699485 1.017794847488403 0.0009595068986527
2452264.864172593 1.0166659951210022 0.00095912237884475
2452264.942645691 1.0159655809402464 0.0009588435059413
2452265.021813231 1.0146014690399168 0.0009585148072801
2452265.1009807605 1.0067092180252075 0.0009558097808621
2452265.179453828 0.9670025408267974 0.00094087072648105
2452265.2579268846 1.0088640451431274 0.0009564575157128
2452265.3370943824 1.0096712112426756 0.0009566808003
2452265.416261869 1.0085653066635132 0.0009562497143633
2452265.4954293445 1.006730318069458 0.0009556949953548
2452265.5739023574 1.0055320858955383 0.00095512063126075
2452265.6523753586 1.0043063163757324 0.0009547001682221
2452265.7315427996 1.0030022859573364 0.000954280490987
2452265.8107102285 1.002070665359497 0.0009539174498058
2452265.889183195 1.0008193850517273 0.000953396607656
2452265.9676561486 1.0002293586730957 0.0009532092371955
2452266.0468235407 0.9993879199028016 0.0009530685492791
2452266.0996017945 0.9985626339912416 0.0009527861257083
2452266.388493185 0.9872047901153564 0.0009481136221438
2452266.4412713996 0.9913772344589232 0.0009488313226029
2452266.5204387098 0.9962998628616332 0.000950050423853
2452266.5989115546 0.9986086487770081 0.0009504214394837
2452266.6773843854 0.9996999502182008 0.0009507043869234
2452266.75655165 1.0001068115234375 0.0009510167292319
2452266.8357188986 1.0002930164337158 0.0009511241223663
2452266.9148861314 0.9998546242713928 0.0009510987438261
2452266.993358899 0.9995843470096588 0.00095106169464995
2452267.071831651 0.9994514584541322 0.0009510539821349
2452267.131554266 0.9994804859161378 0.000950830464717
2452272.0468770117 0.9955033659934996 0.000950853456743
2452272.1190997832 0.9962446689605712 0.000951204681769
2452272.1982670445 0.9967356920242308 0.0009513303521089
2452272.277434298 0.8203368782997131 0.0008828412392176
2452272.3559070933 0.8363480865955353 0.0008893757767509
2452272.4343798817 0.9995936155319212 0.0009525090572424
2452272.5135471113 1.0007761716842651 0.0009527637739665
2452272.5927143325 1.0018802881240845 0.0009531420655548
2452272.6718815467 1.0027774572372437 0.0009535397985018
2452272.750354303 1.0041343569755554 0.0009540482133161
2452272.828827052 1.00569486618042 0.0009546352084726
2452272.907994242 1.007010579109192 0.0009551875991746
2452272.987161424 1.0087584257125854 0.0009557990706525
2452273.065634149 1.0108209252357483 0.00095659639919175
2452273.144106867 1.012473225593567 0.0009572030976414
2452273.223274025 1.0133519172668457 0.0009578175959177
2452273.302441175 1.0149747133255005 0.0009582208003848
2452273.3816083176 1.0160859823226929 0.000958701071795
2452273.4600810036 1.017132818698883 0.0009590279951225
2452273.5385536817 1.0180280208587646 0.0009594379225745
2452273.6177208 1.0189567804336548 0.0009598479955457
2452273.6968879104 1.0193004608154297 0.0009598825708962
2452273.776055013 1.019734025001526 0.0009600440389476
2452273.853833211 1.0206329822540283 0.0009604765218682
2452273.9330002973 1.020314574241638 0.0009604427032172
2452274.0121673755 1.01986026763916 0.0009602406062185
2452274.0913344463 1.019829034805298 0.0009602191857993
2452274.1698070606 1.0188477635383606 0.0009598985197953
2452274.2434185324 1.0182542204856873 0.0009597182506694999
2452274.327446713 1.0181303024291992 0.0009594865259714
2452274.4066137513 1.0166391134262085 0.0009591444395482
2452274.4857807807 1.0153306722640991 0.000958728545811
2452274.5642533554 1.0138389468193054 0.00095812752260825
2452274.6427259212 0.991113305091858 0.0009495698614045
2452274.7218929264 0.9685733914375304 0.0009413116495124
2452274.801059924 1.0091068744659424 0.000956415082328
2452274.8795324657 1.007665991783142 0.00095588748808945
2452274.958004999 1.0058776140213013 0.000955298426561
2452275.0371719715 1.0042890310287476 0.0009546485380269
2452275.116338936 1.0028736591339111 0.000954239803832
2452275.195505892 1.0018318891525269 0.0009537740261293
2452275.2739783926 1.0007721185684204 0.00095334762590935
2452275.352450885 0.9996700286865232 0.0009531568503007
2452275.4316178155 0.999142587184906 0.0009528613882139
2452275.510784738 0.9981951117515566 0.0009526124340482
2452275.5892572054 0.9978165626525878 0.00095249430160035
2452275.6677296646 0.9972050189971924 0.0009522328618913
2452275.7468965612 0.9968494772911072 0.0009521737811155
2452275.82606345 0.9960710406303404 0.000951996364165
2452275.90523033 0.9954379796981812 0.0009517892613075
2452275.9837027546 0.9949101507663727 0.0009516273858025
2452276.062175171 0.9945630431175234 0.0009514856501482
2452276.141342025 0.9938950538635252 0.0009513159748166
2452276.22050887 0.9934611320495604 0.0009511666721664
2452276.2996757063 0.9937098026275634 0.0009512201067991
2452276.3781480878 0.9928015470504761 0.0009508888470008501
2452276.456620461 0.9926539063453672 0.000950840243604
2452276.5357872704 0.992584228515625 0.0009507937356829
2452276.614954071 0.9927297830581664 0.000950914574787
2452276.693426417 0.9928882718086242 0.0009510009840596001
2452276.771898754 0.9930835366249084 0.0009510617819614
2452276.851065527 0.9940146207809448 0.0009513507247902
2452276.9302322916 0.9948550462722776 0.0009516032296232
2452277.009399046 0.9467161297798156 0.0009335057693533
2452277.0878713466 0.7547297775745392 0.00085734689491795
2452277.1663436373 0.9962491989135742 0.0009523108019493
2452277.2455103635 0.9979103207588196 0.0009529559756629
2452277.3246770804 0.9990639686584472 0.0009534090640954
2452277.4031493426 1.0003365278244019 0.0009537533333058999
2452277.4816215956 1.0014477968215942 0.0009541843319311
2452277.5607882827 1.002670645713806 0.000954755814746
2452277.6399549604 1.0039149522781372 0.0009552469127811
2452277.7191216275 1.0051028728485107 0.000955683470238
2452277.7975938404 1.0070215463638306 0.0009563761705066499
2452277.8760660426 1.0082285404205322 0.0009567075758241
2452277.955232679 1.0096479654312132 0.0009573733550496
2452278.034399305 1.0110104084014893 0.0009579364559613
2452278.1128714755 1.0121882557868958 0.00095834047533565
2452278.1913436363 1.0130019187927246 0.000958684249781
2452278.270510229 1.013661503791809 0.0009589908295311
2452278.349676811 1.014764666557312 0.0009593867580406
2452278.4288433813 1.0149929523468015 0.0009595534065738
2452278.507315497 1.0156484842300415 0.0009598183096386
2452278.5857876004 1.0162596702575684 0.0009601128986105
2452278.6649541357 1.0162175893783567 0.0009601290803402
2452278.7441206584 1.0160472393035889 0.0009601508500054
2452278.823287169 1.0162022113800049 0.0009601695346646
2452278.901759223 1.0154542922973633 0.00095989558030845
2452278.980231265 1.0149290561676023 0.000959756784141
2452279.0593977366 1.0139985084533691 0.0009594432776793
2452279.139258637 1.0127670764923096 0.00095900212181725
2452279.217036196 1.0111019611358643 0.0009584399231243499
2452279.295508183 1.0102365016937256 0.0009578958270139
2452279.374674598 1.0067275762557983 0.0009567955858074
2452279.4538409985 0.9620720148086548 0.0009400201961398
2452279.533007383 1.0013049840927124 0.0009549863170832
2452279.6114793103 1.004581868648529 0.00095618024352
2452279.6899512215 1.003346562385559 0.0009557784069329
2452279.7691175584 1.0020059347152708 0.0009552020928822
2452279.8482838785 1.000726580619812 0.0009547683293931
2452279.9267557403 0.9995217025279999 0.00095440659788435
2452279.9739777385 0.9993715882301331 0.000954411458224
2452281.8573057577 0.757878452539444 0.00091653320123435
2452281.898277965 0.9265184998512268 0.0009731585741974
2452281.977444601 1.0036548376083374 0.0009888998465612
2452282.0566112334 1.0050631761550903 0.0009789509931579
2452282.1350834174 1.0067501664161682 0.00096986122662195
2452282.2135555972 1.0078330039978027 0.0009644011151976
2452282.2927222154 1.009118914604187 0.0009613466099835
2452282.371888828 1.0105996131896973 0.0009578044409863
2452282.4503609906 1.0120633840560913 0.0009547189692966
2452282.5288331467 1.0125558376312256 0.0009522483451291
2452282.60799974 1.0138219594955444 0.0009501761524006
2452282.6871663267 1.014527678489685 0.0009483213652856
2452282.766332906 1.0157970190048216 0.0009476999985054
2452282.844805035 1.016517460346222 0.0009476700215599999
2452282.9232771564 1.0175765752792358 0.0009479758446104
2452283.002443714 1.017910361289978 0.0009482355089858
2452283.0816102643 1.0191454887390137 0.0009485918562859
2452283.1600823635 1.0195331573486328 0.0009487651987001001
2452283.2385544553 1.020308494567871 0.0009490938973613
2452283.3177209827 1.0210789442062376 0.0009494249825365
2452283.396887502 1.0214474201202393 0.0009494159603491
2452283.476054014 1.0215883255004885 0.0009495138074271
2452283.5545260753 1.0210900902748108 0.0009494324040133
2452283.632998129 1.0213929414749143 0.0009494553087279
2452283.7121646176 1.020543098449707 0.0009491757955402
2452283.791331098 1.0199366807937622 0.000948988890741
2452283.870497571 1.0191640853881836 0.000948688655626
2452283.9489695933 1.017902910709381 0.0009482317254877999
2452284.027441608 1.0173524618148804 0.000947848544456
2452284.1066080574 1.0158131122589111 0.0009473447571508
2452284.1857744986 0.9770014882087708 0.00093286158517
2452284.26424649 0.987951785326004 0.0009367571910842501
2452284.342718473 1.0121428966522217 0.0009458937565796
2452284.421884891 1.01072096824646 0.0009453984093852
2452284.501051301 1.0095112323760986 0.0009448985219933
2452284.5802177032 1.008440017700195 0.0009445279720239
2452284.6586896554 1.0069220066070557 0.0009439659770578001
2452284.7371615996 1.0058234930038452 0.000943565799389
2452284.816327978 1.004918336868286 0.0009431202779524
2452284.895494349 1.0041298866271973 0.0009428182966075
2452284.9739662698 1.0029329657554626 0.0009425001626368001
2452285.0524381823 1.002524971961975 0.000942122656852
2452285.131604529 1.0012919902801511 0.0009417096152901
2452285.210770868 1.0004160404205322 0.0009412647341378
2452285.289937199 0.9993708729743956 0.0009409173508174
2452285.3684090804 0.9986062049865723 0.00094052997883405
2452285.4468809543 0.997398555278778 0.0009400878916494
2452285.526047262 0.9961612224578856 0.0009395171655341
2452285.605213561 0.9953241944313048 0.0009392075007781
2452285.6836854117 0.9947771430015562 0.00093906887923365
2452285.762157254 0.9936335086822508 0.000938746612519
2452285.84132353 0.9934518337249756 0.0009386236197315
2452285.9204897974 0.9929444193840026 0.0009383715805597
2452285.999656057 0.99310702085495 0.0009385295561514
2452286.0781278685 0.9935492277145386 0.0009385584853589
2452286.1565996716 0.993950605392456 0.0009386680903844
2452286.2357659074 0.9947470426559448 0.000939073623158
2452286.314932136 0.9954416751861572 0.0009393410291522
2452286.394098356 0.9968207478523254 0.0009396666428074
2452286.472570128 0.998051792383194 0.0009403242729604
2452286.5510418913 0.8733904957771301 0.0008919190149754
2452286.6302080876 0.7979379892349243 0.0008613294339738
2452286.7093742755 1.003259778022766 0.000942216545809
2452286.7829849347 1.0050604343414309 0.0009429694036953
2452286.8663177476 1.0067799091339111 0.0009438424604013
2452286.945483912 1.0083450078964231 0.0009444802999496
2452287.024650068 1.0103297233581543 0.0009451321675442
2452287.1038162163 1.0110737085342407 0.0009455357794649
2452287.1822879165 1.0121082663536072 0.0009458969580009001
2452287.260759609 1.0132209062576292 0.0009461810113862
2452287.3399257325 1.0136435031890867 0.0009463579044677
2452287.4190918487 1.013851284980774 0.0009464846807532
2452287.4975635167 1.0149640440940857 0.00094684888608745
2452287.576035177 1.0153828859329224 0.0009470172226428
2452287.6552012684 1.0161073207855225 0.0009471282246522
2452287.7343673515 1.0172679424285889 0.0009477140265516
2452287.8135334267 1.01826274394989 0.0009480872540734
2452287.8920050543 1.0190580487251282 0.00094839307712385
2452287.970476674 1.019457459449768 0.0009485168848186
2452288.0496427245 1.0202667713165283 0.0009487753850407
2452288.1288087666 1.0207539796829224 0.0009489632211625
2452288.2079748004 1.0207123756408691 0.0009488764335401
2452288.286446387 1.0203245878219604 0.00094871589681125
2452288.3649179656 1.0196077823638916 0.0009485083865001
2452288.444083974 1.019459247589111 0.0009483763715252
2452288.5232499745 1.0187774896621704 0.0009481774177402
2452288.601721528 1.0181848406791687 0.0009479832369833499
2452288.680193073 1.0170475244522097 0.0009475628612563
2452288.7593590477 1.0160176753997805 0.0009470421355217
2452288.8385250145 1.014894127845764 0.0009466550545766
2452288.917690972 1.0028765201568604 0.0009418379631824
2452288.9961624835 0.9697535932064056 0.00092953519197175
2452289.0746339853 1.0110566616058347 0.0009451452642679
2452289.153799917 1.0105199813842771 0.0009449518402107
2452289.23296584 1.0097718238830566 0.00094463507412
2452289.3114373167 1.0082417726516724 0.0009440612629987
2452289.3899087845 1.0074437856674194 0.0009437465341761
2452289.469074681 1.0059809684753416 0.0009431518847122
2452289.5482405685 1.0048555135726929 0.0009426986216567
2452289.6274064467 1.0035475492477417 0.0009422018192708
2452289.7058778787 1.00233656167984 0.0009418446279596
2452289.784349302 1.001750349998474 0.0009413746884092
2452289.863515153 1.0002944469451904 0.0009410379570908
2452289.942680995 0.9993834495544432 0.0009405621676705
2452290.02115239 0.99855038523674 0.00094025925500315
2452290.099623776 0.9976876378059388 0.0009399386472068
2452290.1787895896 0.9969707131385804 0.0009397059911862
2452290.2579553938 0.9960627555847168 0.0009393910295329
2452290.337121188 0.9956089258193968 0.0009391744970344
2452290.4155925354 0.9945671558380128 0.0009388362814205999
2452290.494063874 0.994097352027893 0.0009385455632582
2452290.5732296384 0.9937800765037536 0.0009385520825162
2452290.6523953932 0.9936505556106568 0.0009384144796058
2452290.731561138 0.9936128854751588 0.0009384306031279
2452290.8100324357 0.9942059218883514 0.00093870548880655
2452290.8885037233 0.9947833418846128 0.000938891316764
2452290.9676694362 0.9953451752662658 0.0009390977793373
2452291.046835139 0.9956666231155396 0.0009392952779307
2452291.125306395 0.9967474937438965 0.0009397450194228
2452291.2037776397 0.9977769851684568 0.0009399994160048
2452291.282943309 0.9855523109436036 0.0009355676011182
2452291.362108967 0.7566635608673095 0.0008442538091912
2452291.441274613 0.9938362240791322 0.000937933800742
2452291.5197458128 1.0025664567947388 0.0009417824912816
2452291.5982170003 1.0036518573760986 0.0009421376744285
2452291.6773826107 1.0047401189804075 0.0009425191092304
2452291.756548209 1.0059640407562256 0.0009428684716112
2452291.83501936 1.0072767734527588 0.00094331754371515
2452291.9134904975 1.0081226825714111 0.0009434754028916
2452291.9926560572 1.0091760158538818 0.0009438875713385
2452292.071821603 1.009903073310852 0.000944257248193
2452292.1509871352 1.010932445526123 0.0009443340240977
2452292.2294582194 1.011404037475586 0.00094468478346235
2452292.3079292886 1.0123372077941897 0.0009448541677556
2452292.387094778 1.0129919052124023 0.0009449262288399
2452292.466260252 1.0144230127334597 0.0009453349048271
2452292.545425711 1.0157201290130615 0.0009458484128117
2452292.623896721 1.016641616821289 0.0009459944267291
2452292.7023677155 1.0176657438278198 0.0009470864897593
2452292.781533128 1.0185409784317017 0.0009475867263972
2452292.839171094 1.019235372543335 0.0009479214495513001
2452294.8558086967 0.9938256442546844 0.00101601274218405
2452294.910669156 0.992733120918274 0.0010085882386192
2452294.9898348805 0.992358386516571 0.0009948621736839
2452295.0690006022 0.9915270805358888 0.0009826564928516
2452295.1474718843 0.9906160533428192 0.00097068978357125
2452295.2259431626 0.9898131489753724 0.0009620822966098
2452295.3051088722 0.9897940158843994 0.0009569762623868
2452295.384274577 0.98946875333786 0.0009528038790449
2452295.46274584 0.9893977642059326 0.0009501372405793
2452295.541217098 0.9896860122680664 0.0009485970949754
2452295.620382786 0.99020254611969 0.0009468226344324
2452295.6995484675 0.9906915426254272 0.0009447594638913
2452295.7787141427 0.9915812611579896 0.0009419947746209
2452295.857185376 0.9924772679805756 0.000940129160881
2452295.935656603 0.9939196705818176 0.0009395047090947
2452296.0148222586 0.9946714043617249 0.0009396465611644
2452296.0939879073 0.7839821577072142 0.0008563869050703
2452296.1724591134 0.8792491257190704 0.0008954042277764
2452296.250930313 0.999870717525482 0.0009415267850272
2452296.3300959407 1.001267910003662 0.0009419217822141
2452296.4092615615 1.003215789794922 0.0009427027544006
2452296.488427175 1.0042996406555176 0.000943100603763
2452296.5668983464 1.0051292181015015 0.0009433836094103
2452296.6453695106 1.006346583366394 0.0009438946726731
2452296.7245351025 1.007123947143555 0.0009442099835723
2452296.8037006874 1.0078836679458618 0.000944381521549
2452296.8828662643 1.0091989040374756 0.0009449264034628
2452296.9613373997 1.0099255442619322 0.0009452559170312501
2452297.0398085276 1.0106831789016724 0.000945531995967
2452297.118974083 1.011685132980347 0.000945899169892
2452297.1981396307 1.0131841897964475 0.0009463389287702
2452297.2766107367 1.0137678980827332 0.00094667289522475
2452297.3550818358 1.0146175622940063 0.0009469657670706
2452297.4349417957 1.0157350897789001 0.0009473666432313001
2452297.51341288 1.0164887905120847 0.0009476779378019
2452297.5925783906 1.0171865224838257 0.000947929394897
2452297.67104946 1.01760596036911 0.00094815247575745
2452297.7495205216 1.0180879831314087 0.0009482367313466
2452297.8286860106 1.0184032917022705 0.0009482339373789
2452297.9078514916 1.018686294555664 0.0009483364410698
2452297.9863225315 1.018857479095459 0.0009483520989306
2452298.064793564 1.0179439783096311 0.0009480632725171
2452298.143959023 1.0184557437896729 0.0009482434252277
2452298.2231244743 1.017796516418457 0.0009478275314904
2452298.302289918 1.0171709060668943 0.0009477921412326
2452298.380760921 1.0163858532905579 0.0009472861711401
2452298.459231917 0.9864501953125 0.0009359493269585
2452298.5383973382 0.976648449897766 0.0009325279388576
2452298.617562752 1.0122617483139038 0.0009457983542233
2452298.6967281587 1.0110126733779907 0.0009454054525122
2452298.7751991246 1.0093563795089722 0.0009446067560929001
2452298.853670083 1.0083580017089844 0.0009442795417271
2452298.932835467 1.007465124130249 0.0009439348359592
2452299.0120008434 1.0062078237533567 0.0009431668440811
2452299.09047178 1.0053379535675049 0.00094286701641975
2452299.168942708 1.003658890724182 0.0009422573493793
2452299.248108062 1.0030063390731812 0.0009417704422958
2452299.327273409 1.001561999320984 0.0009416779503226
2452299.4064387474 1.0007483959197998 0.0009412446524947
2452299.484909646 1.0002338886260986 0.0009408072510267999
2452299.562686105 0.9989340007305144 0.0009403007570653499
2452299.643240286 0.9979117810726166 0.00093982534599485
2452299.7217111625 0.997747540473938 0.000939569552429
2452299.7994875987 0.996737062931061 0.0009393207146786
2452299.8828194863 0.995906352996826 0.0009397190297022
2452299.957818178 0.9958985447883604 0.0009396675741299
2452300.0369834565 0.9948347806930542 0.0009393920772708
2452300.116148727 0.9948129057884216 0.0009393662330694
2452300.194619558 0.9944502711296082 0.00093932365416545
2452300.273090381 0.9944005012512208 0.0009391758358106
2452300.352255629 0.99443918466568 0.0009391772910021
2452300.4314208687 0.9949854612350464 0.0009394856751896
2452300.510586101 0.9953897595405578 0.0009395866072736
2452300.5890568937 0.9960510432720184 0.0009397748217452
2452300.6675276784 0.9968989491462708 0.0009400842245668
2452300.7466928875 0.9976648092269896 0.0009404378943145
2452300.8258580887 0.9162629842758178 0.0009092888212762
2452300.9043288506 0.7579622864723206 0.0008453367336187
2452300.9827996045 1.001541256904602 0.0009418355766683
2452301.0619647824 1.0035066604614256 0.0009425698081031
2452301.1411299524 1.0044825077056885 0.0009430238278582
2452301.220295114 1.0059422254562376 0.0009434218518435
2452301.298765837 1.0071704387664795 0.0009438437409698
2452301.377236552 1.0084059238433836 0.0009443303570151
2452301.45640169 1.0091657638549805 0.0009446203475818
2452301.53556682 1.010460615158081 0.0009451196528971
2452301.614037511 1.01169753074646 0.00094553560484195
2452301.692508194 1.01262366771698 0.0009458100539632
2452301.7716733 1.0133439302444458 0.0009460729197598
2452301.850838397 1.0141727924346924 0.0009462537127546
2452301.9300034866 1.0150437355041504 0.0009467120980843
2452302.008474137 1.0157151222229002 0.0009468581702094
2452302.08694478 1.0165631771087646 0.0009471894009038
2452302.1661098446 1.016868472099304 0.0009474422549828
2452302.2452749005 1.017594814300537 0.0009476810810156
2452302.323745518 1.0182361006736755 0.0009478978463448
2452302.402216127 1.018825888633728 0.0009480857988819
2452302.481381158 1.0188734531402588 0.0009481545421294
2452302.56054618 1.0193197727203367 0.0009479974978603
2452302.6397111933 1.0198571681976318 0.0009483197936788
2452302.7181817684 1.0194628238677979 0.0009483044268563
2452302.7966523343 1.019948124885559 0.00094845861895
2452302.8758173217 1.0197811126708984 0.0009483670582994
2452302.9549823 1.0196856260299685 0.0009482353925704
2452303.034147269 1.019087791442871 0.0009481821325607
2452303.1126177995 1.01881605386734 0.000947968364926
2452303.191088321 1.0126760005950928 0.0009460263536311
2452303.270253263 0.97171950340271 0.0009303116821683
2452303.3494181954 1.014676213264465 0.0009464633185416
2452303.4278886886 1.0149231553077698 0.00094639224698765
2452303.5063591735 1.0137351751327517 0.0009461037698201
2452303.585524077 1.0128263235092163 0.0009456239640712
2452303.664688971 1.011820912361145 0.0009451629593968
2452303.743853855 1.0105680227279663 0.0009446542244404
2452303.8223243 1.0099743008613586 0.0009444314637220999
2452303.9007947356 1.0087378025054932 0.0009438517736271
2452303.979959589 1.0078004598617551 0.0009436586988158
2452304.059124432 1.0067940950393677 0.0009435098036192
2452304.137594836 1.00609689950943 0.0009431267098988999
2452304.2167596575 1.0047165155410767 0.0009426327596884
2452304.2952300403 1.0031837224960327 0.0009419184061698
2452304.3743948396 1.002068281173706 0.0009414344094693
2452304.4535596278 1.0009026527404783 0.0009409639751538
2452304.532029976 1.0003052353858948 0.0009405396704096
2452304.610500313 0.9991041421890258 0.0009401566348969
2452304.6896650656 0.9986452460289 0.0009400511044077
2452304.768829806 0.9979730248451234 0.0009397876565344
2452304.8479945334 0.997721791267395 0.0009398724068887
2452304.9264648203 0.9972470104694366 0.0009395827946717999
2452305.0049350946 0.9973087906837464 0.0009395078523084
2452305.083405355 0.9973160624504089 0.00093949891743245
2452305.1625700295 0.9979130625724792 0.00093964423285795
2452305.2410402624 0.998121440410614 0.0009398866677656
2452305.3222881877 0.998761087656021 0.0009398868423886
2452305.398675111 0.999560385942459 0.0009403543081134
2452305.477839727 1.000235378742218 0.0009406298340763
2452305.5576987527 1.0001041889190672 0.0009398293332196
2452305.63616891 0.7587713599205017 0.0008453668851870499
2452305.7146390527 0.9619278311729432 0.000926652632188
2452305.79310918 1.0048757791519165 0.0009424823801964
2452305.874356995 1.0059661865234375 0.0009432483348064
2452305.9514382416 1.0072467923164368 0.00094360564253285
