2451354.150938832 1.0148330330848694 0.0014796596369705999
2451354.2294126726 1.0226821899414062 0.001483186497353
2451354.3085809737 1.0308766365051267 0.0014862826792523
2451354.3870548178 1.0369935631752014 0.0014886766439303001
2451354.465528662 1.0379139184951782 0.0014883662806823
2451354.544696965 1.03428316116333 0.0014858311042189
2451354.623865266 1.026157259941101 0.001481466460973
2451354.702339107 1.0147722959518433 0.0014741828781552001
2451354.7808129457 1.0022202730178833 0.0014676767168566
2451354.8599812407 0.9904925823211668 0.0014606782933697
2451354.9391495325 0.9689920544624328 0.0014484445564448
2451355.0169289033 0.9216350317001344 0.0014226007042452
2451355.0960971885 0.910773515701294 0.0014161065919324
2451355.1752654696 0.9145026206970216 0.0014181789010763
2451355.253739288 0.9657909274101256 0.00144607597030695
2451355.3315186435 0.9766555428504944 0.00145174592034885
2451355.4113813713 0.9869101047515868 0.001457154401578
2451355.4905496356 0.99917995929718 0.0014641963643953
2451355.5690234373 1.0120416283607483 0.0014704273780807501
2451355.6474972344 1.020772099494934 0.0014749132096767
2451355.7259710273 1.0262198448181152 0.0014774902956559998
2451355.8051392734 1.0253915190696716 0.0014772193389944
2451355.883613057 1.021529197692871 0.001474853255786
2451355.9627812942 1.0165988206863403 0.0014723957283422
2451356.041949527 1.0108537673950195 0.0014691740507259
2451356.121117755 1.0077117681503296 0.0014672903344035
2451356.196813687 0.9937387704849244 0.0014599687419831
2451356.2801486542 0.9693739712238312 0.0014463189872913
2451356.3579279515 0.9678381085395812 0.00144537730375295
2451356.435012786 0.9701247811317444 0.0014462925028055
2451356.5148754483 1.0038736462593079 0.0014647851348853999
2451356.591960274 1.0103460550308228 0.001468279864639
2451356.6752952156 1.0170342922210691 0.0014722124906256
2451356.750296659 1.0256690979003906 0.001476690522395
2451356.8294648435 1.0331871509552 0.0014810857828706
2451356.907938566 1.0369653701782227 0.0014828204293734501
2451356.9871067414 1.0360527634620667 0.001481860934291
2451357.065580455 1.0316410064697263 0.0014800783246755
2451357.144748621 1.021887183189392 0.0014744165819138
2451357.2232223246 1.0122205018997192 0.00146884075365955
2451357.3010015665 1.0003100633621216 0.001462826388888
2451357.3808641755 0.9888296127319336 0.0014565609162673
2451357.4600323224 0.9554479122161864 0.0014384033856913
2451357.5371170924 0.9177593290805817 0.00141703005647285
2451357.6169796875 0.9109159111976624 0.0014135098317638
2451357.6968422774 0.9199602901935577 0.0014180317521095
2451357.7746214913 0.9701352715492249 0.0014463253319263
2451357.853095157 0.9786458015441896 0.0014508905587717
2451357.931568818 0.9900297224521637 0.0014566426980308499
2451358.013514761 1.0024318099021912 0.00146350450813765
2451358.0899050413 1.0137980580329895 0.0014690911048091501
2451358.168378689 1.0215939283370972 0.0014734588330611
2451358.247546789 1.024781346321106 0.0014751751441508
2451358.3267148836 1.0235211849212646 0.0014745850348845
2451358.4051885167 1.0201462507247925 0.0014727992820553
2451358.4836621457 1.015553832054138 0.0014699927996844
2451358.5628302265 1.0103236436843872 0.001467173686251
2451358.640609389 1.0070602893829343 0.0014653481775894
2451358.7190830037 0.983298897743225 0.0014526277664117
2451358.796862157 0.9692897796630859 0.0014449590235017002
2451358.8781135892 0.9690402150154112 0.0014447746798396
2451358.95658719 0.9734293818473817 0.00144722609547895
2451359.0343663297 1.0068522691726685 0.0014653214602731
2451359.1093676384 1.0121349096298218 0.00146795023465525
2451359.192702421 1.0206531286239624 0.0014722581836394502
2451359.271176003 1.0287141799926756 0.0014767406973987
2451359.351038493 1.034752905368805 0.0014800612116232
2451359.429512066 1.0381535291671753 0.0014815736794844
2451359.507985634 1.0369042754173279 0.00148091686423865
2451359.586459197 1.03217613697052 0.0014783100923523
2451359.666321669 1.024466335773468 0.0014739168691448499
2451359.7447952228 1.0116711854934692 0.0014673107070848
2451359.823268772 0.9992793798446655 0.0014604459865949502
2451359.901742317 0.9880852699279784 0.0014543675351887
2451359.980910313 0.9431989192962646 0.0014300536131486
2451360.059383848 0.9166520237922668 0.0014144079759716502
2451360.137857379 0.9116341471672058 0.0014112477656453
2451360.217025361 0.9345030784606932 0.0014235829003155
2451360.2954988824 0.9727226495742798 0.00144487165380265
2451360.373277943 0.9818444848060606 0.00144983176141975
2451360.453140367 0.9935635328292848 0.0014565429883077
2451360.53230833 1.0058666467666624 0.001463052816689
2451360.6107818326 1.016667366027832 0.0014682568144053
2451360.6892553302 1.0231847763061523 0.0014717226149514
2451360.7677288232 1.0264323949813843 0.0014731994015164001
2451360.847591223 1.0246604681015017 0.0014721509069204
2451360.926064707 1.0202722549438477 0.0014698975719511002
2451361.0038437303 1.0156332850456238 0.00146717863390215
2451361.0830116603 1.010698676109314 0.0014646035269833498
2451361.16148513 1.0062083005905151 0.0014621375594288
2451361.242041961 0.9728988409042358 0.0014440204249694
2451361.3198209656 0.9685177206993104 0.0014413734897971
2451361.398988876 0.9684306383132936 0.0014412140008062
2451361.4774623266 0.9829740822315216 0.00144897261634465
2451361.5552413175 1.0081605315208435 0.00146254000719635
2451361.6351036686 1.0138896107673645 0.0014658034779131
2451361.71427156 1.02240252494812 0.0014702589251101
2451361.7927449914 1.0311276316642761 0.0014748966787010002
2451361.871218418 1.0365084409713743 0.0014780336059629
2451361.9503862946 1.038930892944336 0.0014791914727538
2451362.0288597117 1.0380435585975647 0.00147870404180135
2451362.1073331237 1.0320913791656494 0.0014760006451979
2451362.186500986 1.0229914188385008 0.0014703689375892
2451362.2656688434 1.0120038986206057 0.0014646044000983
2451362.3441422405 1.0020607113838196 0.00145926134428005
2451362.4219211787 0.9891926348209381 0.0014523677527904
2451362.501783476 0.93386971950531 0.0014224236365407
2451362.580951314 0.9188077449798584 0.0014144072774797
2451362.6594246915 0.9178285598754883 0.0014136065146885001
2451362.737898065 0.9522504806518554 0.0014327489770948
2451362.8170658876 0.9785226583480836 0.0014478819211944
2451362.894844796 0.986987054347992 0.0014532811474055
2451362.9747070633 0.9984191954135894 0.0014596101245842501
2451363.0531804166 1.009202241897583 0.0014665175694972
2451363.1323482194 1.0184645652770996 0.0014720106264576
2451363.2108215624 1.0253031253814697 0.00147536909207695
2451363.289294901 1.0257532596588137 0.0014754966832697
2451363.3684626883 1.0231997966766355 0.0014742607017979
2451363.447630471 1.019139051437378 0.0014733045827597
2451363.526103794 1.0135652422904968 0.00147115753497925
2451363.6031882036 1.009151816368103 0.0014693244593217
2451363.6879116036 1.0036556720733645 0.0014666494680568
2451363.7629126413 0.9707528948783872 0.0014494881033897
2451363.8406914896 0.9689636826515196 0.0014504478313028
2451363.919859241 0.969986379146576 0.0014521221164613
2451363.9990269877 0.9952105283737184 0.0014670717064291
2451364.078889183 1.011349380016327 0.0014761717175133002
2451364.1608347334 1.0196565985679626 0.0014811286819167
2451364.2351412876 1.0262895822525024 0.0014846401754766
2451364.3136145594 1.0323589444160461 0.0014876894420012
2451364.3906989186 1.0389964580535889 0.0014908072771504
2451364.4712555404 1.0408378839492796 0.0014928282471373
2451364.55042325 1.0400837659835815 0.0014941275585442
2451364.628896501 1.0337252020835876 0.0014924239949322998
2451364.7073697457 1.024115204811096 0.0014890029560774
2451364.786537439 1.0135380029678345 0.0014857100322842
2451364.8657051274 1.000027418136597 0.001482228282839
2451364.9441783563 0.9854509234428407 0.0014765310916118
2451365.02265158 0.930074155330658 0.0014474015915766
2451365.1018192517 0.9191929697990416 0.0014423439279198
2451365.180292465 0.9207676649093626 0.0014438499347306
2451365.2580712195 0.966633141040802 0.0014681075699627
2451365.338627781 0.9819363951683044 0.00147519289748735
2451365.4171009776 0.9901958703994752 0.0014775326708331
2451365.495574169 1.0017645359039309 0.0014843418612144501
2451365.5740473554 1.0114228725433347 0.0014929121825844
2451365.6532149888 1.0208247900009155 0.0015014356467872
2451365.731688164 1.0243724584579468 0.0015055671101435499
2451365.810161334 1.0236939191818235 0.0015067734057083
2451365.8907178575 1.0208909511566162 0.0015074922703206
2451365.968496564 1.0153391361236572 0.0015055352123454
2451366.0448863604 1.009955883026123 0.0015026946784928
2451366.1247484153 1.0049519538879395 0.00149993540253485
2451366.2046104646 0.9951304793357848 0.0014929199824109
2451366.285166962 0.9661719799041748 0.0014762617647647
2451366.362945644 0.9649425148963928 0.0014743547653779
2451366.4407243226 0.9673655033111572 0.0014738454483449
2451366.5205863537 1.0022644996643066 0.0014923728303983
2451366.59419831 1.0090789198875427 0.0014977463288232
2451366.6782270484 1.0172200202941897 0.0015070256777107
2451366.7567001646 1.024253487586975 0.0015129193197935499
2451366.8351732786 1.0322309732437132 0.0015181557973846
2451366.9136463907 1.037996530532837 0.0015229689306579001
2451366.992119502 1.0413110256195068 0.001526073901914
2451367.0712870653 1.0402314662933347 0.0015261927619576
2451367.1330933217 1.036097228527069 0.00152096978854385
2451368.605333492 1.0020888447761533 0.0014590164646506
2451368.6470006984 1.000259816646576 0.0014577898546122
2451368.725473936 0.9836691617965696 0.0014486463041976
2451368.8046416272 0.961810290813446 0.0014369492419064
2451368.883114864 0.962360292673111 0.0014372132718563
2451368.961588099 0.9657919406890868 0.00143875379581
2451369.040755785 1.0015742778778076 0.0014578966656699
2451369.119923468 1.0076208114624023 0.0014613514067605
2451369.198396695 1.0147557854652405 0.0014654985279776
2451369.2768699178 1.0231215953826904 0.0014697035076096
2451369.3560375907 1.0312380790710447 0.0014737210003659
2451369.434510806 1.0370189547538757 0.00147713336627925
2451369.5129840174 1.0393534898757937 0.0014786281390115
2451369.5921516777 1.038088321685791 0.0014774692244827
2451369.6713193334 1.0331697463989256 0.0014747289242222
2451369.749792531 1.0231721997261047 0.00146931299241255
2451369.8282657247 1.0102241039276123 0.0014627836644649
2451369.905350007 0.9975252747535706 0.00145578745286905
2451369.9879899085 0.959446668624878 0.0014348996337503
2451370.0657686344 0.9276164770126344 0.0014177454868331
2451370.1442418084 0.9222535490989685 0.0014143288135528
2451370.2227149773 0.93225759267807 0.0014203896280378
2451370.301188141 0.9779944121837614 0.0014450721791944999
2451370.378966847 0.9850281774997711 0.0014490590547211
2451370.458828906 0.9938971400260924 0.0014537916285917
2451370.5379965072 1.0043693780899048 0.0014589935308322
2451370.6164696505 1.0127110481262207 0.0014640962472185
2451370.699109504 1.0197672843933103 0.0014675533166155
2451370.773415922 1.0215073823928833 0.00146865070564665
2451370.853277955 1.020416498184204 0.0014677951112389
2451370.931056625 1.015450358390808 0.0014652950922027
2451371.0095297433 1.008538544178009 0.00146144715836265
2451371.087308403 1.0033360719680786 0.0014584409072995
2451371.1699482244 0.9989031553268432 0.0014565581222996
2451371.24633797 0.972727596759796 0.0014428468421101
2451371.325505519 0.962199866771698 0.0014365100068971
2451371.404673063 0.9629964232444764 0.0014370911521837
2451371.4831461497 0.9706941545009613 0.00144214567262675
2451371.561619231 1.001514554023743 0.0014577967813238
2451371.6407867596 1.008002758026123 0.00146140367724
2451371.7192598307 1.0143370628356931 0.00146489794133225
2451371.797732897 1.0231319665908811 0.001469122711569
2451371.87690041 1.0312918424606323 0.0014736828161403
2451371.9560679174 1.037394404411316 0.0014774397714063
2451372.034540968 1.040829062461853 0.0014791055582463
2451372.1130140135 1.0397475957870483 0.0014784253435209
2451372.1921815053 1.0337369441986084 0.0014752658316865
2451372.2706545405 1.0237271189689636 0.0014702683547511502
2451372.3491275706 1.0117042064666748 0.0014639474684372
2451372.428989499 0.9990823268890381 0.0014566784957423
2451372.50815697 0.951179027557373 0.00143084709998215
2451372.586629985 0.9295265674591064 0.0014190464280545
2451372.664408543 0.9265459179878234 0.0014173303497955
2451372.743575999 0.9496311545372008 0.0014297837624326
2451372.82274345 0.9846654534339904 0.0014488523593172
2451372.901216444 0.9900902509689331 0.0014522239216603
2451372.9796894332 0.9996793270111086 0.0014575769891962
2451373.0588568687 1.0091511011123655 0.0014623244060203
2451373.1359409457 1.017108142375946 0.0014670536038465499
2451373.217886175 1.0226742625236511 0.0014693897101096
2451373.296359143 1.0227596759796145 0.0014699860475957
2451373.374832107 1.0203001499176025 0.001468522765208
2451373.4526106147 1.014690637588501 0.0014653507387265
2451373.5303891175 1.0087674856185913 0.00146178156137465
2451373.605389812 1.0029199123382568 0.0014586506877094
2451373.689418362 0.9981720447540284 0.001456459169276
2451373.7678913 0.9659244418144226 0.00143835449125615
2451373.8463642336 0.9614099860191344 0.0014366178074851
2451373.9255316122 0.9628615975379946 0.0014372620498761
2451374.005393436 0.980984091758728 0.0014467680593951999
2451374.082477453 1.0022166967391968 0.0014587154146283
2451374.1616448164 1.007875084877014 0.0014614964602515
2451374.2408121745 1.0158050060272217 0.0014658329309895
2451374.319285077 1.0244311094284058 0.00147093326086175
2451374.397757975 1.0339339971542358 0.0014759225305169
2451374.4769253177 1.0406481027603147 0.0014797128969803
2451374.5553982053 1.0438528656959534 0.0014808881096541
2451374.633871087 1.0423731803894043 0.0014802819350734
2451374.7130384147 1.0357022285461424 0.0014768844703212
2451374.792205737 1.024620532989502 0.0014710609102621
2451374.868595253 1.0124354362487793 0.0014646535273641
2451374.948457015 1.0006110072135925 0.0014574766391888
2451375.028318772 0.9437496066093444 0.0014269669773057
2451375.1074860734 0.9321147203445432 0.0014202167512848
2451375.18595892 0.930058628320694 0.0014188265195115499
2451375.264431761 0.9676865935325624 0.001439444720745
2451375.344293497 0.9888307154178617 0.00145115458872165
2451375.422071878 0.9952441751956937 0.0014545086305588
2451375.500544704 1.002992272377014 0.0014586362522095
2451375.5804064237 1.0131505131721497 0.00146401353413235
2451375.661657038 1.0199854373931885 0.001467881957069
2451375.7373520494 1.0236554145812988 0.00147000234574075
2451375.8158248547 1.0232605934143066 0.0014697893057018
2451375.895686554 1.0199369192123413 0.0014677807339467
2451375.9727704497 1.01364529132843 0.0014646257041022
2451376.0505487896 1.0072728395462036 0.0014610427897423
2451376.137354967 1.0020100474357605 0.0014585391618311002
2451376.210272151 0.9965797066688536 0.0014557390240952
2451376.2887449246 0.9639437794685364 0.0014379293425008
2451376.3672176935 0.9625115990638734 0.0014368223492056
2451376.4463849063 0.96330589056015 0.0014378062915056
2451376.525552113 0.9898448586463928 0.0014522894052788
2451376.604024866 1.0028850436210632 0.0014590325299650001
2451376.6824976136 1.0083694458007812 0.0014618764398619
2451376.761664805 1.0160901546478271 0.0014661872992292
2451376.840137542 1.0266746282577517 0.00147198978811495
2451376.918610274 1.036615252494812 0.0014772079885005
2451376.9977774494 1.0433456897735596 0.0014811238506808
2451377.0776390675 1.0460504293441772 0.0014825395192019
2451377.154722886 1.0440956354141235 0.0014816897455602
2451377.2352789426 1.035705327987671 0.001477442565374
2451377.3130571987 1.026618480682373 0.0014724840875715
2451377.392224347 1.0138249397277832 0.0014657748397439
2451377.470697041 0.99904665350914 0.0014573378139175
2451377.5484752813 0.9451465010643004 0.0014283274649642
2451377.6283368617 0.9331855177879332 0.001421928522177
2451377.70680954 0.9332051277160645 0.0014225812046788
2451377.7852822123 0.9817161560058592 0.0014496656367555
2451377.8623659825 0.9910676777362823 0.0014551803469657
2451377.9436164373 0.9983363151550292 0.0014596418477594
2451378.022089093 1.007127285003662 0.0014653686666861
2451378.10195064 1.0160231590270996 0.0014709181850776
2451378.181117733 1.0233736038208008 0.0014747460372745
2451378.2575070276 1.0274457931518557 0.0014773372095078
2451378.335979662 1.0268396735191345 0.00147785100853065
2451378.4144522897 1.0222268104553225 0.0014763219514861
2451378.497786048 1.0151039361953735 0.0014735371805727
2451378.56445305 1.008919596672058 0.0014718825696036
2451378.661675754 1.0018020868301392 0.0014691437827423
2451378.7311205375 0.9912145137786864 0.0014643196482211
2451378.810287585 0.963884174823761 0.0014515643706545
2451378.888760179 0.9619252979755402 0.00145275908289475
2451378.967232767 0.963958978652954 0.0014553754590451
2451379.0463997973 0.9972462654113768 0.0014757931930944
2451379.1248723743 1.003214955329895 0.00148119241930535
2451379.203344945 1.0101149082183836 0.0014855252811685
2451379.2825119575 1.0199384689331057 0.0014908493030816
2451379.360290069 1.0305278301239011 0.0014976444654166
2451379.4401515173 1.041473150253296 0.0015048657660372
2451379.518624065 1.0482288599014282 0.0015118505107238
2451379.597791054 1.0500906705856323 0.0015160664916038
2451379.6762635894 1.0462661981582642 0.0015150069375522
2451379.753347225 1.0382697582244873 0.0015115749556571
2451379.8339030906 1.0265655517578125 0.0015082971658557
2451379.9116811617 1.014361023902893 0.0015046673361212
2451379.9915425675 0.9876158535480499 0.00149493321077895
2451380.0686261803 0.9421855807304382 0.0014736305456608
2451380.149182021 0.933359920978546 0.0014714812859892
2451380.229737857 0.9371479749679564 0.0014738925965502
2451380.3102936856 0.985661208629608 0.0014982221182435
2451380.385988382 0.9898119270801544 0.00149945978773755
2451380.4658497535 0.9973341822624208 0.0015041081933304
2451380.5415444393 1.0067000985145569 0.0015120052848942
2451380.6200169064 1.0170891284942627 0.0015217920299619
2451380.699183815 1.0245338678359983 0.0015280318912118
2451380.7797396122 1.028468370437622 0.0015322001418098
2451380.8575176187 1.0274008512496948 0.001535995514132
2451380.936684514 1.0212883949279783 0.0015389900654554
2451381.0165458517 1.0152835249900818 0.0015401230775750501
2451381.0950182937 1.0087319612503052 0.0015402599237859
2451381.1734907334 1.0034783482551575 0.00154114578617735
2451381.2519631716 0.9827766418457032 0.0015349894529208
2451381.331130055 0.9637625813484192 0.0015270692529156
2451381.409602493 0.9632056951522826 0.0015245003160088999
2451381.482519361 0.965983271598816 0.0015219054184854
2451385.938784903 1.0147558450698853 0.0014865428674965498
2451385.9790627677 1.0121943950653076 0.00148445711238305
2451386.0575351543 1.0044496059417725 0.0014809950953349
2451386.1367019815 0.998076558113098 0.0014776124153286
2451386.215868803 0.9918507933616638 0.0014748382382094
2451386.294341174 0.9572334885597228 0.00145708088530225
2451386.372813539 0.9545872211456298 0.0014553933870047
2451386.4519803445 0.9558316469192506 0.001456351717934
2451386.5304526985 0.9749176204204559 0.0014655373524874
2451386.608925048 0.9966531395912168 0.0014770845882594
2451386.6880918373 1.005333423614502 0.0014811385190114
2451386.7665641755 1.0154627561569214 0.0014870852464809502
2451386.8457309543 1.0292364954948425 0.00149440526729445
2451386.9242032818 1.041976809501648 0.0015004232991486
2451387.004064495 1.05066579580307 0.0015044669853523
2451387.082536812 1.0545761585235596 0.0015066409250721
2451387.1610091235 1.0524063110351562 0.00150544277857985
2451387.23948143 1.0446058511734009 0.001501427963376
2451387.3193426216 1.0341166257858276 0.0014967398019506998
2451387.397814917 1.019782304763794 0.0014898530207574
2451387.475592762 1.0082240104675293 0.0014832781162112
2451387.5547594926 0.9489709734916688 0.0014527725288644
2451387.6339262174 0.93519389629364 0.0014460871461778
2451387.711009602 0.931519329547882 0.00144402263686055
2451387.7943429854 0.9710158407688141 0.00146525254240255
2451387.87003747 0.9844505786895752 0.0014712214469909
2451387.9485097285 0.9912398755550385 0.0014746598899363999
2451388.026981982 1.001864671707153 0.0014797343173995
2451388.1061486746 1.0111498832702637 0.0014851569430902
2451388.1853153617 1.0189639329910278 0.0014891040045768
2451388.2637875993 1.0233435034751892 0.0014907665899954
2451388.3422598313 1.0228866338729858 0.0014910097233951
2451388.4214265025 1.0195088386535645 0.0014898357912898
2451388.5005931687 1.0106575489044187 0.0014852089807391
2451388.579065385 1.0023388862609863 0.0014807287370785498
2451388.657537596 0.9964008927345276 0.0014774284791201
2451388.7367042457 0.9893752336502076 0.0014740921324118
2451388.815176446 0.9562454521656035 0.00145747279748315
2451388.894343085 0.9543215036392212 0.0014563219156115501
2451388.9728152747 0.9562848806381224 0.0014573178486898
2451389.051981903 0.9850836992263794 0.0014723414788022
2451389.12837075 0.996825933456421 0.0014782124198973
2451389.2089262563 1.0070327520370483 0.0014831109438091
2451389.288092869 1.0186918973922727 0.0014893796760588
2451389.367259476 1.03205406665802 0.0014954742509871
2451389.4464260773 1.04313862323761 0.0015016271499916
2451389.523509342 1.0509666800498962 0.00150554493302475
2451389.602675933 1.0538755655288696 0.0015071165980771
2451389.681842518 1.051392138004303 0.00150585273513565
2451389.760314655 1.0430061817169187 0.0015018488047644
2451389.8394812294 1.0325907468795776 0.0014963113935664
2451389.9179533552 1.0179793238639832 0.0014893648331053
2451389.997814363 0.9982351660728456 0.0014789766864851
2451390.076286478 0.9435816407203674 0.0014515261864289
2451390.1547585875 0.9336522817611694 0.0014463220722973
2451390.2276751446 0.9300860464572906 0.00144464493496335
2451390.31170279 0.9764969348907472 0.0014684486668556
2451390.390869327 0.9839681386947632 0.0014724361244589
2451390.4700358585 0.991163969039917 0.0014769784174859
2451390.548507941 1.001648485660553 0.0014815739705226999
2451390.6269800183 1.0104466676712036 0.0014859546208754
2451390.706146533 1.0169823169708252 0.0014892774634063
2451390.7853130423 1.0250781774520874 0.0014933686470612
2451390.8637851034 1.0236955285072327 0.00149297353345895
2451390.9422571585 1.0165939331054688 0.0014892974868416
2451391.0214236514 1.007670283317566 0.0014848331920802
2451391.0998956957 1.0001210570335388 0.00148116250056765
2451391.1783677344 0.9953705668449402 0.0014782935613766
2451391.257534211 0.983545184135437 0.0014718251768499
2451391.3367006816 0.95780748128891 0.0014589838683605
2451391.4151727036 0.95627760887146 0.0014583838055841
2451391.4936447204 0.9587087631225586 0.0014593182131648
2451391.5735056167 0.992957979440689 0.00147686427226285
2451391.65128318 1.001755714416504 0.00148129981243975
2451391.72975518 1.0127290487289429 0.0014864242402836
2451391.808227175 1.0245715975761414 0.0014929134631529
2451391.888088048 1.038169026374817 0.0014994220109656
2451391.9665600313 1.0511009097099304 0.00150574120925735
2451392.0450320086 1.0580687522888184 0.0015091734239831
2451392.12350398 1.058443009853363 0.00150892173405735
2451392.202670389 1.0545436143875122 0.00150700443191445
2451392.2873923285 1.0438883304595947 0.0015017829718999
2451392.3603087463 1.0313363075256348 0.0014961353735998
2451392.438780695 1.0182693600654602 0.00148854736471545
2451392.5179470805 0.9879487752914429 0.00147303176345295
2451392.5964190178 0.9412167072296144 0.0014496993971988
2451392.6776687168 0.931171178817749 0.00144400406861675
2451392.759612851 0.9337303340435027 0.0014459583908319
2451392.8339181202 0.978800356388092 0.0014684064080938
2451392.9116955926 0.9838041067123412 0.0014715993311256
2451392.9908619425 0.9923818111419676 0.0014756369637325
2451393.0700282864 1.003696084022522 0.0014813831076025
2451393.148500183 1.0122671723365784 0.00148561352398245
2451393.226277632 1.017366111278534 0.0014881786773912001
2451393.3061383995 1.019781470298767 0.0014893491752445
2451393.3846102785 1.0182729363441467 0.0014887824072501998
2451393.463082151 1.0123499631881712 0.001487347530201
2451393.542248459 1.0051523447036743 0.0014869504375383
2451393.622109202 0.99872887134552 0.0014897514483891
2451393.699886616 0.9933077394962311 0.00149475416401395
2451393.7776640235 0.970035284757614 0.0014955736696719499
2451393.857524749 0.9534208178520202 0.0015040574362501
2451393.935302145 0.9535462856292723 0.0015197097091004
2451394.015162858 0.9589532315731049 0.0015400716802105
2451394.0936346836 0.9935052394866944 0.0015757693909108
2451394.1728009437 1.001361608505249 0.0015977857401594
2451394.2512727575 1.0112187266349792 0.0016113379970191999
2451394.3297445658 1.0232549905776975 0.0016196540091186
2451394.387383147 1.0334863066673279 0.00162360334070395
2451396.6477877093 0.996475338935852 0.0014775132294744
2451396.693620846 1.0024149417877195 0.0014800265198573
2451396.7734816177 1.0132991671562195 0.0014858792419545001
2451396.851259066 1.025788128376007 0.00149214419070625
2451396.9297309564 1.0387171506881712 0.0014983473811298
2451397.0082028466 1.0477532744407654 0.00150301371468225
2451397.0873691775 1.0530338883399963 0.0015052671660668502
2451397.165841065 1.053468108177185 0.0015058704884722
2451397.2450073916 1.047498106956482 0.0015025405446067
2451397.3241737154 1.0375500917434692 0.001497647841461
2451397.4033400365 1.0245246887207031 0.001491337432526
2451397.481117471 1.011160135269165 0.0014835211914032
2451397.5602837848 0.9540300965309144 0.0014553744113072
2451397.6394500937 0.9321623444557188 0.0014436957426369
2451397.717921958 0.9268611371517181 0.00144050014205275
2451397.7963938173 0.952708661556244 0.0014535939553752
2451397.875560113 0.9782892465591432 0.0014675522688776
2451397.9540319634 0.9844141900539398 0.00147073948755855
2451398.0318093677 0.9950630962848663 0.0014755272422916502
2451398.1123645315 1.0047935247421265 0.0014808656997047
2451398.1908363667 1.012773513793945 0.0014847960555925
2451398.2693081964 1.0168569087982178 0.00148674781667065
2451398.347780022 1.016902446746826 0.001486720982939
2451398.4269462824 1.0132839679718015 0.0014849741710349
2451398.5047236565 1.0068155527114868 0.0014818414347246
2451398.5838899068 0.9996148347854614 0.0014784928644075
2451398.66166727 0.99335640668869 0.0014755628071725
2451398.747083476 0.9867222309112549 0.0014721273328177
2451398.820694185 0.951541781425476 0.0014540807460434002
2451398.899165973 0.94858580827713 0.0014524671714752
2451398.979026637 0.9502657055854797 0.001453329459764
2451399.057498414 0.9737549424171448 0.0014659216394647
2451399.1359701864 0.992725282907486 0.0014753634459338501
2451399.214441953 1.0033326148986816 0.0014803889207541
2451399.2936081546 1.0150007009506223 0.0014861832605674
2451399.3720799107 1.0290818810462952 0.00149305182276285
2451399.450551661 1.0410201549530027 0.0014990692725405
2451399.529717847 1.0504177808761597 0.0015036186669021
2451399.6088840268 1.0560001134872437 0.0015064068138599
2451399.6873557614 1.0549374222755432 0.0015058523276820501
2451399.7658274905 1.048621654510498 0.0015027862973511
2451399.844993654 1.0370914936065672 0.0014970095362514
2451399.923465373 1.0242531299591064 0.0014912345213815
2451400.0026315255 1.0087562203407285 0.00148254394298415
2451400.0811032336 0.9460680484771729 0.0014504711143672
2451400.160269376 0.9291418194770814 0.0014415757032111
2451400.238741073 0.925812780857086 0.0014401549706234999
2451400.317212764 0.963417053222656 0.0014595884131267
2451400.3963788906 0.9786480665206908 0.0014671585522592
2451400.4755450115 0.9850109815597534 0.001470805495046
2451400.554016687 0.9953371584415436 0.0014753981959074
2451400.6297105993 1.004341721534729 0.001480308943428
2451400.7130433414 1.0121290683746338 0.00148443627404045
2451400.7901261216 1.0157405138015747 0.00148612738121295
2451400.8685977766 1.01466703414917 0.0014856095658615
2451400.947763865 1.009826898574829 0.0014832124579697
2451401.0269299485 1.0036180019378662 0.001479928730987
2451401.105401587 0.9961196184158325 0.0014765877858735
2451401.1838732203 0.9908203482627868 0.0014733640709891
2451401.2630392876 0.9813643097877502 0.0014681600732728
2451401.34220535 0.9478145837783812 0.0014509937027469
2451401.420676967 0.946426063776016 0.00145065464312205
2451401.49914858 0.9483654499053956 0.0014519547112286
2451401.5783146257 0.9824291467666626 0.0014692676486447
2451401.6574806664 0.994396448135376 0.0014752764254808
2451401.7359522628 1.005906343460083 0.00148130755405865
2451401.814423854 1.0183860063552856 0.0014874024782329
2451401.8942843177 1.0331162810325623 0.0014947677846065999
2451401.9706725823 1.0458702445030212 0.0015014347154647
2451402.0505330353 1.0549933910369873 0.0015055228723213
2451402.1296990444 1.0590214729309082 0.0015077636344358
2451402.208865048 1.05692720413208 0.0015068182256072
2451402.2880310463 1.049072265625 0.0015024535823613
2451402.3665026007 1.0357791185379028 0.0014958020765334
2451402.4456685884 1.0207050442695615 0.0014883838011883
2451402.5234456942 0.9959462583065033 0.0014759225887246
2451402.601917233 0.9386586546897888 0.0014457958750426
2451402.6734443833 0.9248084127902985 0.00143900938564905
2451402.760249172 0.9246875643730164 0.0014394728932529
2451402.8387206946 0.9720106422901154 0.0014635619008912999
2451402.9171922123 0.9781412482261655 0.0014670843956992
2451402.9963581637 0.986506938934326 0.0014708581147715
2451403.0748296706 0.9963925182819366 0.0014762688078917
2451403.153301173 1.005434274673462 0.0014810331631451
2451403.2331615454 1.0134488344192505 0.00148456660099325
2451403.3116330374 1.016587257385254 0.0014859767397865
2451403.3901045234 1.0146915316581726 0.00148532260209315
2451403.4685760047 1.0098127126693723 0.0014830117579549
2451403.5477419184 1.0026845932006836 0.0014791778521612
2451403.6276022643 0.9955000281333923 0.00147529138484965
2451403.7053792914 0.9875679910182952 0.0014711860567331002
2451403.785239627 0.967594802379608 0.0014611853985115
2451403.863016644 0.9442017078399656 0.0014490749454125
2451403.940793656 0.9441084861755372 0.0014490426983684
2451404.0199595373 0.948408246040344 0.0014515174552798
2451404.0991254137 0.9855524897575376 0.0014701868640258
2451404.1782912845 0.9955935478210448 0.0014757034368813
2451404.25745715 1.0085816383361816 0.0014821089571341
2451404.3352341354 1.0222127437591553 0.0014889823505654
2451404.4143999903 1.0365524291992188 0.0014961432898417
2451404.4935658397 1.0493195056915283 0.0015026407781988
2451404.5699539348 1.0577428340911863 0.0015072481473907
2451404.6532863965 1.060197353363037 0.0015080440789461
2451404.7345355405 1.0567715764045715 0.0015068717184476
2451404.8081458714 1.047355055809021 0.0015020075952633999
2451404.886617257 1.0337271690368652 0.0014958183746784
2451404.9657830736 1.0181535482406616 0.0014879532391205
2451405.044948885 0.9792692065238952 0.001468532718718
2451405.1227258174 0.933071792125702 0.0014449598966166
2451405.201891618 0.9235475659370422 0.0014392783632501
2451405.2810574127 0.9277850389480592 0.0014420408988371
2451405.360223202 0.9746271371841432 0.0014656097628176
2451405.4386945493 0.9800126552581787 0.00146875914651895
2451405.516471454 0.9885840415954588 0.00147302780533205
2451405.5963316634 0.9990896582603456 0.0014780842466279
2451405.6748029944 1.00797700881958 0.0014831240405328
2451405.7532743197 1.014201045036316 0.0014861394884064
2451405.8324400755 1.0162317752838137 0.0014868852449581
2451405.9109113896 1.013736605644226 0.0014853496104478502
2451405.9893826977 1.0071237087249756 0.0014822285156697
2451406.067854001 1.000264585018158 0.00147824356099585
2451406.1484086066 0.9912023544311523 0.0014740332844666998
2451406.202574631 0.9852718710899353 0.00147118582390245
2451410.9087611795 1.0206997394561768 0.0014966012677177
2451410.945566267 1.0198895931243896 0.0014954406651668
2451411.0344540244 1.011449933052063 0.00148977071512485
2451411.1115363766 1.0028815269470217 0.0014850627630949
2451411.189313163 0.995459735393524 0.0014804970705881
2451411.267089948 0.9880784153938292 0.0014762621140107
2451411.3476444734 0.9517730474472044 0.0014577399706467
2451411.425421253 0.9517363905906676 0.0014571410138159
2451411.503892465 0.9560973048210144 0.0014593859668820498
2451411.5837525446 0.984749436378479 0.0014747631503269
2451411.66222375 1.0035178661346436 0.0014853407628834
2451411.74069495 1.0161962509155271 0.0014915332430973
2451411.819860582 1.028551697731018 0.0014982920838519
2451411.899026209 1.044162392616272 0.0015058078570291
2451411.977497396 1.0558335781097412 0.0015119076124391999
2451412.056663014 1.0656050443649292 0.00151686521712685
2451412.135134192 1.069308161735535 0.0015190893318504
2451412.2136053653 1.0673800110816956 0.0015181804192252
2451412.3011041894 1.0585711598396301 0.0015128934755921
2451412.3733254364 1.0460824966430664 0.00150611903518435
2451412.449018854 1.0320645570755005 0.0014991555362939
2451412.5288788774 1.0136131644248962 0.0014892926556058
2451412.6066555902 0.9481944441795349 0.0014548390754498
2451412.6872100383 0.9310748577117919 0.00144623545929785
2451412.7663756106 0.9314696490764616 0.00144629238639025
2451412.844152308 0.9747935533523557 0.0014697235310450001
2451412.922623435 0.9884854555130004 0.0014761104248464
2451413.001788992 0.9970763921737672 0.0014803545782342
2451413.080954544 1.0073733329772947 0.00148618419189
2451413.1594256554 1.0159938335418701 0.0014910249738022
2451413.2358134585 1.0227885842323303 0.0014945965376681998
2451413.317062298 1.0235987901687622 0.001495279953815
2451413.395533394 1.0207940340042114 0.00149415712803595
2451413.474004485 1.0154227018356323 0.001491306698881
2451413.5531700053 1.0083945989608765 0.0014873241307213
2451413.632335521 1.000012993812561 0.0014824266545474
2451413.710806596 0.9906715750694275 0.0014775106101296
2451413.7892776667 0.9802510142326356 0.0014718308812007
2451413.868443166 0.9493999481201172 0.0014559631235897
2451413.952469699 0.9507036805152893 0.0014563456061295501
2451414.0274685835 0.9568465054035187 0.0014593551168218
2451414.103161897 0.9914614558219907 0.001477452693507
2451414.18302181 1.0054394006729126 0.0014850411098450002
2451414.2621872835 1.0180912613868711 0.0014912851620465
2451414.3406583183 1.0316884517669676 0.0014985462184995
2451414.419823781 1.0470621585845947 0.0015059316065162
2451414.4996836735 1.0584123134613037 0.0015118547016754
2451414.5774602587 1.0652114152908325 0.0015164020005613
2451414.655931273 1.0687812566757202 0.0015180410118773
2451414.735096716 1.0642319917678833 0.0015157223679125
2451414.8135677194 1.0529277324676511 0.0015105433994903501
2451414.892038719 1.0385817289352417 0.0015025363536551
2451414.97398188 1.021268844604492 0.0014933769125491
2451415.0503695686 0.993443727493286 0.001479557249695
2451415.129534986 0.9378928542137146 0.0014501917175948
2451415.208700398 0.9254682660102844 0.0014436085475608
2451415.286476938 0.9285617470741272 0.0014452593168243
2451415.3656423404 0.9788267612457277 0.0014716025907546
2451415.444113304 0.9847170412540436 0.0014752898714504499
2451415.522584263 0.9938451051712036 0.0014799432829022
2451415.6017496493 1.0034117698669431 0.0014850684674456
2451415.6802205984 1.0121631026268005 0.0014891010941937
2451415.758691542 1.0183409452438354 0.001492639654316
2451415.8378569135 1.0193043947219849 0.0014931906480342
2451415.9170222804 1.0157514810562132 0.0014918468659743
2451415.995493209 1.009274184703827 0.0014886423014104002
2451416.0739641325 1.0006084442138672 0.0014836062910035
2451416.153129484 0.9905177950859068 0.0014787347754463
2451416.2316003973 0.981062889099121 0.0014743955689482
2451416.3100713063 0.9626513719558716 0.0014645422343164
2451416.3892366425 0.9426824450492858 0.001454195822589
2451416.468401974 0.9444986581802368 0.0014553605578839
2451416.5468728677 0.950285017490387 0.00145901751238845
2451416.6253437563 0.9887366294860842 0.0014792275615036
2451416.704509073 1.0022517442703247 0.001486316206865
2451416.783674384 1.0136737823486328 0.0014922813279554
2451416.862145258 1.027876377105713 0.00150026450864965
2451416.935755099 1.042783260345459 0.0015077958814799
2451417.0336700706 1.056755781173706 0.0015142357442528
2451417.1003355784 1.06173574924469 0.0015168628888204
2451417.176723135 1.0624569058418274 0.00151749589713285
2451417.2510273904 1.0576116442680359 0.0015155028086155
2451417.332970395 1.0429164171218872 0.00150856637628745
2451417.4163022595 1.0256398916244507 0.0014991679345257
2451417.494773093 1.0069122314453125 0.0014906941214576
2451417.571160625 0.9667094945907592 0.0014702333137392
2451417.650325881 0.9237915873527528 0.0014482965925708
2451417.7267134036 0.9133816361427308 0.0014424350811168
2451417.8065730813 0.9229751825332639 0.0014480253448709499
2451417.886432754 0.9677419662475586 0.0014718808233737
2451417.964903557 0.9728116691112516 0.00147514301352195
2451418.043374356 0.981813669204712 0.0014799359487369
2451418.122539581 0.9919212460517884 0.0014854405308142
2451418.201704801 0.9990035295486448 0.0014896858483552
2451418.2794811525 1.0055699348449707 0.0014936269726604
2451418.3586463626 1.00604248046875 0.0014937249943614
2451418.4378115674 0.9989520311355592 0.001491293660365
2451418.483644052 0.9975914359092712 0.0014883656986057
2451421.2245622487 1.018622100353241 0.0012620083871297
2451421.2752556303 1.0116806030273435 0.0012647837866097
2451421.3530317727 0.9791350364685056 0.0012828054605051
2451421.4315023394 0.9635583758354186 0.00131842156406485
2451421.5099728997 0.9574012160301208 0.0013491865247488
2451421.5898323134 0.9689251184463501 0.0013856797595508
2451421.668302862 0.9881549477577208 0.001417362364009
2451421.7467734045 0.995185524225235 0.0014377307379618
2451421.825243941 1.0055747032165527 0.0014565938618034
2451421.904408901 1.0194050073623655 0.0014721507905051
2451421.9828794254 1.0303415060043335 0.00148526096018025
2451422.0613499437 1.03945791721344 0.0014956759987398
2451422.140514886 1.0430970191955566 0.0015027276240289
2451422.2196798217 1.0386171340942385 0.0015088137006387
2451422.2981503224 1.0266347527503967 0.0015202608192339
2451422.376620818 1.0096601247787476 0.001531324465759
2451422.4557857364 0.9914878606796264 0.0015423016157001
2451422.5287007885 0.9760248661041258 0.0015565991052425999
2451424.5890728836 1.0448094606399536 0.0015217053005471
2451424.661293639 1.0479111671447752 0.0015229394193738
2451424.7404586975 1.0434036254882812 0.0015201171627268
2451424.8196237558 1.0298805236816406 0.0015138359740376
2451424.89323337 1.0147390365600586 0.0015054413815959499
2451424.9779538685 0.9948465824127196 0.0014953069621697
2451425.056424491 0.9736041724681854 0.0014841327792964498
2451425.134200681 0.914030224084854 0.0014512383495457
2451425.2126712976 0.903879940509796 0.0014458096120506
2451425.2918363414 0.9009712934494016 0.0014445392880588
2451425.371001382 0.950887143611908 0.0014701175969094
2451425.449471988 0.9627617001533508 0.0014760433114133
2451425.52724816 0.9722468554973602 0.0014807120314799002
2451425.6071076184 0.9844987392425536 0.0014876184286549
2451425.6855782126 0.9960403144359589 0.00149333442095665
2451425.764743232 1.0046619176864624 0.00149679806781925
2451425.8432138176 1.00771164894104 0.0014985720627009
2451425.9223788283 1.0055358409881592 0.0014969770563766
2451426.0008494044 1.0000438690185547 0.00149374315515155
2451426.0793199763 0.9898775815963744 0.0014894978376105
2451426.158484973 0.9813745617866516 0.0014844441320747
2451426.2376499656 0.9735903143882751 0.0014801501529291
2451426.316120523 0.9629907608032227 0.0014735424192621502
2451426.3945910768 0.935124933719635 0.0014593094820156
2451426.4737560544 0.9364523887634276 0.0014597644330933
2451426.5522265984 0.9421864151954651 0.00146216381108385
2451426.6306971377 0.9826809167861936 0.0014823583187535
2451426.7098621014 0.994497537612915 0.001488521345891
2451426.789027061 1.009085774421692 0.0014956062659621
2451426.8674975857 1.02564537525177 0.0015037154662421999
2451426.945968106 1.0418384075164795 0.0015115247806534
2451427.025133051 1.0537991523742676 0.0015172688290476
2451427.104297991 1.0619689226150513 0.0015207886463031
2451427.1827684976 1.0632745623588562 0.00152144319145005
2451427.2612389987 1.0555802583694458 0.00151733297389
2451427.3404039247 1.040427327156067 0.0015097031136974
2451427.418874417 1.0247557163238523 0.0015002656145952
2451427.4973449046 1.006376266479492 0.0014905740972608
2451427.570259955 0.9828490018844604 0.0014774140436202001
2451427.6563691525 0.9235148131847382 0.0014475174830294998
2451427.734145197 0.9164637029170988 0.00144295609788965
2451427.812615666 0.917574882507324 0.0014437367208302
2451427.891780559 0.9707126021385194 0.0014712845440953
2451427.9702510186 0.980059802532196 0.00147589034168045
2451428.0494159022 0.990298330783844 0.00148075987817715
2451428.1285807816 1.003157377243042 0.0014871734892949
2451428.2070512273 1.0153502225875854 0.0014931982150301
2451428.2855216684 1.0222453474998474 0.0014965265290810999
2451428.364686534 1.0236321687698364 0.001496986078564
2451428.443156966 1.020914077758789 0.0014953505015
2451428.522321822 1.013473391532898 0.0014911073958501
2451428.6000978164 1.0040926933288574 0.0014861962990835
2451428.6785682347 0.9948224127292634 0.0014810902648605
2451428.7584275054 0.9868362545967102 0.0014768346445634
2451428.8368979148 0.9663665294647217 0.0014657754800282
2451428.9153683195 0.9498445987701416 0.0014571567298844
2451428.994533148 0.9517984986305236 0.0014577843248844
2451429.073697972 0.9587628841400144 0.001461349078454
2451429.1521683633 0.9982337951660156 0.0014816978364251502
2451429.23063875 1.0103174448013303 0.0014876063214614
2451429.30980356 1.0241754055023191 0.0014955424703657
2451429.3889683657 1.0399709939956665 0.0015033495146781
2451429.4674387393 1.0542295575141907 0.0015105551574378499
2451429.5459091077 1.065741181373596 0.001516374759376
2451429.6250739 1.0717787742614746 0.0015189480036497
2451429.7035442595 1.0700154900550842 0.0015185867086984
2451429.782014615 1.0595585107803345 0.0015128534287214
2451429.8611793933 1.0451767444610596 0.0015050007496029
2451429.9403441674 1.0270321369171145 0.0014958659885451
2451430.018814509 1.0097557306289673 0.00148649059701705
2451430.0972848465 0.9658669233322144 0.0014632452512159
2451430.1764496067 0.92860209941864 0.0014435696648433
2451430.255614363 0.9239773154258728 0.0014409647556021
2451430.334084687 0.9365739226341248 0.0014476119540631
2451430.412555006 0.9807578325271606 0.0014702511252835
2451430.491719749 0.9899287223815918 0.0014750929549336
2451430.5653290665 1.0002391338348389 0.0014809623826295
2451430.648660365 1.0129066705703735 0.0014880595263093
2451430.727825094 1.022488713264465 0.0014932946069166
2451430.8069898183 1.0267395973205566 0.0014957149978727
2451430.8854601113 1.0271073579788208 0.0014956301893107
2451430.963930399 1.0226134061813354 0.0014928054297342
2451431.04309511 1.013349533081055 0.0014883070252835
2451431.122259816 1.0035479068756104 0.0014828647254034
2451431.200730091 0.9944693148136138 0.0014778780168853
2451431.279200361 0.986465275287628 0.0014739360194653
2451431.358365054 0.9588874578475952 0.0014586388133466
2451431.436835315 0.9498296678066251 0.00145460740895935
2451431.5153055717 0.9538229703903198 0.0014564329758286
2451431.594470251 0.968536138534546 0.001464347122237
2451431.6736349254 1.0010015964508057 0.0014817243209108
2451431.752105169 1.0138442516326904 0.0014877404319122
2451431.8305754075 1.027602195739746 0.0014952651690691
2451431.9097400685 1.0431238412857056 0.0015035594115033
2451431.988210298 1.0570204257965088 0.0015099704614840001
2451432.066680523 1.0670726299285889 0.001515167299658
2451432.14584517 1.069957256317139 0.001516830176115
2451432.225009813 1.0664048194885252 0.0015149204991757
2451432.3034800244 1.0547695755958557 0.0015095841954461502
2451432.381950231 1.0404996871948242 0.0015024050371721
2451432.4611148597 1.0229215621948242 0.0014931299956515
2451432.540279484 1.005179524421692 0.0014847086276859
2451432.618749677 0.9496892690658569 0.0014549444895237
2451432.6972198654 0.926815330982208 0.001443778979592
2451432.7763844756 0.924173891544342 0.0014420693041756
2451432.8548546545 0.947564035654068 0.0014543503057211
2451432.933324829 0.9836443066596986 0.0014723048079758
2451433.012489425 0.9938341379165648 0.0014775863382965
2451433.0916540166 1.006570816040039 0.0014831749722361
2451433.170124177 1.017727017402649 0.00148966634878885
2451433.2485943325 1.027161717414856 0.0014953340869396
2451433.3277589097 1.029763102531433 0.0014966315357014
2451433.4069234817 1.0272586345672607 0.0014955366495996
2451433.485393623 1.0217963457107544 0.00149191560922185
2451433.5590027776 1.012727379798889 0.0014871676103211501
2451433.643028317 1.00048565864563 0.0014818416675552
2451433.7214984437 0.9897615313529968 0.0014764224761165
2451433.799968566 0.9824514389038084 0.0014722063206136
2451433.879133109 0.94779372215271 0.0014546569436788
2451433.9582976466 0.9473762512207032 0.0014533700887113
2451434.036767754 0.9508022964000701 0.0014555337838828
2451434.1152378563 0.9748716354370116 0.001467841793783
2451434.194402379 0.9999408721923828 0.0014811401488259
2451434.2735668966 1.0127915143966677 0.0014873603358864
2451434.3520369837 1.0272220373153687 0.0014953619684092
2451434.4305070657 1.041346311569214 0.0015023635933175
2451434.509671568 1.055158257484436 0.0015092971734702
2451434.5881416397 1.0640459060668945 0.00151395850116385
2451434.666611706 1.0652252435684204 0.0015147449448704
2451434.7457761923 1.059621214866638 0.0015116457361727
2451434.8249406735 1.0483394861221311 0.0015054401010274
2451434.903410724 1.032575786113739 0.0014979814295656
2451434.981880769 1.0148297548294067 0.0014888469595462
2451435.0610452336 0.9998028874397276 0.0014800686622038
2451435.140209693 0.9371840953826904 0.0014485495630651
2451435.2186797215 0.9225713610649109 0.00144005077891045
2451435.297149745 0.9230613708496092 0.001439913874492
2451435.376314187 0.961583137512207 0.0014608417404815
2451435.454089774 0.9838517904281616 0.0014721100451424
2451435.533254205 0.9955877065658568 0.0014783639926463
2451435.6124186297 1.007469892501831 0.0014841093216091
2451435.691583049 1.019042730331421 0.001490285503678
2451435.7700530374 1.0266377329826355 0.00149417587090275
2451435.8485230203 1.0294086933135986 0.0014949513133615
2451435.927687422 1.0264222621917725 0.0014932610793039
2451436.006157393 1.0193122625350952 0.0014893095940351
2451436.0846273582 1.0100791454315183 0.0014844414545223
2451436.163791742 0.9981104731559752 0.0014793140580877
2451436.24295612 0.989856779575348 0.0014819531934335
2451436.3214260675 0.981188029050827 0.0014942591078579
2451436.3998960103 0.947964906692505 0.0015035406686365
2451436.4623941905 0.9476946592330932 0.0015282419044524
2452088.2652658154 1.0507349967956543 0.0014781130012124
2452088.3305450333 1.0472054481506348 0.0014762876089662
2452088.408324507 1.0385718345642088 0.0014711569529026
2452088.4874928775 1.0222934484481812 0.0014635802945122
2452088.566661226 1.005527138710022 0.0014547791797667
2452088.6451350944 0.9864359200000762 0.00144519738387315
2452088.723608943 0.967289626598358 0.001435242826119
2452088.80347169 0.9096428751945496 0.00140417943475765
2452088.8812510427 0.8963654339313507 0.0013971085427327999
2452088.9597248374 0.8943738341331483 0.0013960510259494
2452089.038893074 0.925151824951172 0.001412502489984
2452089.118061295 0.95930415391922 0.0014305552467703
2452089.1958405855 0.9757033586502076 0.0014397986233234
2452089.2750087786 0.9958205223083496 0.0014494301285594
2452089.3541769576 1.0157898664474487 0.0014600201975554
2452089.433345124 1.031612992286682 0.0014681931352242
2452089.5118188215 1.0444121360778809 0.00147443194873625
2452089.590292507 1.0489637851715088 0.0014770404668524
2452089.6694606384 1.0478899478912351 0.0014762562932446
2452089.7472398453 1.0430160760879517 0.0014740924816578
2452089.826407956 1.0347367525100708 0.0014698028098791
2452089.9055760563 1.0274373292922971 0.0014660749584436
2452089.984744147 1.0196201801300049 0.0014616530388593
2452090.0632177712 0.9836723804473877 0.0014435009215958
2452090.142385843 0.9804494082927703 0.0014415273908524998
2452090.22085945 0.9799203872680664 0.001441239612177
2452090.299333048 1.0011606216430664 0.0014521900448016501
2452090.3778066374 1.0184689760208128 0.0014612819068133
2452090.4569746754 1.0244785547256468 0.0014646120835095
2452090.536142705 1.0334866046905515 0.0014690494863316
2452090.61461627 1.0412537455558777 0.0014728847309015
2452090.6937842844 1.0477431416511536 0.0014761959901079002
2452090.7722578347 1.049129009246826 0.0014771509449929
2452090.851425834 1.045238375663757 0.00147514231503
2452090.9298993694 1.0335078239440918 0.00146942486753685
2452091.008372898 1.019482970237732 0.0014620285946875
2452091.0875408757 1.000499248504639 0.0014521116390824
2452091.16601439 0.9809295535087585 0.00144183565862475
2452091.244487898 0.9623730182647704 0.0014323843643069
2452091.323655855 0.903136432170868 0.0014011821476742
2452091.4028238053 0.8961661458015443 0.0013968559214845
2452091.481297293 0.8973656594753265 0.00139760342426595
2452091.559770775 0.9431096315383912 0.0014225700870156
2452091.638938706 0.9664713740348818 0.0014345248928293
2452091.7174121747 0.9843343794345856 0.0014439416700042
2452091.795885638 1.0040829181671145 0.0014545463491231
2452091.87505355 1.0238754749298096 0.0014641096349805
2452091.954221456 1.0397062301635742 0.0014725107466802
2452092.0326949004 1.0487154126167297 0.0014772646827623
2452092.1111683394 1.0512948036193848 0.001478815334849
2452092.1896417723 1.0488401651382446 0.001477668818552
2452092.2695041094 1.0410799980163574 0.0014738988829776
2452092.3479775307 1.0332129597663877 0.0014696486177854001
2452092.4264509464 1.0242730379104614 0.0014654166297987
2452092.505618811 1.0135838985443115 0.0014589837519451
2452092.584092215 0.981898307800293 0.0014437664067372502
2452092.6625656136 0.9791602492332456 0.0014421539381146
2452092.7417334616 0.9788047075271606 0.0014419652288779
2452092.820901304 1.0090031623840332 0.0014570781495422
2452092.899374686 1.0176290273666382 0.00146184739423915
2452092.9778480628 1.023967146873474 0.0014655126724392
2452093.0570158884 1.0336384773254397 0.0014704423956573
2452093.1354892543 1.0423414707183838 0.0014749051770195
2452093.213962615 1.0485060214996336 0.0014780072961002
2452093.293130425 1.0482265949249268 0.0014778055483475
2452093.372298229 1.041836857795715 0.0014747290406376
2452093.450771574 1.0298790335655212 0.0014685489586554
2452093.5292449133 1.0128575563430786 0.0014598307898268
2452093.608412702 0.9930561780929564 0.0014497670345008
2452093.6875804854 0.9749061465263368 0.0014408691786229
2452093.7660538093 0.949087619781494 0.0014270066167227499
2452093.844527128 0.8991203904151917 0.0014008866855874
2452093.9236948965 0.8954734802246093 0.0013982329983264
2452094.0021682056 0.8993356227874756 0.00140101934084665
2452094.080641509 0.9553238749504088 0.0014300722396001
2452094.1598092616 0.9707732796669006 0.0014389062998816
2452094.2389770094 0.9891133308410645 0.0014484012499451
2452094.317450298 1.009447455406189 0.00145891495048995
2452094.395923582 1.028044581413269 0.0014684080379083
2452094.475091315 1.041537523269653 0.0014748260146006
2452094.5542590427 1.0490005016326904 0.0014790350105613
2452094.6327323117 1.0500831007957458 0.0014796894975006
2452094.711205576 1.0459245443344116 0.0014773065922781
2452094.790373289 1.0384644269943235 0.0014738693134859
2452094.864679822 1.0294840335845945 0.0014695702702738
2452094.948014247 1.021575391292572 0.00146612204844125
2452095.026487492 1.0022660493850708 0.0014558490365743
2452095.1056551854 0.9788862466812132 0.0014434774639084
2452095.1841284214 0.976490169763565 0.00144225853728125
2452095.2626016517 0.9777423143386842 0.0014429786242544
2452095.341769331 1.012206792831421 0.0014606546610593
2452095.420242552 1.0179239511489868 0.00146380712976675
2452095.498715769 1.02575421333313 0.001468147849664
2452095.577883434 1.0353920459747314 0.0014729854883626
2452095.6570510943 1.042809247970581 0.0014768418623134
2452095.7355242968 1.04771089553833 0.0014790574787184
2452095.813997495 1.046871542930603 0.0014788265107199
2452095.893165142 1.0394411087036133 0.0014755817828699
2452095.9723327835 1.0259768962860107 0.0014697139849886
2452096.0508059673 1.0087074041366577 0.001463473890908
2452096.1292791474 0.9885866045951844 0.001456776401028
2452096.2084467756 0.9694348573684692 0.001449548988603
2452096.286919946 0.9312964379787445 0.0014309193356893501
2452096.3653931124 0.8945999145507811 0.0014142711879685
2452096.4445607266 0.8947328329086303 0.0014182282611727
2452096.5237283367 0.9073259234428404 0.0014286033110693
2452096.6022014893 0.9576467275619506 0.0014611985534429
2452096.6806746377 0.9737083315849304 0.0014745577936992
2452096.759842234 0.9929289817810056 0.0014906825963407
2452096.838315374 1.0135594010353088 0.0015047847991809002
2452096.916788509 1.030075192451477 0.0015154803404584
2452096.995956092 1.042127013206482 0.0015216636238619
2452097.0751236714 1.0485662221908567 0.0015292023308575
2452097.1535967938 1.0490591526031494 0.00153560296166685
2452097.232069912 1.0437270402908323 0.001534232054837
2452097.311237478 1.036068558692932 0.0015288856811821
2452097.39040504 1.0272201299667358 0.0015263684326782
2452097.4688781453 1.0187339186668396 0.00152983522275455
2452097.5473512467 0.991857886314392 0.0015299110673367
2452097.626518796 0.978506863117218 0.0015372389461845
2452097.704991889 0.9769296944141386 0.0015494824037886501
2452097.7834649784 0.9834867119789124 0.0015648583648726
2452097.8626325154 1.0152113437652588 0.0015915951225906
2452097.9418000486 1.0223054885864256 0.0015975693240761
2452098.020273126 1.030547022819519 0.0015984047786332
2452098.067495861 1.0358809828758238 0.00160285428864875
2452102.3599066 1.0213501453399658 0.0014641665620729
2452102.4321297775 1.0155311822891235 0.0014602178707718
2452102.5112974737 1.0080839395523071 0.0014565666206181
2452102.589770699 0.9759375751018524 0.0014400459476745999
2452102.6682439065 0.9743580818176268 0.0014393386663869
2452102.747411551 0.9755762219429016 0.0014399262145161
2452102.825884727 1.001639723777771 0.0014531952911056001
2452102.9043578883 1.0167562961578367 0.0014614955289289
2452102.9835254876 1.0241950750350952 0.0014653051039204
2452103.062693073 1.0341297388076782 0.0014699284220114
2452103.1411661925 1.0428178906440735 0.00147445278707885
2452103.2196393 1.047453761100769 0.0014765586238354
2452103.2988068466 1.0479743480682373 0.0014767041429877
2452103.37727993 1.0416460037231445 0.00147377257235345
2452103.4550585495 1.0298647284507751 0.0014682490145787501
2452103.534920514 1.012554168701172 0.0014591021463274
2452103.6140880156 0.992426097393036 0.0014484780840575
2452103.692561055 0.9719519019126892 0.0014374012243933499
2452103.7703396333 0.9537898600101471 0.0014282832271419002
2452103.8502015555 0.901141345500946 0.0014001753879711
2452103.929369017 0.8913910388946533 0.001394962426275
2452104.0071475664 0.8987655043601989 0.0013989693252369
2452104.0870094607 0.9502856731414795 0.0014261942123993498
2452104.1654824433 0.9677724838256836 0.0014355491148307
2452104.2439554175 0.9832963347434998 0.0014440246159209999
2452104.3224283834 1.0009289979934692 0.0014530792832374
2452104.4015957913 1.020341873168945 0.0014634870458394
2452104.480763191 1.032539129257202 0.0014692229451611
2452104.5592361316 1.0381324887275694 0.00147210521390655
2452104.6377090653 1.0380449295043943 0.001472110976465
2452104.716876441 1.0340675115585327 0.0014698288869112
2452104.796043809 1.0274851322174072 0.001466931309551
2452104.874516719 1.0215272903442383 0.001463807944674
2452104.9529896216 1.0149863958358765 0.0014605284668505
2452105.0321569676 1.004310131072998 0.0014545035082846
2452105.1106298557 0.976373016834259 0.00144042045576495
2452105.1891027363 0.9757865071296692 0.0014400074724107
2452105.2682700604 0.9801313877105712 0.0014420126099139
2452105.3474373776 1.0120565891265867 0.0014587813057005
2452105.4259102372 1.0210530161857605 0.00146289676195005
2452105.504383091 1.028959035873413 0.00146688031964
2452105.583550387 1.0371636152267456 0.0014714857097715
2452105.662023227 1.0449222922325134 0.00147485383786255
2452105.7404960603 1.0488463640213013 0.0014770198613405
2452105.819663337 1.047632336616516 0.001476626493968
2452105.898830607 1.0397945642471311 0.0014731242554262
2452105.977303421 1.025960087776184 0.0014658994041383
2452106.0557762287 1.006738543510437 0.0014559801202267
2452106.1349434797 0.9886021614074708 0.0014461141545325
2452106.2141107246 0.9692468047142028 0.0014364428352564
2452106.292583513 0.9411546587944031 0.0014210299123078
2452106.3710562964 0.8955708146095277 0.0013975572073832
2452106.4502235227 0.8918567895889281 0.0013954869937151
2452106.528696293 0.9041986763477325 0.00140220875618975
2452106.607169058 0.9584602117538452 0.0014314260333776
2452106.6863362663 0.9720267057418824 0.0014379762578755
2452106.765503468 0.989018738269806 0.0014472756301984
2452106.8439762155 1.005707561969757 0.00145583768608045
2452106.9224489564 1.0212664604187012 0.0014635862316936
2452107.001616141 1.0325361490249632 0.0014693877892568
2452107.0800888706 1.037732183933258 0.0014719277969561001
2452107.158561595 1.03793466091156 0.0014720645267516
2452107.2377287615 1.0350098609924316 0.0014703357592225
2452107.316895923 1.0286039113998413 0.0014672654215246
2452107.39536863 1.0215386152267456 0.00146365270484235
2452107.4738413314 1.0155023336410522 0.0014605136821046
2452107.5530084763 0.996323585510254 0.0014509332831948
2452107.632175615 0.977871596813202 0.0014409754658117
2452107.7106483 0.9789703488349915 0.00144158379407595
2452107.7891209796 0.9839102029800416 0.0014437342761084
2452107.868288102 1.0170559883117676 0.0014612837694585
2452107.94676077 1.0245853066444397 0.0014648832730017
2452108.0252334336 1.0321869850158691 0.0014691455289721
2452108.10440054 1.0403404235839844 0.0014734192518517
2452108.1842620885 1.0459465384483337 0.00147633609594775
2452108.2620402873 1.0479387044906616 0.0014772817376069
2452108.340512929 1.044952392578125 0.0014755903976038
2452108.419680014 1.0356923937797546 0.0014707719092256501
2452108.5037082294 1.018785536289215 0.00146249338285995
2452108.577319719 1.0002954006195068 0.0014534416841342499
2452108.6557923397 0.9806790947914124 0.0014427736168727
2452108.7349594035 0.9641779661178588 0.0014339385088533
2452108.8134320136 0.9234894216060638 0.00141276355134315
2452108.891904619 0.8937947750091552 0.001396840205416
2452108.971071667 0.8926736712455748 0.0013963147066533
2452109.05023871 0.9113391637802124 0.0014065087307244
2452109.1287113 0.9601060450077057 0.00143280881457025
2452109.207183885 0.9746413826942444 0.0014402851229533
2452109.2863509124 0.9923809766769408 0.0014491316396743
2452109.3648234876 1.0095995664596555 0.00145777163561425
2452109.4432960576 1.0246427059173584 0.0014655034756287
2452109.5224630698 1.033916473388672 0.0014705253997817
2452109.601630077 1.03933048248291 0.0014730597613379
2452109.6801026324 1.0381938815116882 0.00147289747837925
2452109.7585751824 1.0350027084350584 0.001472282456234
2452109.837742175 1.029775619506836 0.0014723214553669
2452109.9169091624 1.024468183517456 0.0014724525390192
2452109.995381698 1.018726408481598 0.00147259328514335
2452110.0731597813 0.9912268817424774 0.0014616982662118499
2452110.1530212015 0.9827698469161988 0.0014597370754927
2452110.23218817 0.9839301705360411 0.0014606692129746
2452110.3099662387 0.991249084472656 0.0014656317653134
2452110.3891331973 1.020948052406311 0.001483658561483
2452110.468300151 1.027227997779846 0.0014933896018192
2452110.5467726532 1.0346817374229431 0.0015046797925606
2452110.6252451506 1.0421730279922483 0.001513417228125
2452110.70441209 1.046069860458374 0.0015170134138315
2452110.7828845787 1.047315776348114 0.00152194267138835
2452110.861357062 1.0435099601745603 0.0015257725026458
2452110.940523988 1.0317726135253906 0.0015220646746456
2452111.0196909094 1.0158580541610716 0.0015121795004233
2452111.0981633794 0.9971779584884644 0.0015076961135491
2452111.1766358446 0.9780402183532714 0.0015035340329632
2452111.2558027525 0.9633122086524964 0.0014934291830286
2452111.334969656 0.9099803566932678 0.0014658031286671
2452111.413442108 0.8944941759109497 0.0014660487649961998
2452111.4926090026 0.8971489071846008 0.00148170936154195
2452111.5710814465 0.9327715635299682 0.001516172545962
2452111.6495538866 0.9675071537494658 0.0015451848739758
2452111.7280263216 0.9793761968612672 0.0015583416679874
2452111.8071931996 0.9959617257118224 0.00157815834973
2452111.8516377606 1.005259990692139 0.0015894037205725
2452115.9127612663 1.0390912294387815 0.0015231224242597
2452115.9835949917 1.0260401964187622 0.0015160052571445
2452116.061373183 1.009379506111145 0.001508449553512
2452116.140540252 0.9899709820747375 0.0014988756738603
2452116.219012855 0.9747384488582612 0.00149061303818595
2452116.2967909933 0.956496775150299 0.0014803900849074
2452116.3766524573 0.8971915245056152 0.0014506475999951
2452116.4558194564 0.8941527009010315 0.0014480685349553
2452116.5342919924 0.9015316963195802 0.0014520718250423002
2452116.612764513 0.953772723674774 0.0014783120714128
2452116.6912370194 0.9679670333862305 0.00148726330371565
2452116.770403958 0.9835086762905121 0.0014946433948352
2452116.848876436 1.000361919403076 0.0015031092334538
2452116.9280433473 1.0163403749465942 0.0015111969551071
2452117.0072102463 1.0274984836578367 0.0015172344865277
2452117.085682686 1.0362102389335632 0.0015214392333291
2452117.164155114 1.038845777511597 0.0015226330142468
2452117.2433219766 1.0393524169921875 0.0015225993702188
2452117.322488828 1.0360186100006104 0.0015207630349323
2452117.4009612226 1.0310946106910706 0.0015187959070317
2452117.4794336064 1.026154398918152 0.0015161326155066
2452117.558600426 1.01514995098114 0.001510115689598
2452117.6370727895 0.9906357228755952 0.0014978736289776502
2452117.715545144 0.9892149567604066 0.0014972169883549
2452117.794711934 0.9914249181747437 0.0014983490109443
2452117.8738787146 1.0254331827163696 0.0015148727688938
2452117.9523510407 1.0307226777076721 0.00151861470658325
2452118.0308233583 1.0368496179580688 0.0015215108869597
2452118.109990112 1.043742299079895 0.0015251449076458
2452118.1891568573 1.0489108562469482 0.0015273122116923
2452118.2676291494 1.0503581762313843 0.00152853463077915
2452118.3461014326 1.046173334121704 0.001526468899101
2452118.425268153 1.0377334356307983 0.0015219224151223
2452118.5037404206 1.0224246382713318 0.00151478790212415
2452118.5815182356 1.0051840543746948 0.00150553690036755
2452118.661379377 0.9878000617027282 0.001497040502727
2452118.7405460663 0.9711989164352418 0.0014883411349728
2452118.8190183034 0.9414849281311036 0.00147404859308145
2452118.8974905326 0.8948222398757935 0.0014490786707028
2452118.9766571997 0.893095552921295 0.0014476194046437
2452119.055129415 0.9041644930839537 0.00145356456050645
2452119.133601623 0.9584744572639464 0.0014813166344538
2452119.2127682683 0.9711267352104188 0.0014880513772368
2452119.291934907 0.9886375069618224 0.0014967662282288
2452119.3704070942 1.0046449303627014 0.0015049689100123
2452119.4488792745 1.018933653831482 0.0015122983604669
2452119.5280458927 1.0294733047485352 0.0015182789647951
2452119.607212504 1.0371128320693968 0.0015215494204312
2452119.685684664 1.0386154651641846 0.0015223293448797998
2452119.7641568184 1.0367285013198853 0.0015214412705972
2452119.84332341 1.0335786342620847 0.0015198643086478
2452119.9217955517 1.0285842418670654 0.0015172520652413
2452120.0002676863 1.0247186422348022 0.001514758914709
2452120.0794342584 1.0053749084472656 0.0015058910939842
2452120.1586008244 0.9916722178459167 0.0014981188578531
2452120.237072941 0.9907064139842987 0.0014977815444580998
2452120.315545051 0.9946329593658448 0.0015005132881924
2452120.394711598 1.026740789413452 0.0015159908216446
2452120.473878139 1.0313327312469482 0.0015187505632638
2452120.5523502314 1.038047730922699 0.0015224248054437
2452120.630822317 1.043560028076172 0.0015247914707288
2452120.7106832834 1.0470545291900635 0.00152651884127405
2452120.788460914 1.0466029644012451 0.00152645236812525
2452120.8669329826 1.0421440601348877 0.0015242722583934
2452120.946099488 1.0316051244735716 0.0015191265847533
2452121.0252659875 1.0159085988998413 0.0015108932275325
2452121.103738039 0.9985770285129546 0.0015018108533695002
2452121.1822100836 0.9825964570045472 0.0014929390745237
2452121.261376566 0.9659613966941832 0.0014852102613076
2452121.3398485994 0.9254940152168274 0.00146293477155265
2452121.418320628 0.8899438381195068 0.001446247450076
2452121.497487093 0.8897360563278198 0.0014455171767622
2452121.5766535522 0.9111734628677368 0.0014554276131093
2452121.655125564 0.9563954174518584 0.001480427570641
2452121.7335975696 0.9694087505340576 0.0014876370551064
2452121.8127640123 0.985683798789978 0.0014954672660678
2452121.8919304493 1.0016109943389893 0.0015038615092635
2452121.970402439 1.0157114267349243 0.00151071301661425
2452122.048874423 1.0280139446258545 0.0015178393805399
2452122.128040844 1.0345678329467771 0.0015211917925626
2452122.206512817 1.0369786620140076 0.0015220782370306
2452122.2849847847 1.0361965894699097 0.0015218391781672
2452122.3641511896 1.032285451889038 0.001519726589322
2452122.443317589 1.0280746221542358 0.001517191180028
2452122.5162340044 1.0253207087516785 0.00151603051926935
2452122.6002614875 0.9965845346450805 0.0015025078319013
2452122.6794278705 0.9900536537170408 0.0014981549466028
2452122.757899807 0.9902708828449249 0.00149839551886535
2452122.836371738 1.0008989572525024 0.001504904590547
2452122.9155381056 1.027920484542847 0.0015177546301856
2452122.9947044677 1.0327262878417969 0.0015200901543721
2452123.073176383 1.037909746170044 0.0015231840661726502
2452123.1516482937 1.04302179813385 0.0015249646967276
2452123.2308146404 1.0454102754592896 0.0015265751862898
2452123.3099809824 1.04461669921875 0.0015262269880622
2452123.3884528773 1.038582980632782 0.00152288010576735
2452123.4669247675 1.02782940864563 0.00151762238238
2452123.545396652 1.0131169557571411 0.00150964799104255
2452123.624562974 1.001933753490448 0.0015047898050397001
2452123.703034849 0.9867538809776306 0.0014972002245485
2452123.78220116 0.9681337475776672 0.0014876766363158
2452123.861367467 0.9117373824119568 0.0014563453150913
2452123.9398393272 0.8912745118141174 0.00144709681626405
2452124.0183111825 0.8920171260833741 0.0014476526994258
2452124.0974774742 0.9273076057434082 0.0014655925333499
2452124.176643761 0.961285650730133 0.001483449130319
2452124.2551156012 0.9761613309383392 0.00149081251583985
2452124.3335874374 0.9923808574676511 0.0014996830141171
2452124.4127537096 1.0067728757858276 0.0015068993670865
2452124.491225536 1.0220035910606384 0.0015154620632529
2452124.5696973577 1.033553123474121 0.001521110185422
2452124.6488636155 1.0401327610015867 0.0015247069532051
2452124.7280298686 1.040849685668945 0.0015250070719048
2452124.8065016763 1.0380192399024963 0.0015234812162816
2452124.8849734794 1.034654140472412 0.0015219078632071
2452124.9641397186 1.029475212097168 0.0015191087732091
2452125.0426115124 1.0247414112091064 0.00151659222319715
2452125.1210833015 0.9917837977409362 0.0015006401808932
2452125.2002495266 0.9898179769515992 0.0014990064082667
2452125.2794157476 0.990404725074768 0.001499964040704
2452125.3578875232 1.0093910694122314 0.0015094733680598
2452125.4363592947 1.0277419090270996 0.0015188578981906
2452125.5155255026 1.0325735807418823 0.0015215013409033
2452125.5946917054 1.0374567508697508 0.0015237382613122
2452125.6731634643 1.0412055850028992 0.0015260864747688
2452125.7516352185 1.0431784391403198 0.0015270677395164
2452125.8308014087 1.0432933568954468 0.0015280037187039
2452125.9092731546 1.0364973545074463 0.00152616098057475
2452125.9877448967 1.0254448652267456 0.0015222061192616
2452126.0669110743 1.0095123052597044 0.001516250311397
2452126.1460772487 0.9934366941452024 0.0015101067256182
2452126.2245489787 0.9764464497566223 0.001502058643382
2452126.303020705 0.9616695642471312 0.001494716387242
2452126.3821868673 0.9035093188285828 0.0014671616954728
2452126.4613530263 0.8895846009254454 0.001465713372454
2452126.539824742 0.8925765156745911 0.0014732309500686
2452126.6182964537 0.9399819374084472 0.0015033014351502
2452126.697462602 0.9636538624763488 0.0015192925930023
2452126.775934308 0.9786252677440643 0.00153395300731055
2452126.85440601 0.9948568344116212 0.001549451611936
2452126.933572149 1.012038230895996 0.0015654953895136
2452127.0127382856 1.027043700218201 0.0015786450821906
2452127.0912099793 1.036099374294281 0.0015908866771496498
2452127.1696816706 1.0411123037338257 0.0015998792368918
2452127.2488478 1.040888786315918 0.0016023624921217
2452127.327319487 1.0371666550636292 0.0016033154097385
2452127.4057911728 1.0326151847839355 0.0016123800305649
2452127.4731518216 1.0285096764564514 0.0016283460427075
2452130.2446655016 0.9885647296905516 0.0014977749669924
2452130.3210541266 0.9907392859458924 0.0014986218884587
2452130.400220503 1.021504521369934 0.0015140414470806
2452130.4786924217 1.0250059366226196 0.00151536747580385
2452130.557164324 1.0294216871261597 0.0015182428760454
2452130.6363306516 1.0513981580734253 0.0015298319049179
2452130.7154969634 1.0434221029281616 0.0015253502642735
2452130.7939688186 1.0407898426055908 0.001523611950688
2452130.8724406585 1.0368832349777222 0.0015218600747174999
2452130.9516069256 1.0282901525497437 0.0015174528816714
2452131.030773178 1.0165913105010986 0.0015113465487957
2452131.1092449767 1.0013455748558044 0.0015038436977192
2452131.1877167616 0.985135555267334 0.0014945277944207
2452131.266882975 0.968692660331726 0.0014866895508021
2452131.3453547354 0.9362102746963501 0.00146846455754705
2452131.423826484 0.8929107189178466 0.0014464400010183
2452131.502992661 0.8871750235557555 0.0014435878256335
2452131.5821588268 0.8990284204483032 0.0014503174461424
2452131.660630542 0.9547931253910065 0.00147870357614005
2452131.739102246 0.9673027396202089 0.0014858227223157
2452131.818268379 0.9823855757713316 0.0014938146341592
2452131.896740063 0.9994713366031648 0.0015024660388007001
2452131.9752117367 1.0152479410171509 0.0015103339683264
2452132.054377841 1.0293339490890503 0.0015176022425293
2452132.133543935 1.0376445055007937 0.0015222285874187
2452132.212015581 1.0410064458847046 0.00152345694368705
2452132.2904872177 1.039851188659668 0.0015228516422212
2452132.3696532845 1.0364516973495483 0.001520681893453
2452132.448819343 1.0313972234725952 0.0015182838542386
2452132.5272909533 1.0269561409950256 0.0015160798211581502
2452132.6057625557 1.0038609504699707 0.001506024855189
2452132.684928589 0.990568161010742 0.0014972098870202
2452132.7634001747 0.9904815852642059 0.0014972047647461
2452132.841871753 0.9938371181488036 0.0014997640391811
2452132.921037762 1.024126410484314 0.0015144870849326
2452133.000203763 1.0257951021194458 0.0015154092106968
2452133.0786753176 1.0285503268241882 0.0015170276747085
2452133.1571468655 1.0327076911926267 0.0015191672137007
2452133.236312844 1.0364915132522583 0.0015212431317195
2452133.3154788148 1.0378414392471311 0.0015216894680634
2452133.3939503403 1.034548580646515 0.0015197657630778
2452133.472421859 1.027089238166809 0.0015161341289058
2452133.551587809 1.0145647525787351 0.001509484834969
2452133.630059313 0.999577522277832 0.0015016685356385498
2452133.7085308107 0.9825250506401062 0.0014944579452276
2452133.7876967397 0.9676966071128844 0.0014856326160952
2452133.866862661 0.9216094613075256 0.0014614406973123
2452133.945334139 0.8933212161064148 0.0014461245737038
2452134.0238056094 0.8908984065055846 0.00144550553523
2452134.102971512 0.9125528931617738 0.0014569754712283
2452134.1814429695 0.9577107131481171 0.0014802447985857
2452134.2599144205 0.9687317609786988 0.0014869092265143
2452134.3390803034 0.9847155809402464 0.0014943827409297
2452134.4182461794 1.0013383626937866 0.0015030310023576
2452134.496717612 1.0170910358428955 0.00151115859625855
2452134.5751890377 1.0294936895370483 0.0015173547435551
2452134.6550493324 1.0378243327140808 0.0015213924925774002
2452134.733520746 1.0396180152893066 0.0015224096132442
2452134.8119921545 1.0388590097427368 0.0015221728244796
2452134.890463556 1.0351954698562622 0.0015201583737507
2452134.969629389 1.0311651229858398 0.0015183070208877
2452135.048100779 1.026933491230011 0.00151647307211525
2452135.126572163 0.9961560964584352 0.001500904909335
2452135.2057379778 0.9919663071632384 0.0014979373663663
2452135.2849037866 0.9917998313903807 0.0014976651873439
2452135.3633751534 1.002786099910736 0.0015036151162348
2452135.441846514 1.0247185230255127 0.0015150083927437
2452135.5210123057 1.0262213945388792 0.0015157253947108
2452135.6001780913 1.0293072462081907 0.001517120283097
2452135.678649435 1.0329423546791077 0.00151924870442595
2452135.7571207727 1.0374583005905151 0.001521325437352
2452135.8362865415 1.038095474243164 0.0015216027386486
2452135.9147578683 1.0344008207321167 0.00151988811558105
2452135.992534753 1.0256174206733704 0.0015153000131249
2452136.072394942 1.0131996870040891 0.0015083228936418
2452136.150866252 0.9980994462966918 0.00150049477815625
2452136.2300319932 0.98168084025383 0.00149185839109115
2452136.308503292 0.9651760458946228 0.0014836881309747
2452136.387669022 0.9083157777786256 0.0014524267753586
2452136.4682236193 0.8900521993637086 0.0014435624470934
2452136.5453060297 0.8912212252616881 0.00144495663698755
2452136.6223884355 0.9245607852935792 0.0014626396587118
2452136.7036374523 0.9581098556518555 0.0014790283166803
2452136.786969771 0.971895784139633 0.0014879556838422502
2452136.8598855454 0.9871284365653992 0.0014960468979552
2452136.939051238 1.004741072654724 0.0015047156484797
2452137.018216925 1.0199882984161377 0.0015128154773265
2452137.096688171 1.0328184366226196 0.0015194622101262
2452137.1751594124 1.0413883924484253 0.0015232445439323
2452137.254325084 1.0438270568847656 0.0015246735420078
2452137.3327963147 1.0426957011222837 0.0015240020002238001
2452137.4112675404 1.0394775867462158 0.0015225406968966
2452137.4904331965 1.0348100662231443 0.001520067686215
2452137.5695988475 1.0311701297760008 0.0015178382163867
2452137.648070058 0.9975557625293732 0.0015016415272838999
2452137.7265412635 0.995929479598999 0.0015001270221546
2452137.805706899 0.9964471459388734 0.0015004950109869
2452137.8848725297 1.0149863958358765 0.0015103912446647
2452137.96334372 1.0269529223442078 0.00151630537584415
2452138.041814906 1.028294324874878 0.0015165123622864
2452138.1209805217 1.0316765308380127 0.0015183815266937
2452138.199451697 1.0367982387542725 0.00152114173397415
2452138.2779228683 1.0410524606704712 0.0015229922719299
2452138.357088469 1.0415774583816528 0.0015237276675179
2452138.436254065 1.0361599922180176 0.0015212073922157
2452138.5147252213 1.0268020033836365 0.00151622592238705
2452138.593196373 1.0125434398651123 0.0015095642302185
2452138.6723619546 0.996633529663086 0.0015011153882369
2452138.7515275315 0.980453073978424 0.0014915934298187
2452138.8299986683 0.9630997776985168 0.0014841482043266
2452138.9084698013 0.9026626348495485 0.0014519424876198
2452138.987635364 0.8905511498451234 0.0014461072860285
2452139.066106487 0.8938463032245635 0.0014480155659839
2452139.1445776056 0.943536102771759 0.0014725783839821
2452139.223743154 0.9618096947669984 0.0014832029119133
2452139.3029086986 0.9762853980064392 0.0014903938863426
2452139.3813798036 0.9928597807884216 0.00149881595280015
2452139.459850904 1.0107709169387815 0.0015080641023814
2452139.539016434 1.0265527963638303 0.00151592947077
2452139.6174875256 1.0381773710250854 0.001521918864455
2452139.695958613 1.0451078414916992 0.001525780884549
2452139.7751241303 1.0466994047164917 0.0015264226822182
2452139.854289643 1.0444916486740112 0.0015253541059792
2452139.9320662827 1.0415303707122805 0.0015240893699228
2452140.011231787 1.0372381210327148 0.0015213761944323
2452140.0903972867 1.0302608013153076 0.0015176143497228
2452140.1695627826 1.000033259391785 0.0015029717469587
2452140.24803384 1.000518560409546 0.0015028802445158
2452140.326504894 1.0007654428482056 0.0015034314710646
2452140.4056703774 1.0256052017211914 0.0015175297157838
2452140.4841414234 1.030043363571167 0.0015210077399387002
2452140.562612465 1.0316016674041748 0.0015241833170875
2452140.641777937 1.0349484682083128 0.0015268204733729
2452140.7209434053 1.0387643575668335 0.0015306442510336
2452140.7994144363 1.0427213311195371 0.0015355189098045
2452140.877885463 1.041971445083618 0.0015387460589408
2452140.957050921 1.036470890045166 0.0015385837759822
2452141.0362163754 1.0252193212509155 0.001535479677841
2452141.114687393 1.0106200575828552 0.0015329560264944501
2452141.193158407 0.9947654604911804 0.0015280501684173
2452141.2723238524 0.9778345227241516 0.0015204272931441
2452141.350794861 0.9531842470169067 0.0015095151611602999
2452141.4292658675 0.902711510658264 0.001493671326898
2452141.508431305 0.8922447562217712 0.0014994862722232
2452141.5875967406 0.8983575105667113 0.0015177993336692
2452141.666762174 0.952863872051239 0.0015502658206969
2452141.744538739 0.963728129863739 0.001565117156133
2452141.8243986033 0.9775269031524658 0.0015907519264146
2452141.9028695994 0.9946693778038026 0.0016235708026215
