2451438.1216452685 1.0887463092803955 0.0028759445995092
2451438.198036978 0.8691354393959044 0.00263232877478
2451438.2744286763 1.1289525032043457 0.0027519648429006
2451438.3501258907 0.8743561506271362 0.0025113039882853
2451438.4279064983 1.1079896688461301 0.0026484054978936503
2451438.5056870864 0.8589700162410736 0.00244762899819755
2451438.5793008395 1.1258084774017334 0.00265140028204765
2451438.656386919 0.8685067892074586 0.0024540752638131
2451438.7313895705 1.1043400764465332 0.0026372992433607
2451438.80778114 0.838779330253601 0.0024312883615493
2451438.8834782187 1.1248397827148438 0.00265060667879875
2451438.9612586824 0.8808674216270447 0.0024651063140481
2451439.0376501875 1.1068072915077207 0.00263700878713275
2451439.113347204 0.8403085470199586 0.0024348467122763
2451439.189738667 1.127126097679138 0.0026534320786595
2451439.2647411753 0.8724949955940247 0.0024587661027908
2451439.3418270657 1.105739176273346 0.00263622973579905
2451439.4175240016 0.8473283648490906 0.0024405100848525
2451439.493915385 1.1191126108169556 0.0026475982740521
2451439.570306748 0.9098477959632872 0.0024890874046832
2451439.6466980926 1.095814824104309 0.0026282859034836
2451439.7230894174 0.920822024345398 0.002497524023056
2451439.7987862574 1.0878183841705322 0.0026228720089420503
2451439.8744830787 0.999053955078125 0.0025578981731086
2451439.950874348 1.0550878047943115 0.0025996153708547
2451440.0272655995 1.00473952293396 0.0025612276513129
2451440.1036568326 1.0452698469161987 0.0025906558148562
2451440.1800480485 1.0646744966506958 0.0026070361491292
2451440.2564392462 1.013041853904724 0.0025685329455882
2451440.3321359614 1.0590617656707764 0.0026019391370937003
2451440.40783266 0.9688513875007628 0.0025352011434733
2451440.4842238063 1.1086506843566897 0.0026378477923572
2451440.5606149356 0.9350742101669312 0.002508579287678
2451440.6370060486 1.0954028367996216 0.0026281371247023
2451440.7133971453 0.8739364743232726 0.0024600301403552
2451440.7897882247 1.1290749311447144 0.002653588540852
2451440.866179289 0.8779818415641784 0.0024620746262371
2451440.9418758717 1.1102484464645386 0.0026409655110909997
2451441.009238873 0.8041359782218933 0.0024050083011388
2451441.0911856005 1.1299200057983398 0.0026562297716736
2451441.1766046276 0.8951304256916046 0.0024787249276414
2451441.2446620497 1.117029845714569 0.0026457333005964
2451441.3252197984 0.8600846529006958 0.0024486045585945
2451441.400221825 1.1324934363365173 0.0026561018312349
2451441.4759182995 0.8839340806007385 0.0024697144981473
2451441.549531371 1.1164575815200803 0.0026449989527463
2451441.6280056667 0.8389390408992767 0.0024320654338225002
2451441.703702097 1.1285226345062256 0.0026545680593699
2451441.780092974 0.8806443214416504 0.0024651025887578
2451441.856483837 1.1133617162704468 0.002643515355885
2451441.934263609 0.8409408926963806 0.0024346653372049
2451442.009265518 1.11850106716156 0.0026468769647181
2451442.0856563365 0.9075659513473512 0.0024889714550226
2451442.160658216 1.09556782245636 0.0026315266732126
2451442.2370490055 0.9348655939102172 0.0025134058669209
2451442.31343978 1.0823218822479248 0.0026220711879432
2451442.3898305404 1.0042595863342283 0.0025625142734497
2451442.466221286 1.0557032823562622 0.0026012628804892
2451442.542612018 1.0076609849929807 0.0025679601822048
2451442.618308274 1.0388246774673462 0.0025899386964738
2451442.694004516 1.0632284879684448 0.0026071032043546
2451442.7703952054 1.0086572170257568 0.0025659296661615
2451442.84678588 1.0645315647125244 0.0026087895967066
2451442.923176541 0.9711824059486388 0.0025370002258569
2451442.9995671874 1.1021770238876345 0.0026381460484117
2451443.0759578203 0.9430241584777832 0.0025167316198349
2451443.152348439 1.093095302581787 0.0026312093250453
2451443.2280445835 0.8684764504432678 0.00245881848968565
2451443.3037407147 1.1297781467437744 0.0026578879915177
2451443.3801312917 0.8840870261192322 0.0024690278805792
2451443.4565218547 1.111636519432068 0.002645659726113
2451443.5329124043 0.8507829904556273 0.0024456130340695
2451443.60930294 1.1301983594894407 0.0026566525921225
2451443.6856934614 0.8833939433097838 0.0024690106511116
2451443.7613895107 1.1142218708992004 0.0026452549500390003
2451443.8370855465 0.8521944880485535 0.002444124314934
2451443.913476027 1.1307809352874756 0.0026594286318868
2451443.9898664947 0.8858293890953064 0.0024735725019127
2451444.077368286 1.122458815574646 0.002649453934282
2451444.144036305 0.8471947312355042 0.0024404982104897
2451444.2204267313 1.1323115825653076 0.0026595855597406
2451444.2954282276 0.8786425590515136 0.002467340324074
2451444.371124169 1.1144765615463257 0.0026464054826646497
2451444.4468200966 0.8552380800247192 0.0024481015279889
2451444.523210469 1.1184773445129397 0.0026480222586542
2451444.599600828 0.9227666258811952 0.0025020348839461
2451444.6759911734 1.0982354879379272 0.0026359625626355
2451444.752381505 0.9304730892181396 0.0025111939758062
2451444.8287718236 1.0861190557479858 0.0026258253492414
2451444.9044676716 1.008904755115509 0.0025662685511633502
2451444.9801635058 1.0562735795974731 0.0026036680210381
2451445.0565537843 1.0238091945648191 0.0025784752797335
2451445.132944049 1.0440229177474976 0.0025930344127118
2451445.209334301 1.0707966089248655 0.0026138192042708
2451445.2857245384 1.011932134628296 0.0025696919765323
2451445.3621147634 1.0657068490982056 0.0026101791299879
2451445.4385049744 0.9738202691078186 0.002540540182963
2451445.5142007163 1.110493779182434 0.0026440948713570504
2451445.5898964447 0.9265972375869752 0.0025051042903214
2451445.6662866157 1.1010326147079468 0.0026381476782262
2451445.7426767736 0.8675006628036499 0.0024582699406892
2451445.8190669175 1.131485939025879 0.0026614405214786
2451445.895457049 0.8887922763824464 0.0024787662550807
2451445.9718471663 1.1193820238113403 0.0026513217017054
2451446.0475428156 0.8467822074890137 0.0024436861276625997
2451446.1232384513 1.1374536752700803 0.0026636868715286
2451446.199628529 0.8850991725921632 0.00247309403494
2451446.2760185935 1.11622416973114 0.0026509724557399
2451446.3524086443 0.854666829109192 0.002450484316796
2451446.428798682 1.1367620229721067 0.0026657860726118
2451446.5051887063 0.8867127299308778 0.0024739119689911
2451446.581578717 1.1177848577499387 0.0026508925948292
2451446.65727426 0.8468742072582245 0.0024463832378387
2451446.73296979 1.1349512338638303 0.0026620535645633
2451446.8093597614 0.889696478843689 0.0024777157232165
2451446.8857497186 1.1180684566497805 0.0026507251895964
2451446.962139663 0.8546299934387206 0.0024512698873877
2451447.0426963167 1.1376811265945435 0.00266520585864775
2451447.1149195107 0.9271889328956604 0.0025057308375835
2451447.190614961 1.1027596592903135 0.0026409036945551
2451447.2663103985 0.9496567249298096 0.0025283542927354
2451447.342700276 1.0840828418731687 0.0026271434035152
2451447.4190901397 1.0211327075958252 0.0025805230252444
2451447.4954799907 1.0623973608016968 0.0026135384105145
2451447.5718698273 1.0246286392211914 0.0025825144257396
2451447.6482596514 1.039383053779602 0.0025964600499719
2451447.724649462 1.0692766904830933 0.0026195598766207
2451447.800344806 1.0120158791542053 0.0025787290651350997
2451447.876040138 1.071763277053833 0.0026235277764499
2451447.9524299083 0.9574087858200072 0.0025395082775503
2451448.028819666 1.1161226034164429 0.0026566397864371
2451448.1052094097 0.9316675662994384 0.0025186748243868
2451448.1815991406 1.1061891317367551 0.0026501077227294
2451448.257988858 0.8650315999984741 0.0024692402221262
2451448.333684111 1.1386420726776123 0.0026786988601088003
2451448.409379351 0.8906556367874146 0.0024932427331805
2451448.4857690292 1.117462396621704 0.0026650452055037
2451448.562158695 0.8553129434585571 0.0024676723405718
2451448.6385483476 1.135953903198242 0.0026804886292666
2451448.7149379877 0.8882103562355042 0.0024908252526074
2451448.7913276143 1.115715742111206 0.0026635902468115
2451448.8677172293 0.8529628515243529 0.0024617556482553
2451448.943412381 1.137995719909668 0.0026769179385155
2451449.0191075206 0.8946692943572998 0.002495480235666
2451449.0954970997 1.1185091733932495 0.0026662761811167
2451449.1718866667 0.8491443395614624 0.0024597365409135
2451449.248276223 1.1331918239593504 0.0026761840563267
2451449.3246657676 0.8929196000099182 0.0024935582187026
2451449.401055303 1.1221570968627927 0.0026662072632461
2451449.4767503785 0.8484646081924438 0.0024599988246336
2451449.5524454443 1.1208131313323977 0.0026688380166888
2451449.628834953 0.941314160823822 0.0025330209173262
2451449.7052244544 1.097794771194458 0.0026498050428926
2451449.7816139506 0.9470026493072508 0.0025362442247569
2451449.8580034417 1.084099054336548 0.0026367658283561
2451449.9343929314 1.019377827644348 0.0025894283317029
2451450.0038379217 1.0273293256759644 0.0026009280700236
2451451.5663565206 0.957025468349457 0.0026981162372976
2451451.61080165 1.1223196983337402 0.0027665959205478
2451451.6871917048 0.8541034460067749 0.0024891197681427
2451451.7621928314 1.1352722644805908 0.0026712408289313
2451451.8385828487 0.8898009657859801 0.0024839635007083
2451451.914278391 1.1231460571289062 0.00265914504416285
2451451.992057274 0.8503325879573821 0.0024510256480425
2451452.0698361346 1.1252127885818481 0.002659682999365
2451452.146226064 0.917566180229187 0.00250484468415375
2451452.2205326105 1.098189115524292 0.0026415602769702
2451452.2969224956 0.947345733642578 0.0025257950183004
2451452.372617906 1.082566261291504 0.0026295275893062
2451452.4490077468 1.020877480506897 0.00258300988934925
2451452.524703114 1.0608294010162351 0.0026108205784112
2451452.6010929127 1.0304114818572998 0.002588405739516
2451452.6774826897 1.0353834629058836 0.0025952709838747
2451452.7538724463 1.0786980390548706 0.0026279480662196
2451452.830262182 1.011252522468567 0.0025756491813808
2451452.9059574455 1.0771026611328125 0.0026257985737174003
2451452.981652689 0.952347218990326 0.0025332127697765
2451453.0580423656 1.1275269985198977 0.0026609189808368
2451453.134432022 0.9275851249694824 0.002512069651857
2451453.2108216593 1.1092031002044676 0.0026520998217165
2451453.2872112775 0.8567067384719848 0.0024568252265453
2451453.3636008776 1.138088941574097 0.0026687970384955
2451453.439990459 0.8903791308403014 0.002483488060534
2451453.5156855714 1.1239174604415894 0.0026579953264444503
2451453.5913806665 0.8488072752952575 0.0024500964209437
2451453.667770194 1.1389321088790891 0.0026713283732533
2451453.744159704 0.8929477334022523 0.0024853551294654
2451453.820549196 1.1238054037094116 0.0026596044190227
2451453.8969386714 0.8517094254493713 0.0024523166939616
2451453.973328129 1.137667179107666 0.0026686675846576
2451454.0490231207 0.8873254656791687 0.0024811800103633997
2451454.124718096 1.122563362121582 0.0026600623968988
2451454.201107504 0.8519542813301086 0.0024520808365195
2451454.2774968953 1.1381611824035645 0.0026705481577664
2451454.35388627 0.8842970132827759 0.0024791955947875
2451454.4302756293 1.1223763227462769 0.0026590472552925
2451454.5066649714 0.8526642322540283 0.0024532142560929
2451454.5761098145 1.09209406375885 0.0026356601156294
2451454.6587491604 0.9462802410125732 0.0025278396205976
2451454.7344440077 1.0985423326492307 0.0026415046304464
2451454.8108332874 0.9621644616127014 0.002541584894061
2451454.887222551 1.0839219093322752 0.0026299781166017
2451454.9636117993 1.027625560760498 0.0025861950125545
2451455.040001032 1.0602723360061643 0.002611567499116
2451455.11639025 1.0351794958114624 0.0025943666696548
2451455.192085005 1.0338225960731506 0.0025918170576914503
2451455.2677797456 1.0886260271072388 0.002633495023474
2451455.3441689177 1.0089313983917236 0.002573185134679
2451455.4205580754 1.0801948308944702 0.0026267278008162
2451455.4969472177 0.9602420926094056 0.0025363122113049
2451455.573336345 1.1205114126205444 0.0026572877541184
2451455.649725458 0.9346473217010498 0.0025158124044537
2451455.726114556 1.1127643585205078 0.0026511759497225
2451455.8018091936 0.8523637354373932 0.0024538700236007
2451455.877503816 1.13765811920166 0.0026700934395194
2451455.953892871 0.8925389647483826 0.0024805690627545
2451456.0302819107 1.1270084381103516 0.0026603629812598
2451456.106670936 0.8576544523239135 0.0024564934428781
2451456.1830599476 1.1381366252899168 0.0026693493127822
2451456.2594489437 0.892091929912567 0.0024835385847836
2451456.3351434814 1.1266292333602905 0.00266169256065035
2451456.4108380037 0.8550747632980346 0.0024548289366066
2451456.4872269584 1.1388015747070312 0.0026686529163271
2451456.5636158977 0.8931357264518738 0.0024833029601722
2451456.640004824 1.126917004585266 0.0026604810263961
2451456.716393735 0.8586381673812865 0.002456183778122
2451456.7927826326 1.1362459659576416 0.0026692331302911
2451456.869171516 0.8957905769348145 0.0024846154265105
2451456.944865941 1.1260621547698975 0.0026584924198686504
2451457.0205603526 0.8655358552932739 0.0024615775328129
2451457.096949194 1.1227648258209229 0.0026578661054372
2451457.173338022 0.9537111520767214 0.0025324902962893
2451457.2497268356 1.1012630462646484 0.0026426815893501
2451457.3261156357 0.9636918306350708 0.0025384773034602
2451457.402504422 1.085487723350525 0.002628308488056
2451457.478198751 1.0331552028656006 0.0025914497673511
2451457.553198623 1.0546977519989014 0.0026071830652653503
2451457.634448469 1.0150985717773435 0.00257905642502
2451457.7066705422 1.0336740016937256 0.0025925054214894
2451457.783059259 1.0921640396118164 0.0026338151656091
2451457.8594479626 1.004240870475769 0.0025674912612885
2451457.9358366523 1.0826575756072998 0.0026283378247171
2451458.012225329 0.9610041379928588 0.0025344030000269
2451458.087919548 1.1276142001152039 0.0026605821913108
2451458.1636137553 0.9240410327911378 0.0025084211956709
2451458.2400023905 1.117864012718201 0.0026537524536252
2451458.316391012 0.8581752181053162 0.0024574822746217
2451458.3927796204 1.140752196311951 0.002669827081263
2451458.4691682146 0.8911983966827391 0.0024838533718138
2451458.545556796 1.1264851093292236 0.0026601247955113
2451458.6219453625 0.8594216108322142 0.0024567376822233
2451458.6976394746 1.1470159888267517 0.00267412560060615
2451458.7733335732 0.8939893841743469 0.002484839875251
2451458.8497221004 1.1276385784149168 0.0026601296849548
2451458.926110613 0.8596210479736328 0.0024564312770962
2451459.0024991124 1.1433275938034055 0.0026723644696176
2451459.0788875986 0.8947394490242003 0.0024865020532161
2451459.1552760703 1.1297826766967771 0.0026619029231369
2451459.2309700893 0.8525061011314391 0.00245260889641935
2451459.3066640934 1.1418931484222412 0.0026707963552325
2451459.3830525256 0.8923001289367675 0.0024825688451528
2451459.4594409433 1.1252025365829468 0.0026593024376779
2451459.535829348 0.8645365238189697 0.0024609540123492
2451459.6122177388 1.1230921745300293 0.0026553152129054
2451459.6886061165 0.9520580172538756 0.002531249076128
2451459.7649944806 1.1013548374176023 0.002639714628458
2451459.840688391 0.964308887720108 0.0025378026766702
2451459.9163822886 1.077462077140808 0.0026241273153573
2451459.992770612 1.0368380546569824 0.0025959932245314
2451460.069158922 1.058443546295166 0.0026116226799786
2451460.1455472177 1.0399209260940552 0.0025963014923036
2451460.2219355004 1.0350716114044187 0.0025914884172379
2451460.298323769 1.0956523418426511 0.0026379786431789
2451460.374017586 1.0027397274971008 0.002568420022726
2451460.4497113894 1.091896414756775 0.0026327141094952
2451460.5260996176 0.947631597518921 0.002524270908907
2451460.6073489003 1.1167590022087097 0.0026529349852353
2451460.678876033 0.9216387271881104 0.0025056374724954
2451460.7552642203 1.121050477027893 0.0026563662104308
2451460.831652394 0.8577734827995299 0.0024569551460444
2451460.9080405543 1.1396520137786863 0.0026708762161433
2451460.983734262 0.8909503519535065 0.0024844516301527
2451461.059427958 1.1280903816223145 0.0026616544928401
2451461.1358160777 0.8557133674621582 0.0024550224188715
2451461.212204183 1.141448974609375 0.0026698661968111
2451461.2885922748 0.8995926380157471 0.0024875055532902
2451461.3649803526 1.1293455362319946 0.0026603566948324
2451461.4413684173 0.8546531200408934 0.002454895991832
2451461.517062031 1.1441839933395386 0.0026726125506684
2451461.592755632 0.8917399048805236 0.0024848924949765
2451461.6691436553 1.1266549825668335 0.002660333411768
2451461.7455316656 0.8568038940429686 0.0024583577178418
2451461.8219196624 1.1431382894515991 0.0026729628443717
2451461.8983076448 0.8970775008201598 0.0024851788766682
2451461.9746956145 1.1236125230789185 0.0026587813626974
2451462.05108357 0.8651896715164183 0.002460469957441
2451462.126777077 1.1195306777954102 0.00265489984303705
2451462.20247057 0.9689245223999025 0.0025411793030798
2451462.2788584856 1.0980890989303589 0.0026380650233477
2451462.355246389 0.9753879904747008 0.0025488615501672
2451462.431634278 1.0809478759765625 0.0026255473494529
2451462.5080221547 1.0460803508758545 0.0026002970989793
2451462.5844100183 1.0649510622024536 0.0026128429453819
2451462.66079787 1.045377492904663 0.002598148304969
2451462.736491274 1.0277748107910156 0.0025857860455288997
2451462.8121846663 1.096435308456421 0.0026373614091426
2451462.888572482 1.0029566287994385 0.0025683143176138
2451462.9649602864 1.0864580869674685 0.0026301669422537
2451463.0413480806 0.944552421569824 0.0025234478525817
2451463.1177358646 1.1311882734298706 0.0026613671798259
2451463.19412364 0.9193546175956726 0.0025028213858604
2451463.2698169732 1.1234225034713745 0.0026554483920334998
2451463.3455103002 0.8571294546127318 0.00245296000503
2451463.4218980563 1.141778588294983 0.002669904846698
2451463.49828581 0.893558144569397 0.0024830787442624
2451463.569812524 1.1314930915832517 0.00266248709522185
2451463.6246728203 0.8532525897026062 0.0025159232318401
2452174.2686900315 1.1457537412643433 0.0026478939689695
2452174.336747357 0.8939160108566285 0.0024547243956476
2452174.413138214 1.143235445022583 0.0026495412457734
2452174.489529051 0.8447883129119873 0.0024163394700735
2452174.5659198686 1.1402698755264282 0.0026481186505407
2452174.642310667 0.8894184231758117 0.0024522060994058
2452174.7187014464 1.1446670293807983 0.0026512551121413
2452174.794397746 0.8424363732337952 0.0024142436450346498
2452174.870094027 1.1388708353042605 0.0026448089629411
2452174.9464847515 0.8947198390960692 0.0024552885442972
2452175.022875458 1.1431156396865845 0.002648971742019
2452175.099266147 0.873196005821228 0.0024367934092879
2452175.1756568183 1.1066412925720217 0.0026202576700598
2452175.252047472 0.9519575834274292 0.0025029384996742
2452175.3284381093 1.1124428510665891 0.0026273098774254
2452175.404134269 0.9770280122756958 0.00252283795271065
2452175.479830412 1.0623400211334229 0.0025876383297145
2452175.556220999 1.037455916404724 0.0025691585615277
2452175.6326115695 1.0662493705749512 0.0025913561694324
2452175.7090021237 1.0545356273651123 0.0025829577352851
2452175.7853926616 1.0096698999404907 0.0025474266149103
2452175.8617831836 1.0875625610351562 0.0026096005458384
2452175.937479231 1.006602704524994 0.0025442374171688502
2452176.0131752626 1.10295033454895 0.0026190804783254
2452176.0895657376 0.924599289894104 0.0024822365958243
2452176.1659561964 1.1276473999023435 0.002637589816004
2452176.2423466407 0.9231101870536804 0.0024796514771878
2452176.318737069 1.140392780303955 0.002646860666573
2452176.3951274827 0.8432801961898804 0.0024167543742805
2452176.471517881 1.136392831802368 0.0026453272439539
2452176.547213807 0.8876913785934448 0.0024519596481695502
2452176.6229097173 1.1473208665847778 0.0026509568560868
2452176.6993000708 0.8460607528686523 0.0024161720648407
2452176.77569041 1.1355239152908323 0.0026432634331285
2452176.8520807335 0.8979555964469909 0.0024586126673966
2452176.9284710432 1.14472234249115 0.0026511496398597
2452177.004861338 0.8443729877471923 0.0024137317668646
2452177.080557162 1.1330717802047727 0.002641009283252
2452177.1562529714 0.8910155892372131 0.0024544917978346
2452177.2326432234 1.1453266143798828 0.0026509186718612
2452177.309033461 0.8388274908065795 0.0024108185898512
2452177.385423684 1.1331292390823364 0.0026426808908581
2452177.4625083497 0.888670116662979 0.0024517435813322
2452177.5382040874 1.1419048309326172 0.0026485524140298
2452177.6145942686 0.8663829565048218 0.0024331377353519
2452177.69028998 1.104339361190796 0.0026205299654975
2452177.7659856766 0.9615598917007446 0.0025142952799797
2452177.8423758154 1.1113401651382446 0.0026255929842591
2452177.9187659407 0.980423092842102 0.0025243877898901
2452177.9951560516 1.0590745210647583 0.0025865770876407
2452178.071546149 1.0360695123672483 0.0025704309809952
2452178.1479362324 1.0692921876907349 0.0025958304759114
2452178.2236318467 1.0546944737434387 0.0025821193121373003
2452178.299327448 1.0037038326263428 0.0025429090019315
2452178.3757174904 1.0929501056671145 0.0026110608596354
2452178.452107519 0.99653160572052 0.0025377185083925
2452178.5284975343 1.1056102514266968 0.0026217747945338
2452178.604887536 0.9244192242622375 0.0024826889857649
2452178.6812775233 1.126833438873291 0.002638482954353
2452178.7576674977 0.9181425571441648 0.0024765958078205
2452178.833363004 1.1350722908973694 0.0026444633258505996
2452178.9090584973 0.8398541212081909 0.0024120963644236
2452178.985448431 1.1327130794525146 0.0026421367656439
2452179.0618383517 0.8880574703216552 0.0024490668438375
2452179.1382282586 1.1425917148590088 0.0026494986377656
2452179.214618152 0.839108943939209 0.0024121438618749
2452179.291008032 1.1333338022232056 0.0026409944985061
2452179.366703445 0.8858812153339386 0.0024495190009474503
2452179.442398845 1.1415432691574097 0.0026498090010136
2452179.5236498564 0.8159556984901428 0.0023913810728117
2452179.595178512 1.1318764686584473 0.0026421835646033
2452179.6715683253 0.8868880867958068 0.0024495963007211
2452179.747958125 1.1417014598846436 0.0026495875790715
2452179.824347912 0.8399931788444518 0.0024139594752341
2452179.900737685 1.131722331047058 0.0026416818145662
2452179.9764329926 0.8860180377960205 0.0024516764096915
2452180.052128287 1.1429908275604248 0.0026502774562686
2452180.1285180207 0.882294774055481 0.0024459790438413
2452180.204907741 1.10110604763031 0.0026188003830611
2452180.2812974476 0.9646875858306884 0.0025116398464888
2452180.3576871413 1.112113118171692 0.0026261280290782
2452180.434076822 0.9748732447624208 0.0025219025555998
2452180.509772037 1.0591540932655334 0.0025848504155873498
2452180.58546724 1.041770100593567 0.0025742184370756
2452180.6618568804 1.059906244277954 0.0025851698592305
2452180.738246508 1.0619529485702517 0.0025878292508423
2452180.8146361224 1.0092914104461668 0.0025479851756244
2452180.8910257234 1.093186855316162 0.0026123204734176
2452180.967415311 0.999453604221344 0.0025407013017684
2452181.0438048854 1.1029348373413084 0.0026200278662145
2452181.119499996 0.9191632568836211 0.00247819605283435
2452181.1951950933 1.1283674240112305 0.0026405733078718
2452181.271584628 0.903856098651886 0.0024655188899487
2452181.3479741495 1.1406019926071167 0.0026493703480809
2452181.424363658 0.841967761516571 0.0024149636738002
2452181.5007531526 1.1291359663009644 0.0026403488591313
2452181.577142634 0.8839364647865294 0.0024508468341082
2452181.6528376527 1.1399731040000916 0.0026480918750166503
2452181.7285326584 0.8373511433601379 0.0024126013740897
2452181.8049221 1.1307116746902464 0.0026402813382446
2452181.8813115284 0.8918396234512329 0.0024556634016335
2452181.9577009436 1.136008381843567 0.0026474937330931
2452182.0340903453 0.8460435271263121 0.0024178109597414
2452182.110479734 1.1264384984970093 0.002638979582116
2452182.186869109 0.8917742967605591 0.0024558445438742
2452182.262564022 1.1403103470802307 0.0026478987419977
2452182.3382589216 0.8413926362991333 0.0024166693910956
2452182.4146482567 1.1281554698944092 0.0026395979803055
2452182.4910375783 0.8813626766204835 0.0024471513461321
2452182.5674268864 1.134677767753601 0.0026437572669237
2452182.643816181 0.8768661022186278 0.0024426984600722
2452182.7202054625 1.0960257053375244 0.0026153947692364
2452182.7959002825 0.965801179409027 0.0025149371940641997
2452182.871595089 1.0921449661254885 0.0026128788013011
2452182.94798433 0.9902159571647644 0.0025348730850964
2452183.024373557 1.0517064332962036 0.0025816711131483
2452183.100762771 1.0423139333724976 0.0025740696582943
2452183.177151971 1.059067964553833 0.0025880043394863
2452183.253541158 1.052953600883484 0.0025853996630758
2452183.329930331 1.0055744647979736 0.0025486471131443
2452183.4056250434 1.088261365890503 0.00261159706860775
2452183.4813197427 0.9856298565864564 0.0025328733026981
2452183.5577088753 1.1035597324371336 0.0026229741051793
2452183.634097994 0.9084144830703736 0.0024719899520277
2452183.710487099 1.1247462034225464 0.0026412610895931
2452183.78687619 0.9013717174530028 0.0024652702268213
2452183.863265268 1.1332852840423584 0.0026470588054507
2452183.9389598854 0.8365136384963989 0.00241327274125065
2452184.01465449 1.1242891550064087 0.0026432638987898
2452184.0910435272 0.8830633759498595 0.0024582801852375
2452184.1674325503 1.134263515472412 0.0026508015580475
2452184.2438215595 0.8387879133224486 0.0024199711624532
2452184.3202105556 1.123560070991516 0.0026430797297507
2452184.396599537 0.8825594782829284 0.0024580664467066
2452184.472988506 1.1340229511260986 0.0026525149587541
2452184.5486830156 0.8355790376663207 0.0024214283330365504
2452184.624377513 1.1265287399291992 0.0026499647647142
2452184.700766441 0.887703537940979 0.0024674944579601
2452184.777155356 1.13102924823761 0.0026588416658341
2452184.8535442576 0.8320214748382568 0.0024290971923619
2452184.9299331466 1.1223551034927368 0.0026567559689283
2452185.0063220225 0.8821172714233398 0.0024776640348136
2452185.082710886 1.1273307800292969 0.0026689472142606
2452185.134794195 1.0816561579704285 0.0026400998467579
2452187.22576882 0.8374452590942384 0.0025021848268806
2452187.2924359497 1.1400158405303955 0.0026561380364
2452187.3688253593 0.8424910902976989 0.0024201422929763
2452187.4445203054 1.1261939406394958 0.00264193268958475
2452187.5202152343 0.8850416541099548 0.0024540345184504
2452187.5966045917 1.1339377164840698 0.0026478201616555
2452187.672993928 0.8923268914222717 0.0024589335080236
2452187.749383243 1.09342360496521 0.0026166108436882
2452187.8257725346 0.966381788253784 0.0025162894744426
2452187.902161804 1.100900173187256 0.0026217976119369
2452187.977856603 0.992620438337326 0.0025381006998941
2452188.054245827 1.0498183369636536 0.0025816316483542002
2452188.129940582 1.0424567461013792 0.002576598431915
2452188.206329762 1.0553065538406372 0.0025855267886072
2452188.2827189206 1.0612164735794067 0.0025901673361659
2452188.359108058 0.9990103244781494 0.0025403616018593
2452188.4354971736 1.0891181230545044 0.0026097460649907
2452188.511886269 0.9908674359321592 0.0025357631966471
2452188.5875808983 1.1086155772209167 0.0026251237140968
2452188.6632755073 0.8948078155517578 0.0024609228130429
2452188.739664543 1.124851107597351 0.0026392703875899
2452188.816053559 0.8954405188560487 0.0024617614690214
2452188.8924425556 1.1365299224853516 0.0026474541518837
2452188.968831533 0.8450078368186951 0.0024180677719414
2452189.0452204924 1.1240593194961548 0.0026377900503575
2452189.120914988 0.8819110095500946 0.00244955543894315
2452189.196609467 1.141138792037964 0.0026493712794035
2452189.2729983716 0.8424264788627625 0.0024152980186045
2452189.3493872588 1.1219440698623655 0.0026348151732236
2452189.4257761287 0.8850751519203186 0.0024501266889274
2452189.502164981 1.1418107748031616 0.0026483994442969
2452189.5785538163 0.8455885648727418 0.0024175718426704
2452189.6549426345 1.1258935928344729 0.0026361346244812
2452189.7306369925 0.882324993610382 0.0024497450795024
2452189.8063313337 1.1417449712753296 0.0026486131828278
2452189.8827201026 0.8449415564537048 0.0024172004777938
2452189.9591088546 1.1271561384201048 0.002637397032231
2452190.0354975904 0.8904341459274293 0.0024535693228244
2452190.1118863104 1.1376498937606812 0.0026468595024198
2452190.1882750145 0.8915535807609558 0.0024560266174376
2452190.2639692603 1.0873607993125916 0.0026087870355695
2452190.33966349 0.975598096847534 0.002522928873077
2452190.4160521473 1.097865343093872 0.0026166946627199
2452190.492440789 0.9967901110649108 0.0025380081497132
2452190.5688294154 1.0445839166641235 0.0025788717903196
2452190.6452180264 1.0444381237030027 0.0025759832933545
2452190.721606622 1.0511963367462158 0.0025798175483942
2452190.7979952027 1.061962604522705 0.0025885687209665
2452190.8736893265 0.987957239151001 0.0025323561858385003
2452190.949383436 1.0913937091827393 0.0026091118343174
2452191.025771972 0.9739112257957456 0.0025230434257537
2452191.1021604934 1.1123863458633425 0.0026281320024281
2452191.1785489996 0.9014800786972044 0.0024617642629891
2452191.2549374914 1.1212477684020996 0.0026320582255721
2452191.3313259687 0.8925139904022216 0.0024535879492759
2452191.407714431 1.1400079727172852 0.0026458145584911
2452191.483408439 0.8416121006011963 0.0024110707454383
2452191.559102433 1.121888518333435 0.0026340463664382
2452191.6354908524 0.8892629146575927 0.0024524955078959
2452191.7118792576 1.1385891437530515 0.0026438445784151
2452191.788267649 0.8439425826072691 0.0024141571484506
2452191.864656026 1.121432185173035 0.0026311338879168
2452191.9410443883 0.8838192224502563 0.0024464344605803
2452192.0167382974 1.1392041444778442 0.0026441602967679
2452192.092432193 0.8429051041603088 0.0024131978861987
2452192.168820514 1.123535394668579 0.0026315131690353
2452192.245208821 0.8864154815673827 0.0024475608952343
2452192.3215971137 1.1364206075668335 0.0026430245488882
2452192.3979853927 0.8462717533111571 0.0024157310836017
2452192.4743736577 1.123881220817566 0.0026315716095268
2452192.550761909 0.8869633674621582 0.0024454684462398
2452192.6264557084 1.135594666004181 0.00264070928096765
2452192.7021494936 0.9047878980636596 0.0024611700791865
2452192.778537704 1.087433099746704 0.0026052889879792
2452192.8549259007 0.9726605415344238 0.0025182117242366
2452192.9313140833 1.0974574089050293 0.0026135519146919
2452193.007702253 0.9910813570022584 0.0025322341825813
2452193.0840904084 1.0517984628677368 0.0025801709853112
2452193.159784113 1.042402744293213 0.0025700320256873497
2452193.2354778037 1.045268177986145 0.002570595126599
2452193.311865919 1.0728975534439087 0.0025927864480763
2452193.3882540204 0.984917104244232 0.0025258113164454
2452193.459781049 1.110670804977417 0.00262237875722345
2452193.541030183 0.9813373684883115 0.0025221204850822
2452193.617418244 1.1075844764709473 0.0026191861834377
2452193.693806292 0.8984139561653137 0.0024577782023698
2452193.7694998896 1.1246486306190493 0.00263535324484105
2452193.8451934736 0.8822686672210692 0.0024458859115839
2452193.9215814816 1.137923240661621 0.0026428229175508
2452193.9979694756 0.8463841080665587 0.0024144807830452
2452194.0743574565 1.1242510080337524 0.002633091295138
2452194.150745424 0.8865598440170288 0.0024473366793245
2452194.227133378 1.13725745677948 0.0026444997638463
2452194.3028268833 0.8374983668327332 0.0024080361472442
2452194.378520375 1.1232717037200928 0.002632793970406
2452194.4549082895 0.88540118932724 0.0024472924415022
2452194.5312961903 1.1368907690048216 0.0026423630770295
2452194.607684078 0.8423097133636473 0.0024111892562359
2452194.6840719525 1.1237035989761353 0.0026327362284064
2452194.7604598133 0.8803042173385619 0.0024421431589871
2452194.836847661 1.1357244253158567 0.0026424550451338
2452194.9125410607 0.8360374569892883 0.0024073962122201
2452194.9882344473 1.119085907936096 0.0026274130214005
2452195.0646222555 0.8864121437072755 0.0024443289730697
2452195.14101005 1.1336530447006223 0.0026391115970909
2452195.217397832 0.9021135568618774 0.0024591947440057
2452195.294480034 1.088784098625183 0.0026061245007439502
2452195.370173355 0.9723941087722776 0.0025142517406493
2452195.4465610967 1.0888881683349607 0.0026093756314367
2452195.5222543916 1.000269591808319 0.00253665505442765
2452195.5979476734 1.0427130460739136 0.0025699727702885
2452195.6743353754 1.0509467124938965 0.0025743215810507
2452195.750723064 1.0443729162216189 0.0025707548484206
2452195.8271107394 1.069442629814148 0.0025873747654259
2452195.903498401 0.9847328066825866 0.0025241421535611
2452195.97988605 1.0922780036926267 0.0026077150832861
2452196.0555792525 0.9717769622802734 0.0025127087719737998
2452196.1312724417 1.113205313682556 0.0026228134520351
2452196.2076600506 0.8870958089828491 0.0024449154734611
2452196.2840476464 1.1237614154815672 0.0026313769631087
2452196.360435229 0.8818930387496947 0.0024413301143795
2452196.4368227976 1.1380932331085205 0.0026404333766549
2452196.513210353 0.8409860730171204 0.0024083438329398
2452196.589597895 1.1226074695587158 0.002628801157698
2452196.665290992 0.8813133239746094 0.0024425248848274
2452196.740984075 1.13791823387146 0.0026405523531138
2452196.8173715766 0.8413939476013182 0.0024089799262583
2452196.8937590653 1.1204758882522583 0.0026281210593879
2452196.97014654 0.8851035833358765 0.0024416807573288
2452197.046534002 1.1357630491256712 0.0026387891266494
2452197.1229214496 0.8402865529060363 0.0024069638457149
2452197.198614453 1.1209793090820312 0.00262694072443985
2452197.274307443 0.8814154267311096 0.0024408206809312
2452197.35069485 1.1357672214508057 0.0026383479125797
2452197.427082244 0.8427891731262206 0.0024094362743198
2452197.503469624 1.116374969482422 0.0026240292936563
2452197.579856991 0.8834675550460814 0.0024407121818512
2452197.656244344 1.1326051950454712 0.0026343816425651
2452197.7326316833 0.8988127708435057 0.0024532093666493
2452197.808324578 1.0803784132003784 0.0025983203668147
2452197.8840174605 0.978318691253662 0.0025175437331199
2452197.960404759 1.0924623012542725 0.0026061472017318
2452198.036792043 1.005031943321228 0.0025366840418428
2452198.113179314 1.0416728258132937 0.0025654893834143
2452198.189566571 1.0429021120071411 0.0025683394633233
2452198.2659538137 1.04329514503479 0.0025686474982649
2452198.342341043 1.0621904134750366 0.0025827111676335
2452198.418033829 0.9769679307937621 0.0025157781783491
2452198.493726602 1.0920007228851318 0.0026061648968607
2452198.5701137898 0.969871997833252 0.0025096153840422
2452198.646500964 1.1082597970962524 0.0026159181725233
2452198.722888124 0.880398392677307 0.0024374707136303
2452198.7992752707 1.118452548980713 0.0026248483918607
2452198.875662403 0.8860702514648436 0.0024425098672509
2452198.951355094 1.1378635168075562 0.00263945257756855
2452199.027047771 0.839055061340332 0.002405737992376
2452199.103434863 1.118797183036804 0.002624578308314
2452199.1798219415 0.8812328577041627 0.0024399866815656
2452199.2562090065 1.1347618103027344 0.0026363700162619
2452199.3325960585 0.841778576374054 0.0024077568668872
2452199.408983098 1.1217988729476929 0.0026266761124134
2452199.485370124 0.8838813304901123 0.0024411401245743
2452199.5610627113 1.1351583003997803 0.0026373557047918
2452199.6367552867 0.8350726366043091 0.002404288155958
2452199.7131422786 1.1181503534317017 0.0026257259305566
2452199.78952926 0.882756233215332 0.0024425140582025
2452199.865916232 1.1334370374679563 0.0026644309982657
2452199.9423031965 0.8407517671585083 0.0024849940091371
2452200.0186901544 1.1153814792633057 0.0027480530552566
2452200.094382681 0.8900463879108428 0.00270427786745125
