2451683.3743276186 0.9005010426044464 0.0086150751449167
2451683.4097441216 0.91654634475708 0.008645842783153
2451683.444466182 0.9380703568458556 0.0086750732734799
2451683.4798826817 0.9660078883171082 0.008712888695299549
2451683.51529918 0.9939064979553224 0.0087344218045473
2451683.5479379124 1.019256830215454 0.008769593667238899
2451683.587521055 1.0427405834197998 0.0087989680469036
2451683.62363199 1.0635994672775269 0.0088313864544034
2451683.6576596014 1.0757904052734375 0.008843813557177699
2451683.6909927707 1.0867405533790588 0.0088549461215734
2451683.7257148214 1.088259518146515 0.0088536697439849
2451683.7611313118 1.021620273590088 0.00877296179533
2451683.796547802 0.9965023696422576 0.00874633854255075
2451683.8319642916 1.0552425384521484 0.008825410157442
2451683.86668634 1.070098042488098 0.0088406689465045
2451683.905575033 1.065629243850708 0.0088311163708567
2451683.9382137572 1.060447871685028 0.008818718604743401
2451683.972241363 1.049463987350464 0.0088105592876672
2451684.00765785 1.0391676425933836 0.0087971142493188
2451684.0416854555 1.0235731601715088 0.00877898465842
2451684.0777963833 1.007060170173645 0.0087602762505412
2451684.1132128695 0.987779825925827 0.0087346038781106
2451684.1486293557 0.9701395630836488 0.0087205870077013
2451684.183351401 0.9459380507469176 0.0087016196921467
2451684.218767887 0.9284424781799316 0.0086861066520214
2451684.2541843723 0.9122844934463502 0.0086804963648319
2451684.2896008575 0.889457494020462 0.008664820343255952
2451684.3243229026 0.8767278492450714 0.0086640627123415
2451684.3597393874 0.8760642409324646 0.0086753526702523
2451684.3944614315 0.885481059551239 0.0086921351030468
2451684.4298779164 0.8986994326114655 0.00872826576232905
2451684.4652944016 0.9147288799285888 0.0087624927982687
2451684.5000164458 0.935680627822876 0.008798842318356
2451684.53543293 0.9606116712093353 0.00885392772033805
2451684.5708494154 0.9883942008018493 0.0088968621566891
2451684.605571459 1.021931290626526 0.0089606391265988
2451684.640987944 1.0431175827980042 0.0090020075440406
2451684.676404428 1.0643024444580078 0.0090347910299897
2451684.7111264723 1.07961106300354 0.0090514840558171
2451684.7465429567 1.0907832384109497 0.0090752318501472
2451684.781959441 1.0952242612838743 0.0090852053835988
2451684.816681485 1.0878559350967407 0.0090793147683143
2451684.8520979695 1.0103022456169128 0.00899738445878025
2451684.8868200127 1.010143756866455 0.009003052953630651
2451684.9222364975 1.0823514461517332 0.0090874563902616
2451684.9576529823 1.0804046988487244 0.0090712364763021
2451684.9930694667 1.0693335533142088 0.0090541634708642
2451685.0277915103 1.061452269554138 0.0090442765504121
2451685.063207995 1.0476446747779846 0.0090283621102571
2451685.0986244795 1.0351029634475708 0.0090188244357705
2451685.133346523 1.0196542739868164 0.0090150274336338
2451685.168763008 1.0001554489135742 0.0090020145289599
2451685.204179492 0.9832863211631776 0.0089888116344809
2451685.2389015355 0.9615396857261655 0.00896308850497
2451685.2743180203 0.9370846152305604 0.008930463343858702
2451685.3097345047 0.9220556020736694 0.0089196944609284
2451685.3444565483 0.9027523398399352 0.0088834185153245
2451685.3798730327 0.8839093148708344 0.0088513698428869
2451685.4152895175 0.8862058520317077 0.0088580176234245
2451685.450011561 0.8949879407882689 0.0088816052302718
2451685.4854280455 0.9038558900356293 0.008903843816369699
2451685.5208445303 0.9175512194633484 0.0089467316865921
2451685.555566574 0.9367421269416808 0.0089869555085897
2451685.5909830583 0.9596964716911316 0.009027981664985349
2451685.626399543 0.991255223751068 0.0090674543753266
2451685.661121587 1.0165199041366575 0.0091111250221729
2451685.6958436305 1.0416589975357056 0.0091439019888639
2451685.7312601153 1.059981107711792 0.009174146689474551
2451685.7666765996 1.0798091888427734 0.009200076572597
2451685.8013986433 1.0893256664276123 0.0092203030362725
2451685.836815128 1.0967275500297546 0.00923435157164925
2451685.8722316124 1.0971992015838623 0.0092313112691044
2451685.906953656 1.0209879875183103 0.0091478209942579
2451685.942370141 1.0027686953544617 0.009101718198507951
2451685.9777866253 1.0821006298065183 0.0091745713725686
2451686.012508669 1.080024003982544 0.0091671906411647
2451686.0479251533 1.0759677290916443 0.009157579857856
2451686.0833416376 1.070623517036438 0.0091544324532151
2451686.1180636813 1.0612971782684326 0.0091686500236392
2451686.1534801656 1.0459401607513428 0.009155934210866652
2451686.18889665 1.0328271389007568 0.0091433953493833
2451686.2236186936 1.0162116289138792 0.0091226892545819
2451686.2590351785 0.9925093650817871 0.009089887607842649
2451686.294451663 0.9721898436546323 0.0090568242594599
2451686.329173706 0.9525774717330932 0.0090211983770132
2451686.3645901904 0.9322459101676941 0.0089895199052989
2451686.4000066747 0.9184589385986328 0.0089698387309908
2451686.4347287184 0.8962635397911071 0.0089443624019622
2451686.4701452022 0.8932639360427856 0.008961298037320299
2451686.505561687 0.8950060009956359 0.0089716147631406
2451686.5402837303 0.9001650810241699 0.0090018482878804
2451686.575700214 0.9107507169246674 0.00903653120622035
2451686.611116699 0.9264436364173888 0.0090754991397261
2451686.645838742 0.9515266418457032 0.0091106202453374
2451686.681255226 0.9795199632644652 0.009158689994364949
2451686.7166717104 1.0061813592910769 0.009207347407937
2451686.7513937536 1.0321252346038818 0.0092381248250603
2451686.786810238 1.0553792715072632 0.009268178138881901
2451686.822226722 1.0770007371902464 0.0093048140406608
2451686.8569487645 1.0876284837722778 0.009319020435214
2451686.892365249 1.0956650376319885 0.009325274266302551
2451686.9277817323 1.096627116203308 0.0093201026320457
2451686.9625037755 1.0607662200927734 0.0092568220570683
2451686.9979202594 1.0080199241638184 0.00918602664023635
2451687.0333367432 1.020026445388794 0.0092013133689761
2451687.068058786 1.084671139717102 0.0092605352401733
2451687.10347527 1.0791276693344116 0.009261587169021299
2451687.1388917537 1.0702364444732666 0.009260669350624
2451687.1736137965 1.0640186071395874 0.0092623690143227
2451687.20903028 1.0495187044143677 0.00924854958429925
2451687.244446764 1.040186047554016 0.0092446431517601
2451687.279168806 1.0234292745590208 0.0092007610946893
2451687.31458529 1.0022445917129519 0.00917347054928535
2451687.3500017733 0.983673334121704 0.0091275395825505
2451687.3847238156 0.95752614736557 0.0090861786156892
2451687.420140299 0.9407906830310822 0.0090592317283153
2451687.4555567824 0.9195730686187744 0.0090445205569267
2451687.4902788247 0.9013160467147828 0.0090430416166782
2451687.525695308 0.8869653344154358 0.00904625980183475
2451687.561111791 0.8822979927062988 0.0090653114020824
2451687.5958338333 0.8935967683792113 0.009109441190958
2451687.6312503163 0.9048820734024049 0.00914519047364585
2451687.6666667997 0.92538583278656 0.009191321209073
2451687.7013888415 0.9457097053527832 0.009214736521244
2451687.7368053244 0.9714532792568206 0.00925126252695915
2451687.7722218074 0.998878300189972 0.0092799011617898
2451687.8069438497 1.026656150817871 0.0093207089230418
2451687.8423603326 1.0510135889053345 0.0093549275770783
2451687.8763879333 1.068321704864502 0.0093840900808572
2451687.91458218 1.0810992121696472 0.0093958904035389
2451687.94791534 1.089053988456726 0.00939517095685
2451687.982637381 1.0930615663528442 0.00938984937965865
2451688.018053864 1.090954542160034 0.0093757957220077
2451688.053470346 1.0104116201400757 0.009264955297112399
2451688.088886829 1.002830982208252 0.0092601859942078
2451688.1236088704 1.0767884254455566 0.0093557266518473
2451688.157636471 1.0765016674995422 0.009368017315864549
2451688.1937473947 1.0705147981643677 0.00936702080070965
2451688.2291638767 1.06427264213562 0.0093563264235854
2451688.263885918 1.057636857032776 0.0093357283622026
2451688.3048579264 1.0396792292594907 0.009293096140027001
2451688.335413323 1.0257707238197327 0.009258609265089
2451688.3694409234 1.0044034719467163 0.0092245722189545
2451688.404162965 0.9835259914398192 0.0091955922544002
2451688.439579447 0.9589549005031585 0.00917885312810535
2451688.474995929 0.9392790198326112 0.0091694062575697
2451688.510412411 0.9212290346622466 0.0091704684309661
2451688.5458288924 0.9092774987220764 0.0091888597235083
2451688.5805509333 0.885960042476654 0.0091928988695144
2451688.6159674153 0.8746083378791809 0.00921049993485205
2451688.6534672193 0.8878659009933472 0.0092393294908106
2451688.6868003784 0.8998302519321442 0.009265136905014501
2451688.721522419 0.9107151627540588 0.009294673800468351
2451688.756938901 0.9386551380157472 0.0093355840072035
2451688.791660941 0.9584690928459167 0.0093637583777308
2451688.8277718634 0.9844794869422911 0.0094129126518964
2451688.8624939043 1.015520095825195 0.0094492817297577
2451688.8979103854 1.0369091033935547 0.0094705088995397
2451688.932632426 1.0560497641563416 0.009490434080362299
2451688.9680489074 1.0728005170822144 0.009490055963397
2451689.0027709478 1.08276104927063 0.0094965733587741
2451689.0388818695 1.0845789909362793 0.0094840629026293
2451689.07360391 1.0868767499923706 0.0094814533367753
2451689.1083259503 1.033770203590393 0.0094474926590919
2451689.144436872 0.9993734955787658 0.0094031989574432
2451689.179158912 1.0245081186294556 0.0094491653144359
2451689.213186512 1.070932388305664 0.00948088476434345
2451689.2492974335 1.0677585005760193 0.0094664460048079
2451689.284713914 1.0654568672180176 0.0094435568898916
2451689.3187415134 1.0539721846580505 0.009409554768353649
2451689.354852435 1.0409722924232483 0.00937187951058145
2451689.390268916 1.0256634950637815 0.0093468427658081
2451689.4236020744 1.007026195526123 0.009319644421339
2451689.4611018775 0.9858208894729614 0.0093101607635617
2451689.4958239174 0.9635467529296876 0.0093119591474533
2451689.5298515162 0.9415809810161591 0.0093329842202365
2451689.5659624375 0.925776869058609 0.00935689127072685
2451689.601378918 0.9085510969161988 0.009383182041347
2451689.636100958 0.8908548951148986 0.0093934768810868
2451689.6722118794 0.8760530352592467 0.0094015588983893
2451689.706933919 0.8827977180480957 0.0094289975240826
2451689.741655959 0.8952342867851257 0.0094526568427681
2451689.777072439 0.9094045758247375 0.0094688208773732
2451689.8124889196 0.929210126399994 0.0094967577606439
2451689.8479054 0.9510616660118102 0.0095193427987396
2451689.8826274397 0.9839750528335572 0.0095644011162221
2451689.91804392 1.011764883995056 0.0095775406807661
2451689.954154841 1.0378291606903076 0.0096094869077205
2451689.9888768806 1.0572099685668943 0.0096187042072415
2451690.02359892 1.0659631490707395 0.0096358833834528
2451690.0583209596 1.0758899450302124 0.0096503524109721
2451690.0937374397 1.0837461948394775 0.00966853601858015
2451690.12915392 1.0836198329925537 0.0096738375723361
2451690.1638759593 1.0801925659179688 0.0096673928201198
2451690.19929244 0.9998284876346586 0.00957310618832705
2451690.23470892 0.9981655478477478 0.0095600383356213
2451690.2694309596 1.072373867034912 0.0096087558194994
2451690.3041529986 1.0707318782806396 0.0095728049054741
2451690.339569479 1.0683476328849792 0.00954174296930425
2451690.3749859594 1.0608720779418943 0.0095031075179576
2451690.409707999 1.0471141338348389 0.0094794677570462
2451690.445124479 1.035672664642334 0.00948679214343425
2451690.480540959 1.0215572118759155 0.0095003964379429
2451690.5152629986 0.9948843717575072 0.0095161320641636
2451690.550679479 0.9691304266452788 0.009567611385136801
2451690.586095959 0.950150728225708 0.0096004633232951
2451690.6208179984 0.9325271248817444 0.0096174078062176
2451690.6562344786 0.9163821637630462 0.009630615822970801
2451690.691650959 0.9041160345077514 0.009641564451158
2451690.7263729987 0.8802689909934996 0.0096360482275486
2451690.761789479 0.8822907209396361 0.0096527426503598
2451690.797205959 0.8977608084678651 0.0096811633557081
2451690.831927999 0.9127143621444702 0.0097155636176466
2451690.867344479 0.9271349608898163 0.009743366856127901
2451690.9027609597 0.955458402633667 0.0097872819751501
2451690.937482999 0.9774987101554872 0.0098098330199718
2451690.97289948 0.9995630979537964 0.0098252524621784
2451691.00831596 1.0298810005187988 0.0098428102210164
2451691.043038 1.049849033355713 0.0098519893363118
2451691.0784544805 1.0658239722251892 0.00987206120043985
2451691.113870961 1.0774712562561035 0.0098833907395601
2451691.148593001 1.0793337821960447 0.009895347058773
2451691.1840094817 1.0810998678207397 0.00988948158919805
2451691.2194259623 1.083559274673462 0.0098809199407696
2451691.2541480027 1.0096665620803833 0.0097935777157545
2451691.2895644833 0.9913255870342255 0.009723527822643501
2451691.3249809644 1.0562617778778076 0.0097574377432465
2451691.359703005 1.0753284692764282 0.009757081978023
2451691.3951194854 1.0726757645606995 0.0097338161431252
2451691.430535967 1.0610592365264893 0.009726008400321
2451691.4652580074 1.0504546165466309 0.0097438776865601
2451691.5006744885 1.0409823060035706 0.00978378299623725
2451691.53609097 1.0229249000549316 0.0098321298137307
2451691.5708130104 1.0022575855255127 0.0098668038845062
2451691.6062294925 0.982408434152603 0.00990271568298335
2451691.6416459735 0.9589996933937072 0.009929709136486
2451691.6763680144 0.9380671381950376 0.0099405543878674
2451691.7117844964 0.9186097681522369 0.00995423411950465
2451691.7458120966 0.9052302241325376 0.0099569009616971
2451691.783311901 0.8912155628204346 0.0099576795473694
2451691.8166450607 0.880212664604187 0.0099726151674985
2451691.8541448656 0.8874720335006714 0.0100146271288394
2451691.8881724663 0.9043588638305664 0.0100568393245339
2451691.922200067 0.92125004529953 0.0100762322545051
2451691.9576165495 0.9429746568202972 0.0100898523814976
2451691.9923385913 0.9636393189430236 0.010100954212248301
2451692.028449515 0.9900607168674469 0.01010525505989785
2451692.063865998 1.015806257724762 0.0101232333108782
2451692.09858804 1.0338767766952517 0.0101412925869226
2451692.1340045235 1.0488092303276062 0.01016005082055925
2451692.1708098887 1.0597671270370483 0.0101674608886241
2451692.2041430497 1.0684884786605835 0.0101646315306425
2451692.239559533 1.0717751383781433 0.010156184900552
2451692.274976017 1.0707967281341553 0.0101309847086668
2451692.30969806 1.0587813854217527 0.0100973527878522
2451692.345114544 0.9862697422504425 0.0099858255125582
2451692.380531029 0.9956173300743104 0.0099639277905225
2451692.4201141587 1.0677562952041626 0.0100208763033151
2451692.449975116 1.0603855848312376 0.0100128166377544
2451692.485391601 1.0614541172981262 0.0100458287633955
2451692.5208080863 1.0482549667358398 0.0100881289690732
2451692.55483569 1.038038194179535 0.01012511970475315
2451692.5805300027 1.024323344230652 0.0101597299799323
2451695.301350737 1.0262730121612549 0.010785817168653
2451695.334683945 1.051876425743103 0.0107581671327352
2451695.37010048 1.0615941286087036 0.010713763535022701
2451695.4055170165 1.0716382265090942 0.0106367664411664
2451695.440239112 1.0746482610702517 0.0105343777686357
2451695.4756556507 1.0750423073768616 0.010460569988936099
2451695.511072191 1.0765081644058228 0.0104197394102811
2451695.54579429 0.998335301876068 0.0103513495996594
2451695.5812108326 0.9983243048191071 0.0103520317934453
2451695.6166273765 1.069675087928772 0.0104632545262575
2451695.6513494793 1.0723562240600584 0.010477116331458
2451695.6867660256 1.0677893161773682 0.010469566565006899
2451695.722182573 1.0584858655929563 0.010431301780045
2451695.7569046794 1.049119472503662 0.0103335017338395
2451695.7923212284 1.0381651520729065 0.01017272565513845
2451695.8277377784 1.0140595436096191 0.0100275753065943
2451695.8624598873 0.9911919236183168 0.0098640685901045
2451695.8978764387 0.9675975739955902 0.009704011958092399
2451695.9332929906 0.9451120495796204 0.0094877136871218
2451695.9680151003 0.927097737789154 0.0092960344627499
2451696.0034316527 0.914291262626648 0.00906694447621695
2451696.038848204 0.902509808540344 0.0088625708594918
2451696.0735703125 0.8916260004043579 0.0086850859224796
2451696.10829242 0.8907795548439027 0.0086082480847835
2451696.14440341 0.9060353636741638 0.0086193364113569
2451696.179125514 0.92520135641098 0.0086477883160114
2451696.2145420564 0.9422293305397034 0.0086675127968192
2451696.249958596 0.9728346467018129 0.0087019922211766
2451696.2853751304 0.9925789535045624 0.00872500939294695
2451696.3200972187 1.016770362854004 0.00875722430646415
2451696.355513742 1.032543420791626 0.0087814079597592
2451696.3819025196 1.0445808172225952 0.0088022388517856
2451697.3513389356 0.9701996445655824 0.0087252808734774
2451697.3749497863 0.9927235841751098 0.0087491571903228
2451697.410366061 1.0149978399276733 0.008770309388637501
2451697.4450878967 1.0312038660049438 0.0087855197489261
2451697.480504167 1.041098952293396 0.008793182205408749
2451697.5152259986 1.0491255521774292 0.0087970197200775
2451697.5513367024 1.051367163658142 0.0088072111830115
2451697.5853640945 1.0538034439086914 0.008808006998151499
2451697.621474795 1.0549083352088928 0.00881382636725895
2451697.6568910577 1.0472989082336424 0.0088004125282168
2451697.6916128835 0.9696823954582214 0.0087001677602529
2451697.7270291443 0.9765671789646149 0.0087137725204229
2451697.7631398407 1.0614795684814453 0.00881375046446915
2451697.7964727907 1.0573692321777344 0.008805250283330651
2451697.830500176 1.0514593124389648 0.0088005037978291
2451697.867999743 1.0443884134292605 0.0087901167571544
2451697.903416001 1.0292038321495056 0.008777081035077551
2451697.938137821 1.0136125087738037 0.008757261093705851
2451697.9735540776 0.9939241409301756 0.0087298108264803
2451698.0089703333 0.9724155664443969 0.0086988839320838
2451698.043692153 0.9479612410068512 0.00867832452058785
2451698.0804972807 0.9307650327682496 0.0086509464308619
2451698.113830227 0.908934473991394 0.0086361924186348
2451698.148552045 0.9014235734939576 0.0086240703240036
2451698.184662736 0.893324375152588 0.0086133675649762
2451698.219384554 0.8827861547470093 0.0086171450093388
2451698.254800808 0.8960423469543457 0.00863693235442035
2451698.290217062 0.9119098186492922 0.0086651854217052
2451698.3249388793 0.9278279542922973 0.008688454516232
2451698.359660697 0.9521434307098388 0.0087232254445552
2451698.395771387 0.975358247756958 0.0087646776810288
2451698.430493204 0.993340790271759 0.0088135506957769
2451698.4659094578 1.020019769668579 0.0088532846421003
2451698.501325711 1.0325754880905151 0.0088802054524421
2451698.536047528 1.0429393053054807 0.008907526731491
2451698.5714637814 1.0507227778434753 0.0089189792051911
2451698.606880035 1.0578134059906004 0.0089426394551992
2451698.641601851 1.0563535690307615 0.0089544579386711
2451698.677712541 1.0614086389541624 0.0089653301984071
2451698.712434358 1.06053364276886 0.008972086943686
2451698.747156175 0.9988378882408142 0.0089000025764107
2451698.7825724278 0.9754489958286283 0.0088791260495781
2451698.817988681 1.044650316238403 0.0089731812477111
2451698.852710498 1.0678917169570925 0.0090017123147845
2451698.8881267514 1.060694694519043 0.008998354431241699
2451698.923543005 1.055609107017517 0.0089788008481264
2451698.9582648217 1.042885661125183 0.008959230966866
2451698.993681075 1.0304474234580994 0.00893956329673525
2451699.0290973284 1.009528636932373 0.0089144622907042
2451699.0638191453 0.9885561764240265 0.0088986558839678
2451699.0992353987 0.9634791314601897 0.0088820243254303
2451699.134651652 0.9435247778892516 0.0088643617928028
2451699.1693734694 0.9281068444252014 0.0088356463238596
2451699.204789723 0.9109539985656738 0.0088253272697329
2451699.240205976 0.9085419178009032 0.0088077150285244
2451699.2749277935 0.9025453329086304 0.0088054677471518
2451699.309649611 0.8997198939323425 0.0087867397814989
2451699.3457603008 0.9167672991752625 0.0088113471865654
2451699.380482118 0.9335731863975524 0.0088440915569663
2451699.416592808 0.9569239020347596 0.0088855447247624
2451699.451314626 0.9822004437446592 0.0089272325858473
2451699.486036443 1.0002418756484983 0.0089625371620059
2451699.5207582605 1.0227195024490356 0.0090108346194028
2451699.5561745143 1.037933588027954 0.00905554275959725
2451699.591590768 1.0523751974105835 0.00906787160784
2451699.626312586 1.0570619106292725 0.0090753240510821
2451699.6617288394 1.060996174812317 0.00907380599528545
2451699.6971450937 1.0603406429290771 0.0090764723718166
2451699.7304780385 1.05941903591156 0.009083061479032
2451699.7672831654 1.0632243156433105 0.00909159425646065
2451699.8026994197 1.0551552772521973 0.0090816868469119
2451699.837421237 0.9829105734825134 0.0090102674439549
2451699.872143055 0.9918508529663086 0.0090305563062429
2451699.9082537456 1.0705432891845703 0.0091145848855376
2451699.9429755635 1.0676429271697998 0.0090934382751584
2451699.978391818 1.0578152537345886 0.009079010225832448
2451700.0138080716 1.0518834590911863 0.0090534025803208
2451700.04852989 1.0379773378372192 0.0090337386354804
2451700.083946144 1.0189189910888672 0.009019534103572351
2451700.1193623985 0.997724652290344 0.0090066762641072
2451700.1540842163 0.971193790435791 0.0089735724031925
2451700.1895004706 0.9540441930294037 0.0089509384706616
2451700.224916725 0.9335681200027466 0.0089143021032214
2451700.259638543 0.917273998260498 0.0088880397379398
2451700.295054797 0.912325918674469 0.00887443358078595
2451700.330471052 0.9099714159965516 0.008862187154591
2451700.36519287 0.9045414328575134 0.0088562164455652
2451700.4006091245 0.9146830141544342 0.008879201952368
2451700.4360253788 0.9378085136413574 0.0089150499552488
2451700.470747197 0.9566895961761472 0.0089615061879158
2451700.5061634514 0.9803600907325744 0.009008911438286249
2451700.5415797057 1.0008940696716309 0.0090569239109754
2451700.576301524 1.0174463987350464 0.009089233353734
2451700.6117177783 1.0322006940841675 0.0091100232675671
2451700.647134033 1.0419986248016355 0.0091178594157099
2451700.6818558513 1.053694486618042 0.0091365594416856
2451700.7172721056 1.0604047775268555 0.00914115458726875
2451700.7526883604 1.0556766986846924 0.0091424090787768
2451700.7874101787 1.057407021522522 0.0091456482186913
2451700.822826433 1.0618063807487488 0.0091543868184089
2451700.858242688 1.0662283897399902 0.0091708488762378
2451700.8929645056 0.9944658279418944 0.0090931104496121
2451700.9283807604 0.9869653284549711 0.00906725227832785
2451700.9637970147 1.0616776943206787 0.0091439997777342
2451700.998518833 1.074686884880066 0.0091440407559275
2451701.0339350877 1.0668575167655945 0.0091292415745556
2451701.069351342 1.0611947774887085 0.009114695712924
2451701.1040731603 1.0458087921142578 0.0091093936935067
2451701.139489415 1.023832321166992 0.009105816017836301
2451701.1749056694 1.0048671960830688 0.0090787122026085
2451701.2096274877 0.9859098196029664 0.0090496791526675
2451701.245043742 0.9588343799114226 0.00902168964967125
2451701.280459997 0.94163179397583 0.0089705204591155
2451701.3151818146 0.9231440424919128 0.008932034485042
2451701.350598069 0.9083743691444396 0.0089175514876842
2451701.3860143237 0.9083905816078186 0.0089226644486188
2451701.420736142 0.9016762971878052 0.0089305816218256
2451701.4561523963 0.9117117524147031 0.0089589743874967
2451701.4915686506 0.9303125143051147 0.0090043265372514
2451701.526290469 0.94951993227005 0.0090595968067646
2451701.561706723 0.9699642956256866 0.00911346264183515
2451701.5971229775 0.9885342717170716 0.0091600157320499
2451701.6269837413 1.0112686157226562 0.009183981921523799
2451701.665872177 1.0282260179519653 0.0092111700214445
2451701.7040661774 1.039369821548462 0.0092225298285484
2451701.7373991227 1.047816514968872 0.0092265149578452
2451701.7721209405 1.0506309270858765 0.0092223174870014
2451701.8082316313 1.054145336151123 0.0092286523431539
2451701.8415645766 1.0593376159667969 0.0092390039935708
2451701.8776752674 1.0597357749938965 0.0092393429949879
2451701.9130915217 1.0637365579605103 0.00924472743645305
2451701.9498966485 1.054163694381714 0.0092179123312234
2451701.983229594 0.984703540802002 0.0091328071430325
2451702.018645848 0.9983534514904022 0.0091447015292942
2451702.0540621025 1.072894811630249 0.0092221405357122
2451702.0887839203 1.0719023942947388 0.0092308977618813
2451702.1248946106 1.0605541467666624 0.0092345923185348
2451702.159616429 1.055125713348389 0.0092310551553964
2451702.1943382462 1.036028504371643 0.0092185018584132
2451702.229754501 1.011799693107605 0.0091798976063728
2451702.265170755 0.9917024374008178 0.0091359904035925
2451702.3005870087 0.9695759117603302 0.0090878093615174
2451702.3353088265 0.9485406577587129 0.00905193947255605
2451702.3714195173 0.9275840818881989 0.0090180309489369
2451702.4054468987 0.9144046902656556 0.0090067107230424
2451702.440863153 0.9080735743045807 0.0090194102376699
2451702.476279407 0.911647379398346 0.0090554160997271
2451702.5110012246 0.911308705806732 0.0090920962393283
2451702.5464174785 0.9198092222213744 0.00914015434682365
2451702.581833733 0.945414900779724 0.0091982530429959
2451702.61655555 0.9635376930236816 0.0092435758560895
2451702.6519718044 0.9837312996387482 0.009275031276047199
2451702.6873880583 1.0030621290206907 0.0092978458851575
2451702.722109876 1.0219502449035645 0.0093186423182487
2451702.75752613 1.0321175456047058 0.009323783218860598
2451702.792942384 1.0373587608337402 0.0093346107751131
2451702.8276642016 1.0457385778427124 0.0093538733199238
2451702.8630804555 1.0501319766044617 0.00936406431719655
2451702.8984967093 1.0509225130081177 0.0093787461519241
2451702.9311352177 1.0506116151809692 0.00936888298019765
2451702.968634781 1.0552796125411987 0.0093653127551078
2451703.004051035 1.0588995218276975 0.0093498202040791
2451703.038772852 0.9836580157279968 0.0092477547004818
2451703.074189106 0.9846842288970946 0.00925145996734495
2451703.10960536 1.0644432306289673 0.0093571804463863
2451703.1443271777 1.0661871433258057 0.009378514252603
2451703.1797434315 1.061280071735382 0.0093810381367802
2451703.2151596854 1.0489225387573242 0.0093736490234732
2451703.2498815027 1.0378553867340088 0.0093496665358543
2451703.285297757 1.0181934237480164 0.009295146912336301
2451703.3207140104 0.9944432973861694 0.0092500140890479
2451703.355435828 0.970588445663452 0.0092165851965546
2451703.3908520816 0.9492100179195404 0.00917162187397475
2451703.426268336 0.9310176968574526 0.0091701978817582
2451703.4609901533 0.9167499542236328 0.0091857127845287
2451703.496406407 0.9038101136684416 0.009209468960762
2451703.531822661 0.9097941517829896 0.0092626055702567
2451703.5665444783 0.9124283194541932 0.0093032661825418
2451703.601960732 0.9183805286884308 0.00934503134340045
2451703.6380714225 0.9375403225421906 0.0093815331347286
2451703.6720988033 0.9613259434700012 0.0094062574207782
2451703.707515057 0.9727420508861542 0.0094286776147782
2451703.7429313115 0.99408882856369 0.0094449184834957
2451703.777653129 1.0113146305084229 0.009473574347794
2451703.8130693827 1.023737907409668 0.009513281751424001
2451703.8484856365 1.0333417654037476 0.0095400502905249
2451703.8832074543 1.0419583320617676 0.0095463255420327
2451703.918623708 1.0441269278526306 0.00955106643959875
2451703.954039962 1.0491710901260376 0.0095398323610425
2451703.9887617794 1.0494974851608276 0.0095303375273942
2451704.0241780337 1.0521715879440308 0.009517884347587751
2451704.0595942875 1.0578325986862185 0.0095110302790999
2451704.0943161054 1.0335011482238767 0.0094856079667806
2451704.129732359 0.981693059206009 0.0094472244381904
2451704.165148613 1.0068660974502563 0.0095049664378166
2451704.199870431 1.0709710121154783 0.0095766047015786
2451704.2345922487 1.065181255340576 0.0095595391467213
2451704.2700085025 1.0572968125343323 0.0095268944278359
2451704.305424757 1.0475736856460571 0.0094776134938001
2451704.3401465747 1.0251384973526 0.009428764693439
2451704.375562829 1.0019522309303284 0.009391926694661351
2451704.4109790833 0.983096957206726 0.0093854581937193
2451704.445700901 0.9589346647262572 0.0093822265043854
2451704.4811171554 0.9358287751674652 0.0093961106613278
2451704.5165334097 0.9166573882102966 0.0094365943223238
2451704.551255228 0.9105961322784426 0.0094819860532879
2451704.5866714823 0.9082169234752655 0.0095247472636401
2451704.622782173 0.9091081321239471 0.009546257555484699
2451704.656809555 0.9132249951362608 0.0095617538318037
2451704.692225809 0.9283494651317596 0.00957652833312745
2451704.727642064 0.9495697617530824 0.0096087157726287
2451704.7623638823 0.9687896370887756 0.0096474681049585
2451704.797780137 0.9875501394271851 0.0096879019401967
2451704.833196392 1.0059435367584229 0.0097373509779572
2451704.8679182106 1.018666625022888 0.0097569413483142
2451704.9033344653 1.0302186012268066 0.00976673234254115
2451704.93875072 1.0374027490615845 0.0097494032233953
2451704.973472539 1.0473009347915647 0.0097372010350227
2451705.008888794 1.0472707152366638 0.00971067510545245
2451705.0443050493 1.0481858253479004 0.0097011961042881
2451705.079026868 1.048606753349304 0.0097064450383186
2451705.1144431233 1.0569871068000791 0.0097272652201354
2451705.1498593786 1.058944582939148 0.0097420420497655
2451705.184581198 0.9892559051513674 0.0096891475841403
2451705.219303017 0.9926958680152892 0.0096914051100611
2451705.255413709 1.0726157426834106 0.0097278617322444
2451705.2901355284 1.0683919191360471 0.0097033660858869
2451705.325551784 1.0627121329307556 0.00965645723044865
2451705.3609680403 1.0505865812301636 0.0096169998869299
2451705.3956898595 1.0329740047454832 0.0096195014193654
2451705.4311061157 1.0189358592033386 0.00962549168616525
2451705.466522372 0.989815890789032 0.0096444087103009
2451705.501244192 0.969497263431549 0.0096792466938495
2451705.535966012 0.9477181434631348 0.0097166169434785
2451705.572076705 0.9234670996665952 0.0097560072317719
2451705.606798525 0.9125744104385376 0.0097975777462124
2451705.6422147816 0.9082476794719696 0.0098263910040259
2451705.6776310387 0.9100654125213624 0.0098395310342311
2451705.7123528593 0.90963077545166 0.0098462989553809
2451705.7477691164 0.9208281636238098 0.009883040562271999
2451705.7831853735 0.944153606891632 0.0099310418590903
2451705.8179071946 0.967272698879242 0.009971153922379
2451705.853323452 0.982592612504959 0.01001101918518535
2451705.8936007647 1.0025910139083862 0.010030925739556499
2451705.922767095 1.0202310681343079 0.0100259510800242
2451705.959572226 1.030092477798462 0.0100128194317221
2451705.993599611 1.0428872108459473 0.0099884960800409
2451706.029710306 1.0446069836616516 0.00997020816430445
2451706.0644321274 1.0457379817962646 0.009968153666704851
2451706.0984595134 1.0546079874038696 0.0099805518984794
2451706.134570209 1.056495189666748 0.0099930120632052
2451706.1692920313 1.0585592985153198 0.0100172674283385
2451706.2060971633 1.0719515085220337 0.01002031750977035
2451706.2401245497 1.0263187885284424 0.0099582262337207
2451706.276929682 0.9962571859359739 0.0099039264023303
2451706.3109570686 1.046183943748474 0.0099210459738969
2451706.345678892 1.0816595554351809 0.0099254986271262
2451706.3810951523 1.0720762014389038 0.00991661660373205
2451706.4165114127 1.064899444580078 0.0099310846999287
2451706.4512332366 1.0473490953445437 0.0099582662805914
2451706.4866494974 1.0326423645019531 0.0099938055500388
2451706.5227601947 1.016697645187378 0.010048061143606849
2451706.542898853 1.0120953321456907 0.0100749880075454
2451709.839391156 0.9819024205207824 0.010662178508937348
2451709.8636964806 0.9648481607437132 0.0105688329786062
2451709.8984183734 0.9514842629432678 0.0104033201932907
2451709.933834705 0.948724180459976 0.01024932414293285
2451709.9692510376 0.9488677382469176 0.010071538388729
2451710.0039729327 0.9476434588432312 0.0098737319931387
2451710.039389266 0.9567261934280394 0.009652968961745449
2451710.0748055996 0.9834951162338256 0.0094286827370524
2451710.109527495 0.999730706214905 0.0091590825468301
2451710.144943828 1.0139752626419067 0.00892435247078535
2451710.1803601603 1.0326730012893677 0.0087921619415283
2451710.2018877342 1.0374029874801636 0.00874132430180905
2451711.379649452 1.0345807671546936 0.01294618519023055
2451711.410898913 1.0465717315673828 0.0129459267482161
2451711.446314967 1.046818733215332 0.0129436636343598
2451711.481731018 1.049604892730713 0.0129527375102043
2451711.516452635 1.0596687793731687 0.0129599412903189
2451711.5532575473 1.068418562412262 0.012960665859282
2451711.587284729 1.048445224761963 0.012962088920176
2451711.6220063413 0.9879323840141296 0.012902989052236
2451711.656727953 1.007503867149353 0.0129334842786192
2451711.6921439953 1.0661773681640625 0.01297229668125505
2451711.728254469 1.0661107897758484 0.0129621918313205
2451711.762976078 1.0585350394248962 0.01295817643404
2451711.798392118 1.0361387729644775 0.012945769354701
2451711.8338081576 1.017613708972931 0.01292621903121465
2451711.867835332 0.9927850365638734 0.0129108298569917
2451711.904640235 0.9711098074913025 0.01289296010509125
2451711.938667409 0.9504883289337158 0.0128658162429928
2451711.974083447 0.9314823746681212 0.01285065105184905
2451712.010193916 0.9220286309719086 0.0128380781970918
2451712.044221089 0.9148014783859252 0.0128355165943503
2451712.080331559 0.9143009781837464 0.0128340264782309
2451712.1150531634 0.9233202934265136 0.0128442663699388
2451712.1497747684 0.9224075078964232 0.012848449870944
2451712.1851908052 0.9347003996372223 0.01285664318129415
2451712.21991241 0.9756262600421906 0.012887950520962449
2451712.255328446 0.979922652244568 0.0128915412351489
2451712.2907444825 0.9913954138755798 0.0129144103266298
2451712.3261605194 1.005694031715393 0.0129442019388079
2451712.360882124 1.0141321420669556 0.0129546085372567
2451712.396298161 1.0229193568229675 0.01297628600150345
2451712.4317141976 1.0281503200531004 0.0129893142729997
2451712.466435802 1.036367654800415 0.0130186853930354
2451712.501851839 1.037180483341217 0.0130254570394754
2451712.5372678763 1.045417308807373 0.0130530325695872
2451712.5719894813 1.0515865087509155 0.0130712892860174
2451712.607405518 1.0639589428901672 0.013095355592668001
2451712.642821556 1.0692148208618164 0.0131084062159061
2451712.677543161 0.9908976554870604 0.0130608705803751
2451712.7129591983 1.0003725290298462 0.0130769531242549
2451712.7483752365 1.0654884576797483 0.0131558654829859
2451712.783096842 1.0681710243225095 0.0131611414253711
2451712.8185128802 1.0598532557487488 0.01317042112350455
2451712.8539289185 1.0495818853378296 0.0131768537685275
2451712.8886505244 1.0298564434051511 0.0131688024848699
2451712.924066563 1.0102328658103943 0.01314180158078665
2451712.9594826014 0.9799107909202576 0.0131172901019454
2451712.9942042083 0.962201416492462 0.0130972256883978
2451713.0289258147 0.9434295296669006 0.0131053244695067
2451713.065730718 0.9266957342624664 0.01310450071468945
2451713.099757893 0.919385015964508 0.0131236957386136
2451713.1344795004 0.9226781725883484 0.0131379729136824
2451713.170589972 0.9264905452728271 0.0131423259153962
2451713.2053115796 0.9269396662712096 0.0131384804844856
2451713.2407276193 0.936258465051651 0.013133559376001299
2451713.2761436594 0.951683759689331 0.0131419580429792
2451713.310865267 0.9721035361289978 0.0131428129971027
2451713.34697574 0.984060764312744 0.0131531031802296
2451713.3816973483 1.0015933513641355 0.0131696537137031
2451713.4164189566 1.0082051753997805 0.0131948990747332
2451713.451834997 1.0110599994659424 0.013214044272899551
2451713.487251038 1.0214420557022097 0.0132390176877379
2451713.5219726474 1.0283019542694092 0.0132643627002835
2451713.5573886884 1.0338619351387024 0.01327222585678095
2451713.59280473 1.0405585765838623 0.013293458148837
2451713.627526339 1.054016351699829 0.0132989082485437
2451713.6629423806 1.067282795906067 0.013322121463716
2451713.6983584226 1.0689271688461304 0.0133213317021727
2451713.7330800327 1.0330770015716553 0.0133017627522349
2451713.7678016424 0.9954447150230408 0.0132782282307744
2451713.803217685 1.036490559577942 0.013334590941667501
2451713.8400225914 1.0793536901474 0.0133643709123134
2451713.8740497697 1.0664412379264832 0.013374296016991052
2451713.9087713803 1.0546810030937195 0.0133551210165023
2451713.944187423 1.0371005535125732 0.013311393558979
2451713.978909034 1.0158870220184326 0.0132734095677733
2451714.0143250767 0.9926589727401735 0.013243097811937249
2451714.04974112 0.9657784104347228 0.0132245579734444
2451714.084462731 0.9542431235313416 0.0132344691082835
2451714.1198787745 0.9380033314228058 0.0132465059868991
2451714.1552948183 0.9217157959938048 0.0132394628599286
2451714.19001643 0.923236846923828 0.0132295927032828
2451714.2254324737 0.9280852675437928 0.01322428882122035
2451714.260848518 0.9287948608398436 0.0131948953494429
2451714.2955701295 0.9292820692062378 0.0131969135254621
2451714.330986174 0.9424136281013489 0.0132063399069011
2451714.366402218 0.9640660285949708 0.0132165681570768
2451714.4011238306 0.976884424686432 0.0132399704307317
2451714.4365398753 0.9923924505710602 0.0132670379243791
2451714.47195592 1.000434160232544 0.0132953645661473
2451714.505288668 1.0005669593811035 0.0133118219673633
2451714.5420935773 1.0069484114646912 0.013329844456166
2451714.5768151903 1.013571560382843 0.0133548551239073
2451714.615008964 1.0178725719451904 0.0133747020736336
2451714.6490361453 1.028664767742157 0.01337929768487805
2451714.6816744613 1.0389066934585571 0.0133840106427669
2451714.7177849393 1.055585861206055 0.0134061872959136
2451714.753200985 1.0624550580978394 0.0134130171500146
2451714.7886170307 1.0635807514190672 0.0134329199790954
2451714.823338644 0.9877850413322448 0.0133968638256192
2451714.8587546903 0.9979708790779114 0.01342783309519285
2451714.894170736 1.0775880813598633 0.0134805114939808
2451714.9281979175 1.0685672163963318 0.013460901100188449
2451714.9636139637 1.059782862663269 0.0134209198877215
2451714.9997244426 1.039833426475525 0.0133858611807227
2451715.034446057 1.0253701210021973 0.0133612910285592
2451715.069862103 0.9961484372615813 0.0133557417429983
2451715.1052781497 0.973439574241638 0.0133553678169846
2451715.139999764 0.9532119035720824 0.0133590875193476
2451715.175415811 0.9396597743034363 0.01334805833175775
2451715.2108318578 0.9230704307556152 0.0133113786578178
2451715.2455534725 0.9198692440986632 0.0132852271199226
2451715.2809695196 0.9164087176322936 0.0132440254092216
2451715.316385567 0.923334062099457 0.0132387252524495
2451715.351107182 0.9262012243270874 0.0132516212761402
2451715.3865232295 0.9322568476200104 0.01325292373076075
2451715.4219392766 0.9524434208869934 0.0132901091128587
2451715.456660892 0.9670862555503844 0.0133190415799617
2451715.49207694 0.9773321449756622 0.01336323888972395
2451715.5274929875 0.9846566915512084 0.0133948773145675
2451715.562214603 0.9953039288520814 0.0134124616160988
2451715.5976306507 1.0080313682556152 0.0134365037083625
2451715.6323522665 1.021173357963562 0.013434594031423299
2451715.6719349087 1.0270967483520508 0.0134399197995662
2451715.7017954984 1.0362712740898132 0.013443493749946349
2451715.74137814 1.0527217388153076 0.0134645914658904
2451715.773322027 1.0588095188140867 0.0134840719401836
2451715.808043643 1.074602723121643 0.0135063668712973
2451715.844154124 1.0760982036590576 0.0135351419448852
2451715.8788757403 1.0198466777801511 0.013507230207324
2451715.914291789 1.001857042312622 0.01347598666325205
2451715.949707838 1.0684683322906494 0.0134975649416446
2451715.9844294544 1.0823960304260252 0.0134828286245465
2451716.0191510706 1.0657691955566406 0.0134511347860097
2451716.0552615523 1.051398992538452 0.0134555911645293
2451716.089983169 1.0346193313598633 0.0134458793327212
2451716.126788083 1.0091923475265503 0.013445488642901151
2451716.1608152674 0.9895727038383484 0.0134510165080428
2451716.1955368845 0.9682113528251648 0.0134364943951368
2451716.230952934 0.9527170360088348 0.013403315562754849
2451716.265674551 0.9317187964916228 0.01335015194490545
2451716.301090601 0.9291449189186096 0.0133096445351839
2451716.335812218 0.928814947605133 0.0132888136431574
2451716.371228268 0.9363361001014707 0.0132906357757747
2451716.406644318 0.9369718432426452 0.0133064975962042
2451716.4413659354 0.9438012838363647 0.0133461914956569
2451716.4767819853 0.9526397883892059 0.0133837275207042
2451716.512198035 0.9674402475357056 0.01343051251024
2451716.546919653 0.982545793056488 0.0134693076834082
2451716.5823357035 0.9908404648303988 0.0135089354589581
2451716.617751754 0.9953618645668028 0.0135369598865509
2451716.652473372 1.0134395360946655 0.0135297141969203
2451716.6878894223 1.0188923478126526 0.0135553390718996
2451716.723305473 1.0307302474975584 0.0135527765378355
2451716.7580270916 1.0341461896896362 0.0135627193376421
2451716.7934431424 1.0412923693656921 0.013590206392109349
2451716.8288591933 1.0510886907577517 0.0136220091953873
2451716.863580812 1.0634608268737793 0.0136428298428654
2451716.898996863 1.0745715498924253 0.01365622598677865
2451716.934412914 1.0688652992248535 0.0136318355798721
2451716.969134533 0.9976486563682556 0.0135340159758925
2451717.004550584 1.0103609561920166 0.01352807693183415
2451717.039966636 1.080068826675415 0.0135776745155453
2451717.074688255 1.0792665481567385 0.0135743310675024
2451717.110798739 1.0643967390060425 0.0135737359523773
2451717.1455203583 1.044429898262024 0.0135943302884697
2451717.180241978 1.023010015487671 0.0135887321084737
2451717.2156580295 0.991574764251709 0.0135613684542477
2451717.2510740818 0.972658097743988 0.0135187832638621
2451717.286490134 0.954858273267746 0.01345953205600375
2451717.321906186 0.940796673297882 0.0134136723354458
2451717.356627806 0.9321838617324828 0.0133881447836756
2451717.391349426 0.9291312098503112 0.0133770667016506
2451717.426765478 0.9364266395568848 0.01340896170586345
2451717.462181531 0.9382218718528748 0.0134434262290596
2451717.4969031513 0.9329728484153748 0.0134887872263789
2451717.532319204 0.949812650680542 0.0135448602959513
2451717.567735257 0.9633570313453672 0.0136039452627301
2451717.602456878 0.975228190422058 0.0136322304606437
2451717.6378729306 0.9847794771194458 0.0136389164254069
2451717.673288984 0.9962180256843568 0.013649957254529
2451717.708010605 1.0137330293655396 0.0136700831353664
2451717.7434266587 1.0198052525520325 0.01368433190509675
2451717.7781482795 1.0250438451766968 0.0137146338820457
2451717.814258766 1.0326040387153625 0.01374147646129125
2451717.8489803877 1.0402140617370605 0.013768195174634401
2451717.8850908736 1.0503293871879578 0.01378097990527745
2451717.919118063 1.0584975481033323 0.0137715646997094
2451717.954534117 1.070418894290924 0.01375411497429005
2451717.989950171 1.0801647901535034 0.0137229962274432
2451718.0246717934 1.0141719579696655 0.0136580746620893
2451718.060087848 0.9995940923690796 0.01363899884745475
2451718.0955039025 1.075153946876526 0.0137080298736691
2451718.1302255252 1.076283574104309 0.0137458518147468
2451718.16564158 1.0634625554084778 0.01376952975988385
2451718.2010576352 1.0491642951965332 0.0137787712737917
2451718.235779258 1.0261890888214111 0.0137447491288185
2451718.271195313 1.0046647787094116 0.01369798695668575
2451718.306611369 0.981779098510742 0.0136361988261342
2451718.341332992 0.9638954401016236 0.0135971112176775
2451718.376749048 0.950583428144455 0.0135752754285931
2451718.4121651035 0.9450095295906068 0.0135846603661775
2451718.446886727 0.9341732263565063 0.0136162582784891
2451718.4823027835 0.933210402727127 0.01367427874356505
2451718.51771884 0.9345332384109496 0.0137338591739535
2451718.552440464 0.9330883026123048 0.0137931918725371
2451718.587856521 0.9396570324897765 0.01383154839277265
2451718.6232725773 0.9562615156173706 0.0138582671061158
2451718.657994202 0.9691014289855956 0.0138734942302107
2451718.692715827 0.9781721234321592 0.0138722313567996
2451718.728131884 0.9880930781364441 0.0138879036530852
2451718.7635479416 1.0048358440399168 0.0139252180233597
2451718.7982695666 1.0119452476501465 0.013969762250781
2451718.8336856244 1.0096805095672607 0.013998067472130001
2451718.8691016827 1.021723985671997 0.0140254562720656
2451718.903823308 1.0291131734848022 0.0140468338504433
2451718.939239367 1.0381187200546265 0.0140414368361234
2451718.974655425 1.0493733882904053 0.0140079138800501
2451719.0093770516 1.0591299533843994 0.0140037145465612
2451719.0447931103 1.0687412023544312 0.01398880686610935
2451719.0802091695 1.0457748174667358 0.0139993764460086
2451719.1149307964 0.9859687089920046 0.0139659373089671
2451719.1503468556 1.008598506450653 0.014050164725631451
2451719.1857629158 1.0687692165374756 0.0141096478328108
2451719.220484543 1.0573614835739136 0.0141090508550405
2451719.255900603 1.0439050793647766 0.01406195666640995
2451719.2913166634 1.0242156982421875 0.0140229044482111
2451719.3260382917 0.995321989059448 0.013953479938209
2451719.3614543527 0.9816183745861053 0.0139316110871732
2451719.3968704133 0.9628497362136842 0.0139397801831364
2451719.431592042 0.9433344006538392 0.0139384493231773
2451719.4670081036 0.9325200915336609 0.0139720239676535
2451719.502424165 0.9269860982894896 0.0140185970813035
2451719.537145795 0.9202919006347656 0.0140640595927834
2451719.572561857 0.9213039577007291 0.0141311753541231
2451719.6079779193 0.9313954710960388 0.0141699984669685
2451719.6426995494 0.9330969452857972 0.0141868330538272
2451719.678115612 0.9374876916408538 0.014208646956831151
2451719.7135316753 0.9532755613327024 0.0142311435192823
2451719.7482533064 0.9687405228614808 0.0142646096646785
2451719.78366937 0.9774816632270813 0.014311692677438249
2451719.819085434 0.9862984418869016 0.0143684558570384
2451719.8538070656 0.989600360393524 0.0144077520817518
2451719.8850565343 0.9986525774002076 0.014424107968807151
2451719.924639195 1.010639190673828 0.0144323194399476
2451719.9593608277 1.022556185722351 0.0144095858559012
2451719.9913047296 1.036273956298828 0.0143972393125295
2451720.0308873914 1.0448017716407776 0.0143667850643396
2451720.064914592 1.0521754026412964 0.0143523281440138
2451720.101025091 1.0644245147705078 0.0143790431320667
2451720.135746725 1.0688997507095337 0.0144190257415175
2451720.167690628 0.992481529712677 0.014410356990993
2451720.204495561 0.9838981330394744 0.014438454061746549
2451720.241300494 1.058107614517212 0.0144918384030461
2451720.2746332637 1.056916117668152 0.0144785027951002
2451720.31213263 1.0441120862960815 0.014426483772695
2451720.3461598335 1.0188073515892029 0.0143784149549901
2451720.3815759025 1.003478229045868 0.014334592036902849
2451720.4169919714 0.9861086905002593 0.01434518396854395
2451720.4517136086 0.9757483601570129 0.01437796093523495
2451720.4871296785 0.962710440158844 0.0144280521199107
2451720.5225457493 0.9589467048645017 0.0145195219665765
2451720.5419898666 0.9763194024562836 0.0146292056888341
2451724.957194141 0.964059442281723 0.0128710712306201
2451724.9898322998 0.9614060521125792 0.0128675596788525
2451725.0252481718 0.9614053964614868 0.012866365723311849
2451725.0585807543 0.9719597101211549 0.012885340489447051
2451725.0960799083 0.9721223711967468 0.01288117980584495
2451725.1308013448 0.9772999286651611 0.01289209397509685
2451725.16552278 0.9844316244125366 0.01289982302114365
2451725.200938642 0.9964995384216307 0.012905916199088
2451725.237048932 1.0010522603988647 0.0129102738574147
2451725.271075934 1.017799198627472 0.012923159170895749
2451725.3071862217 1.02642822265625 0.01292002620175475
2451725.341907651 1.0402962565422058 0.012936333660036301
2451725.378017937 1.0452817678451538 0.01294126128777855
2451725.4134337935 1.055471897125244 0.0129598500207066
2451725.4474607925 1.0623069405555725 0.01297032320871945
2451725.4814877906 1.0685093402862549 0.0129611194133758
2451725.516903646 0.9960793256759644 0.0129115832969546
2451725.5537083573 0.9779052138328552 0.012881901115179
2451725.589124212 1.0370355248451233 0.012945364695042299
2451725.62245678 1.0501208901405334 0.01294942479580635
2451725.6606503483 1.0317100286483765 0.012936464510858
2451725.693288488 1.0106471180915833 0.012918874621391251
2451725.730093199 0.9988110661506652 0.0129005769267678
2451725.7648146236 0.9813496470451356 0.0128839407116174
2451725.7995360484 0.966655731201172 0.012877088971436
2451725.8356463304 0.9553474187850952 0.0128704728558659
2451725.869673327 0.9480650126934052 0.012876501306891351
2451725.9050891805 0.948754608631134 0.0128649184480309
2451725.9370328914 0.9464016556739808 0.0128644220530986
2451725.9745320305 0.9422345757484436 0.012877351604402
2451726.010642313 0.954839587211609 0.0128926634788513
2451726.045363738 0.9534860253334044 0.012893290258944
2451726.079390735 0.9518481492996214 0.01291751209646455
2451726.1155010173 0.9603762328624723 0.0129325687885284
2451726.150222443 0.9745270311832428 0.01295207301154725
2451726.186332726 0.9835776686668394 0.0129607822746038
2451726.221054152 0.9863080382347107 0.01296953763812775
2451726.256470007 0.9992107152938842 0.0129847433418035
2451726.291191433 0.9990162849426268 0.0130049772560596
2451726.3259128593 1.016871988773346 0.0130255077965557
2451726.3627175717 1.0247478485107422 0.01303633023053405
2451726.3967445698 1.041092038154602 0.0130688352510333
2451726.432854854 1.052032709121704 0.013085494749248
2451726.4675762816 1.0649062395095823 0.0131046427413821
2451726.5022977088 1.0665531158447263 0.0131214512512087
2451726.537713565 1.0732572078704834 0.0131373675540089
2451726.5731294216 1.0589059591293335 0.013139896094799
2451726.608545278 0.9898112714290619 0.0130975870415568
2451726.6432667063 0.9934819340705869 0.01311039132997385
2451726.679376992 1.0604044198989868 0.0131457191891968
2451726.7134039924 1.044281840324402 0.0131288105621933
2451726.74881985 1.0276132225990295 0.0131231467239558
2451726.7842357075 1.013051986694336 0.0131220174953341
2451726.818957137 0.9911306500434875 0.0131312496960163
2451726.8550674235 0.9754905700683592 0.0131218498572707
2451726.8897888535 0.969617247581482 0.0131081789731979
2451726.9224269977 0.9616912603378297 0.0130828190594911
2451726.960620571 0.9535945653915404 0.0130660086870193
2451726.995342002 0.9528496265411378 0.0130645632743835
2451727.030063432 0.9552478790283204 0.0130874942988157
2451727.0654792916 0.9596869647502899 0.01310108462348575
2451727.1008951515 0.9547476768493652 0.0131291160359978
2451727.135616583 0.9543386697769164 0.0131178386509418
2451727.171032443 0.95504030585289 0.013113206252455701
2451727.2064483035 0.9699196815490722 0.0131153399124741
2451727.241169736 0.9817517399787904 0.013110245577991
2451727.2765855966 0.9829041063785552 0.0131101817823946
2451727.312001458 0.9947258234024048 0.0131204891949892
2451727.34672289 1.002686858177185 0.0131297912448644
2451727.382138752 1.009086012840271 0.0131546105258166
2451727.4175546137 1.02128803730011 0.0131639009341597
2451727.4522760473 1.0334396362304688 0.01318418700248
2451727.487691909 1.0458149909973145 0.0131918364204466
2451727.5231077718 1.05738365650177 0.013217257335782
2451727.5578292054 1.0679616928100584 0.0132495872676372
2451727.5932450686 1.0731841921806335 0.01327627664431925
2451727.6286609317 1.0735594034194946 0.0132804326713085
2451727.6633823663 0.9946209192276002 0.0132013391703367
2451727.69879823 0.984393835067749 0.01317724958062165
2451727.734214093 1.0540046691894531 0.0132460771128535
2451727.7689355286 1.0488070249557495 0.0132373515516519
2451727.8043513927 1.0357862710952759 0.013241799548268249
2451727.8397672568 1.015016794204712 0.013243256136775
2451727.8744886927 0.9949771761894226 0.0132376793771982
2451727.9099045573 0.9848411679267883 0.0132127348333597
2451727.9453204223 0.9768834114074708 0.0131709221750497
2451727.9800418587 0.9652025103569032 0.0131395598873496
2451728.014763295 0.9595411419868468 0.0131394332274794
2451728.0508735897 0.9552664756774902 0.0131677743047475
2451728.0855950266 0.953746259212494 0.0131796123459935
2451728.121010892 0.959378808736801 0.0131953433156013
2451728.157121187 0.9594986736774445 0.0131993414834141
2451728.191148196 0.9593926668167112 0.0131859509274363
2451728.2258696337 0.9553201794624329 0.01317231077700845
2451728.261979929 0.9624961614608764 0.0131614971905946
2451728.2967013675 0.9744066596031188 0.0131611507385969
2451728.3321172344 0.9785619378089905 0.013170450460165701
2451728.3675331017 0.9845210313796996 0.0131763098761439
2451728.401560112 0.9944683611392975 0.0131972772069275
2451728.437670408 0.9985713064670563 0.01321251830086105
2451728.4730862756 1.0086389780044556 0.013235013000667
2451728.507807715 1.024448275566101 0.0132679650560021
2451728.542529154 1.0376187562942505 0.0132951401174068
2451728.577945023 1.0499635934829712 0.01332194684073325
2451728.613360891 1.0638030767440796 0.0133402813225984
2451728.6480823313 1.06640362739563 0.013340801000595
2451728.6834982 1.0690546035766602 0.0133293699473142
2451728.7189140692 1.0510623455047607 0.0132939312607049
2451728.7536355094 0.9810523390769958 0.0132370935752987
2451728.789745808 1.002780795097351 0.0132738957181572
2451728.8244672487 1.0508588552474976 0.013320212252438
2451728.85918869 1.0386343002319336 0.0133215645328164
2451728.893910131 1.0185369253158567 0.0133027220144867
2451728.9300204297 1.0036022663116455 0.0132771600037813
2451728.964047442 0.9896322190761566 0.01324324542656535
2451729.002935457 0.9773949384689331 0.0132204066030681
2451729.0355736124 0.9688182473182678 0.0132243493571877
2451729.0702950545 0.9635107517242432 0.013227469753473949
2451729.1057109255 0.9584454894065858 0.013240864500403349
2451729.141126797 0.9550206065177916 0.0132510093972086
2451729.1765426686 0.9548064470291138 0.01324091618880625
2451729.211264111 0.955257773399353 0.01323517039418215
2451729.2522354135 0.9547345042228698 0.0132158435881137
2451729.2814014256 0.9575156569480896 0.0131802251562476
2451729.316122869 0.9609648883342743 0.013176513370126451
2451729.35223317 0.9741379022598264 0.0131849218159914
2451729.3862601845 0.972885012626648 0.0131895863451063
2451729.422370486 0.9788514375686643 0.0132111925631761
2451729.457786359 0.9866032004356384 0.0132407881319522
2451729.493896661 0.9963412880897522 0.0132715320214629
2451729.527923676 1.009626865386963 0.013300387654453499
2451729.5626451205 1.0200399160385132 0.01332325534895055
2451729.597366565 1.0346379876136778 0.01336270198225975
2451729.6334768673 1.0435619354248047 0.01336509827524415
2451729.6681983126 1.056944191455841 0.013365818187594351
2451729.7036141865 1.069392442703247 0.0133716398850083
2451729.7390300604 1.0728154778480528 0.0133613506332039
2451729.7751403637 1.0695680379867554 0.0133677734993398
2451729.8091673804 0.990435779094696 0.0133183244615793
2451729.8445832552 0.9872197806835175 0.0133289629593491
2451729.87999913 1.0514557361602783 0.0133712431415915
2451729.9147205763 1.04779314994812 0.0133560951799154
2451729.950136451 1.0287488102912903 0.01333686010912055
2451729.985552327 1.0135403871536257 0.0132925426587462
2451730.020273773 1.0008987188339231 0.0132790068164467
2451730.0556896487 0.9903622567653655 0.013302240986376949
2451730.091105525 0.9743361473083496 0.0133255925029516
2451730.1258269716 0.968743562698364 0.0133348889648914
2451730.1612428483 0.9614843726158142 0.013326598796993449
2451730.1966587245 0.9601433277130128 0.0133085884153842
2451730.231380172 0.9599895477294922 0.0132736442610621
2451730.2667960487 0.9640183448791504 0.01324002817273135
2451730.302211926 0.9659201502799988 0.0132187809795141
2451730.336933374 0.9560240507125854 0.0132182892411947
2451730.372349251 0.9561060070991515 0.013231832534074749
2451730.4077651286 0.9619091749191284 0.013242875225842
2451730.442486577 0.97603702545166 0.0132821099832654
2451730.4779024553 0.9785426557064056 0.01331547554582355
2451730.513318333 0.984625279903412 0.0133405867964029
2451730.5480397823 0.99204283952713 0.0133689548820257
2451730.5834556604 1.0079274773597717 0.01340812072157855
2451730.618871539 1.0215094089508057 0.0134241906926035
2451730.6535929884 1.0346680879592896 0.0134383747354149
2451730.6890088674 1.0482203364372253 0.01342867827042935
2451730.724424747 1.0579242706298828 0.0134367989376187
2451730.759146197 1.0671778917312622 0.01344970241189
2451730.794562076 1.0750828385353088 0.0134725961834192
2451730.8299779557 1.078508377075195 0.0134967761114239
2451730.8646994065 1.0361604690551756 0.0134897977113723
2451730.900115287 0.9804902672767639 0.01342687709257
2451730.935531167 1.0163555145263672 0.0134501215070486
2451730.970252618 1.0485997200012207 0.013444316573441
2451731.00497407 1.042345643043518 0.0134292114526033
2451731.0403899504 1.0190533995628357 0.013425549957901201
2451731.0758058317 1.0099326372146606 0.0134397996589541
2451731.1105272835 0.9980164766311644 0.0134401712566614
2451731.145943165 0.9837836921215056 0.01343487389385695
2451731.1813590466 0.9762578010559082 0.0134277362376451
2451731.2160804993 0.969520568847656 0.0133840264752507
2451731.251496381 0.9628596901893616 0.01333687221631405
2451731.2869122634 0.967065989971161 0.0133191412314772
2451731.3216337166 0.9633412957191468 0.013308985158801
2451731.3570495993 0.9701018333435059 0.01332852477207775
2451731.392465482 0.9593676924705504 0.0133255012333393
2451731.4271869357 0.9553744196891784 0.0133590633049607
2451731.462602819 0.95697221159935 0.0133842234499752
2451731.4980187025 0.965362787246704 0.0134114427492022
2451731.532740157 0.9726258516311644 0.0134337516501545
2451731.5681560407 0.9799633622169495 0.01346441032364955
2451731.603571925 0.9876713156700134 0.0134860109537839
2451731.63829338 0.9934402704238892 0.01349020563066
2451731.6737092645 1.0076267719268799 0.013496987521648351
2451731.709125149 1.0258337259292605 0.0135139506310224
2451731.7438466046 1.0351299047470093 0.0135337403044104
2451731.7792624896 1.0488565564155579 0.013564028311520749
2451731.814678375 1.0609843730926511 0.0136006884276866
2451731.8493998316 1.0654683113098145 0.0136576974764466
2451731.8848157176 1.0713903307914732 0.01367597049102185
2451731.9202316036 1.0696029663085935 0.0136732114478945
2451731.954953061 0.9830650687217712 0.0135937854647636
2451731.9903689474 0.9830054342746735 0.01356533914804455
2451732.0257848343 1.047169804573059 0.013611159287393
2451732.060506292 1.0340280532836914 0.0136077255010604
2451732.095922179 1.0241700410842896 0.013607176952064
2451732.1313380664 1.0081892013549805 0.0136151826009154
2451732.166059525 1.0010929107666016 0.0136156771332025
2451732.2014754135 0.9901342988014221 0.01359145669266575
2451732.2368913013 0.978658378124237 0.0135389631614089
2451732.2716127606 0.973593294620514 0.0135083142668008
2451732.3070286494 0.9707666635513303 0.013482338283210951
2451732.3424445386 0.9646875262260436 0.0134910941123962
2451732.3771659983 0.9660149812698364 0.0135096292942762
2451732.412581888 0.9633549451828002 0.0135291279293596
2451732.4479977777 0.9559224247932434 0.013550610281527
2451732.482719239 0.9529587626457214 0.0135822724550962
2451732.518135129 0.949873149394989 0.01361081842333075
2451732.5535510196 0.9626599550247192 0.0136520015075802
2451732.588272481 0.9619023203849792 0.0136842196807265
2451732.623688373 0.9734430313110352 0.0136962672695517
2451732.659104264 0.9798735380172728 0.0137069365009665
2451732.6938257264 0.9862582683563232 0.0136993238702416
2451732.729241619 1.0020986795425415 0.0137391970492899
2451732.764657511 1.015022039413452 0.0137834595516324
2451732.7993789744 1.0238864421844482 0.0138345593586564
2451732.834794867 1.0350584983825684 0.01389775611460205
2451732.8702107603 1.0483118295669556 0.013937659561634
2451732.9049322247 1.0545698404312132 0.0139567153528332
2451732.9403481185 1.061570644378662 0.013958474155515401
2451732.975764013 1.066779375076294 0.0139259072020649
2451733.0104854777 1.002426505088806 0.0138654755428433
2451733.045901373 0.9726597368717191 0.0138269681483507
2451733.081317268 1.0196335315704343 0.0138770313933491
2451733.116038734 1.0309928655624387 0.0139159988611936
2451733.15145463 1.0190110206604004 0.01394477114081375
2451733.186870526 1.0095456838607788 0.0139397298917174
2451733.2215919932 0.997755706310272 0.0139101734384894
2451733.25700789 0.9890167713165284 0.0138849383220076
2451733.292423787 0.9762400388717652 0.0138297276571393
2451733.327145255 0.9659039974212646 0.0137921152636408
2451733.3625611532 0.9626799821853635 0.013782856054604001
2451733.3979770513 0.9518840909004213 0.0137901417911052
2451733.432698521 0.95030415058136 0.0138252414762973
2451733.4660311313 0.9538497924804688 0.0138738118112087
2451733.5063080364 0.9489145874977114 0.0139284208416938
2451733.5382517893 0.9486964344978333 0.0139745380729436
2451733.57297326 0.9398128390312196 0.0140186883509159
2451733.6083891606 0.9479316174983976 0.0140564423054456
2451733.644499491 0.9582164883613586 0.0140814017504453
2451733.6785265333 0.96336030960083 0.014108270406723
2451733.713942435 0.9694414138793946 0.01415758347138755
2451733.7493583374 0.9732667803764344 0.0142110446467995
2451733.7840798106 0.9941475987434388 0.0142923733219504
2451733.8208845723 1.007817566394806 0.01439402019605035
2451733.854911617 1.0229660272598269 0.0144770629703998
2451733.889633091 1.0328552722930908 0.0145084103569388
2451733.9250489953 1.0484743118286133 0.0145075838081538
2451733.9604649004 1.0513489246368408 0.0144727528095245
2451733.9972696644 1.0657895803451538 0.0144360177218914
2451734.0306022814 1.0621551275253296 0.01441307272762055
2451734.066018188 1.0502185821533203 0.0144127337262034
2451734.100739665 0.9745631814002992 0.0144269866868853
2451734.136155572 0.9783370494842527 0.0144944204948842
2451734.171571479 1.0418860912322998 0.0146030420437455
2451734.206292958 1.027590274810791 0.0146026816219091
2451734.2417088663 1.0229758024215698 0.014577186666429
2451734.2771247756 1.0045394897460935 0.0145158693194389
2451734.3118462553 0.9957687258720398 0.0144376941025257
2451734.3472621655 0.9832291901111603 0.01440231874585145
2451734.382678076 0.9787669777870176 0.0144080240279436
2451734.417399558 0.9682300090789796 0.0144631210714578
2451734.45212104 0.962648630142212 0.0145342834293842
2452011.1016888316 1.0424844622612 0.01374145876616235
2452011.1273835856 1.0306953191757202 0.0136974165216088
2452011.162106227 1.0103211402893066 0.0136372549459338
2452011.197523322 0.9775964617729186 0.013563647400587749
2452011.2329404172 0.9623461365699768 0.0134713957086205
2452011.26766306 0.9394997358322144 0.0133530460298061
2452011.3030801564 0.9321620464324951 0.01320032775402065
2452011.3384972536 0.9164698123931884 0.0130644086748361
2452011.373219898 0.8629948496818542 0.0129103241488337
2452011.4086369956 0.8207114636898041 0.01282481616362925
2452011.444054094 0.8231030702590942 0.0128603773191571
2452011.47877674 0.8839648365974425 0.0129861896857619
2452011.5141938394 0.8864222466945647 0.013113283086568051
2452011.549610939 0.897051990032196 0.0132697094231843
2452011.584333586 0.9242179989814758 0.0134253520518541
2452011.619750687 0.9327755272388458 0.01353602809831495
2452011.655167788 0.9558526873588562 0.0136076267808675
2452011.6898904364 0.97300523519516 0.0136197851970791
2452011.7246130854 0.9963682889938352 0.0136157805100083
2452011.7607246405 1.0105631351470947 0.0136328404769301
2452011.79544729 1.0345107316970825 0.013667655177414351
2452011.83016994 1.0499800443649292 0.0136699359863996
2452011.8655870436 1.0631025433540344 0.01366860931739205
2452011.9010041473 1.0684595704078674 0.013616824988275749
2452011.9350323454 1.06781804561615 0.0135405976325273
2452011.9711439023 1.0736308693885803 0.0134490262717008
2452012.0065610074 1.077053785324097 0.0133283277973532
2452012.041283659 1.0868769884109497 0.0132359880954027
2452012.0767007647 1.0759824514389038 0.013141799252480199
2452012.1121178707 1.0647302865982056 0.0130380215123295
2452012.1468405235 1.044633388519287 0.0129532758146524
2452012.18225763 1.0316954255104065 0.0128784300759434
2452012.217674737 1.0072873830795288 0.0128084262832999
2452012.2517029373 0.9915398061275482 0.0127163478173315
2452012.287814498 0.9768200814723969 0.0126232686452567
2452012.3232316053 0.957872688770294 0.0125027783215045
2452012.35795426 0.9405213594436644 0.0123856458812952
2452012.3933713683 0.9267681539058685 0.012310046236962
2452012.4287884766 0.907359540462494 0.0122691923752427
2452012.462816679 0.8305999636650085 0.0122078033164143
2452012.4982337877 0.8263267874717712 0.0122543247416615
2452012.53434535 0.8848761916160582 0.0124278059229254
2452012.5690680062 0.8869465589523315 0.0125568518415093
2452012.604485116 0.892438143491745 0.012682087719440401
2452012.6399022257 0.9068746566772462 0.0127771254628896
2452012.6746248826 0.9244285821914672 0.0128587055951356
2452012.7100419933 0.9468032121658323 0.0129056205041706
2452012.7440701975 0.9704332947731018 0.0129425469785928
2452012.7808762146 0.9954988956451417 0.01298013329505915
2452012.815598872 1.015781819820404 0.0130008719861507
2452012.851015983 1.0296050310134888 0.0130047276616096
2452012.8857386415 1.0560522079467771 0.0129893878474831
2452012.921155753 1.0674452781677246 0.012940761167555999
2452012.9565728647 1.0746219158172607 0.0128695862367749
2452012.9912955235 1.076128602027893 0.0127593986690044
2452013.0267126355 1.0827165842056274 0.012679586187005
2452013.0621297476 1.0920206308364868 0.0126089379191398
2452013.096852407 1.0941228866577148 0.0125259067863225
2452013.1315750666 1.0927941799163818 0.0124766025692224
2452013.166992179 1.073676288127899 0.0124103799462318
2452013.202409292 1.070135474205017 0.0123564302921295
2452013.2385208583 1.0478262901306152 0.0122862448915839
2452013.2732435185 1.0340665578842163 0.0122179221361875
2452013.3079661787 1.011741042137146 0.0121323559433221
2452013.343383292 0.9986855983734131 0.012032049708068301
2452013.378800406 0.9771627783775328 0.0119315637275576
2452013.413523067 0.9577087163925172 0.0118693234398961
2452013.4489401807 0.9393978714942932 0.0118345781229436
2452013.485051748 0.9245195090770719 0.0118467840366065
2452013.519774409 0.8450681567192078 0.011849152389913749
2452013.55449707 0.8205732107162476 0.01188673032447695
2452013.5892197317 0.8570164442062378 0.0120217036455869
2452013.623942393 0.893779844045639 0.01215419266372915
2452013.660053961 0.9033001661300657 0.01221871655434365
2452013.6947766226 0.9134381711483001 0.01226129150018095
2452013.7294992846 0.9376038610935211 0.0122987725771963
2452013.7649163995 0.9615805149078368 0.0123357502743601
2452013.800333515 0.9756300449371338 0.01235752413049335
2452013.8364450834 0.9971814453601838 0.0123808113858103
2452013.871862199 1.0190070867538452 0.0123924547806382
2452013.905890408 1.03260338306427 0.0123718176037073
2452013.9406130705 1.05376398563385 0.01233064848929635
2452013.9760301863 1.0746567249298096 0.0122731011360883
2452014.011447302 1.0826890468597412 0.0122054703533649
2452014.046169965 1.087480366230011 0.012122021056711601
2452014.0808926276 1.0887612700462341 0.01207002205774185
2452014.117004197 1.0924723744392395 0.012031306046992499
2452014.15172686 1.0975520014762878 0.0120089938864111
2452014.1871439763 1.0901534557342527 0.0119772171601653
2452014.222561093 1.0872751474380493 0.0119351334869861
2452014.257283756 1.0765612721443176 0.011894267518073251
2452014.2927008728 1.058537483215332 0.01183573435992
2452014.3288124427 1.0408556461334229 0.0117676816880702
2452014.3642295594 1.0312157273292542 0.01168820634484285
2452014.398952223 1.0112383365631104 0.011595849413424699
2452014.4350637933 0.9934492111206054 0.0115449042059481
2452014.4690920035 0.9784629344940184 0.0115195298567414
2452014.5045091207 0.9610600471496581 0.011526744347065649
2452014.539926238 0.9378517270088196 0.0115340622141957
2452014.574648902 0.9084476232528688 0.0115668913349509
2452014.610066019 0.8220176696777344 0.0115508656017482
2452014.6440942297 0.8160873055458068 0.0115917883813381
2452014.6802058006 0.885352849960327 0.0116998692974448
2452014.7142340112 0.8910847902297974 0.0117283673025667
2452014.749651129 0.9155086278915404 0.0117649063467979
2452014.7857627 0.934424579143524 0.0117877330631017
2452014.819790911 0.9496980607509614 0.0118087083101272
2452014.8552080286 0.9680675864219664 0.0118081411346793
2452014.8913195995 0.9947265982627868 0.0118260281160473
2452014.9253478106 1.0152822136878967 0.01180940819904205
2452014.962153835 1.035725712776184 0.0117886690422892
2452014.9968765 1.05927574634552 0.0117476386949419
2452015.031599165 1.0736901760101318 0.0117106353864073
2452015.0677107363 1.0799338817596436 0.0116703957319259
2452015.102433401 1.0927058458328247 0.0116470577195286
2452015.136461613 1.0870910286903381 0.01159361144527785
2452015.171878731 1.0968859195709229 0.0115798395127058
2452015.2079903022 1.1032804250717163 0.0115629089996218
2452015.2420185143 1.107040286064148 0.011559021659195399
2452015.2781300857 1.0931938290596008 0.01153249619528645
2452015.3135472042 1.0823769569396973 0.0114954421296715
2452015.3482698696 1.0683501362800598 0.01144380355253815
2452015.3836869877 1.0595781803131104 0.01138257468119255
2452015.4191041067 1.044769048690796 0.0113176964223384
2452015.454521225 1.0255858898162842 0.011290210764855101
2452015.4892438906 1.0063570141792297 0.0112525825388729
2452015.524661009 0.9819259643554688 0.0112503161653876
2452015.5600781282 0.9596411883831024 0.0112620596773922
2452015.5948007936 0.9347541034221648 0.011286926455795751
2452015.6302179126 0.920280694961548 0.0113309891894459
2452015.665635031 0.8280446231365204 0.0113030043430626
2452015.70105215 0.8080866336822509 0.0113230301067233
2452015.735774816 0.8558982014656067 0.0114043084904551
2452015.771191935 0.8773689568042755 0.011436928994953549
2452015.806609054 0.8893358707427977 0.0114539954811334
2452015.84133172 0.9089934825897216 0.0114651592448353
2452015.8760543857 0.9248862266540528 0.0114735458046197
2452015.910082598 0.9431575238704679 0.011485884431749551
2452015.9454997177 0.9730814099311828 0.0114688733592629
2452015.9816112905 0.9974092841148376 0.0114550990983843
2452016.0163339563 1.019994020462036 0.01141750626266
2452016.0510566225 1.0362436771392822 0.0113925244659185
2452016.0871681953 1.0499401092529297 0.0113659333437681
2452016.1218908615 1.0672924518585205 0.0113618336617946
2452016.156613528 1.0775527954101562 0.0113633880391716
2452016.194114007 1.073793888092041 0.0113552818074822
2452016.227447767 1.0739517211914062 0.0113583477213978
2452016.2621704335 1.0816450119018557 0.0113539304584264
2452016.2941152863 1.0982072353363037 0.0113544333726167
2452016.333004673 1.1120959520339964 0.0113217215985059
2452016.368421793 1.1165810823440552 0.011278076563030402
2452016.4038389125 1.106191873550415 0.0112313255667686
2452016.438561579 1.0911506414413452 0.0111843738704919
2452016.473978699 1.0669275522232056 0.01114774588495485
2452016.509395819 1.0501579046249387 0.0111357346177101
2452016.5441184863 1.0309656858444212 0.0111327702179551
2452016.5795356063 1.0087319016456604 0.0111453589051961
2452016.6149527263 0.9869930148124696 0.0111757311969995
2452016.6496753935 0.960551679134369 0.0112138967961072
2452016.685092514 0.9395410716533661 0.0112597881816327
2452016.7205096344 0.9056776762008668 0.0112692061811685
2452016.755232301 0.8355171084403991 0.0111970389261841
2452016.7906494215 0.842289388179779 0.01121439179405565
2452016.8260665424 0.9056274890899656 0.0112889856100082
2452016.8607892096 0.9138582348823548 0.0113059384748339
2452016.8962063305 0.9337447583675385 0.0113317645154893
2452016.931623451 0.9501193165779112 0.0113375838845968
2452016.9663461186 0.9793970584869384 0.0113207260146737
2452017.0017632395 1.0015109777450562 0.0113027510233223
2452017.0371803604 1.0252379179000854 0.0112763410434126
2452017.071903028 1.0450985431671145 0.0112628797069191
2452017.107320149 1.0634528994560242 0.0112627316266298
2452017.1427372703 1.084611177444458 0.0112612294033169
2452017.177459938 1.0918562412261963 0.0112706730142235
2452017.2128770594 1.107943832874298 0.011285555083304599
2452017.2482941807 1.1148442029953003 0.0113066276535391
2452017.283016849 1.105141043663025 0.0113044120371341
2452017.31843397 1.103989064693451 0.0112877166830003
2452017.353851092 1.1125013828277588 0.0112651512026786
2452017.38857376 1.1109864711761477 0.0112111438065767
2452017.423990882 1.1064510941505432 0.011162540875375201
2452017.459408004 1.093567132949829 0.0111090755090117
2452017.4941306724 1.0816611051559448 0.0110729541629552
2452017.5295477947 1.0591359138488767 0.01105408836156125
2452017.5649649166 1.0440828800201416 0.0110524464398622
2452017.5996875856 1.0270239114761353 0.0110794138163328
2452017.635104708 1.0128039121627808 0.0111231342889368
2452017.67052183 0.9876434206962584 0.011167200282216
2452017.7052444993 0.9720548391342164 0.0112094208598136
2452017.740661622 0.9412237703800204 0.01122074993327255
2452017.776078745 0.9230939149856568 0.0112124690786004
2452017.8108014143 0.8331814408302307 0.0111331790685653
2452017.846218537 0.8278489708900452 0.01112324604764575
2452017.8816356603 0.8902951478958131 0.0111756734549999
2452017.91635833 0.9055217504501344 0.0111918505281209
2452017.951775453 0.9244788289070129 0.0111866346560418
2452017.9871925768 0.9515205025672911 0.0111713800579309
2452018.0219152467 0.9678240418434144 0.0111411269754171
2452018.056637917 0.9905951619148254 0.0111117092892527
2452018.092055041 1.0083037614822388 0.011110301129519901
2452018.127472165 1.032805562019348 0.0111296633258461
2452018.1621948355 1.045732498168945 0.0111514143645763
2452018.1976119597 1.0606856942176819 0.011175895575433949
2452018.233029084 1.0762672424316406 0.0112012913450598
2452018.2677517547 1.0939196348190308 0.0112257935106754
2452018.30316888 1.1019381284713745 0.01121993595734235
2452018.3385860045 1.0969369411468504 0.0111941006034612
2452018.373308676 1.0930482149124143 0.0111515205353498
2452018.408725801 1.1029359102249146 0.011122301220893801
2452018.4441429265 1.1035619974136353 0.0110999951139092
2452018.4788655983 1.0981096029281616 0.0110897356644272
2452018.514282724 1.096513032913208 0.011089467443525701
2452018.5496998494 1.079398274421692 0.0110896909609436
2452018.584422522 1.0689265727996826 0.0111135961487889
2452018.6198396483 1.0476749539375303 0.0111310803331434
2452018.6552567747 1.028484344482422 0.0111727472394704
2452018.6899794475 1.012290596961975 0.0111962705850601
2452018.7253965745 0.9933507740497589 0.011201420798897702
2452018.7608137014 0.970897376537323 0.0111986231058835
2452018.7955363747 0.9511702060699464 0.0111804846674203
2452018.830953502 0.933148980140686 0.011164845898747399
2452018.8663706295 0.8887426257133485 0.0111127719283103
2452018.901093304 0.8250902891159058 0.0110352179035544
2452018.9365104316 0.8477205336093903 0.01105128414928905
2452018.9719275604 0.9056370854377744 0.0110772801563143
2452019.006650235 0.9147412180900572 0.0110442545264959
2452019.042067364 0.9340996742248535 0.01102407695725555
2452019.0774844927 0.951041102409363 0.0110048595815896
2452019.1122071687 0.9684981107711792 0.0110126109793782
2452019.147624298 0.9943554401397705 0.0110317091457545
2452019.1830414278 1.0146889686584473 0.0110441902652382
2452019.2177641043 1.034644603729248 0.0110606979578733
2452019.2524867808 1.049299240112305 0.011086837388575
2452019.288598365 1.0679800510406494 0.0110888769850134
2452019.323321042 1.0759800672531128 0.0110894413664937
2452019.3587381737 1.082368791103363 0.0110729443840682
2452019.3948497586 1.079904794692993 0.01103756297379725
2452019.429572437 1.0688205361366272 0.011005105450749349
2452019.4649895686 1.0750869512557983 0.0109916478395462
2452019.4990177937 1.0869497656822205 0.0110025247558951
2452019.5344349267 1.0799739360809326 0.0110087255015969
2452019.5698520597 1.0752553343772888 0.01101959031075235
2452019.605963647 1.0634762644767761 0.0110436733812093
2452019.640686327 1.0565167069435117 0.011065646540373501
2452019.674714554 1.0416102409362793 0.011088840663433
2452019.710826142 1.0195528268814087 0.0111068673431873
2452019.746243277 1.0013049840927124 0.0111010470427572
2452019.7816604124 0.9801020026206968 0.0111131854355335
2452019.815688641 0.9598878622055054 0.01110068149864665
2452019.8504113234 0.9437030851840974 0.01109445467591285
2452019.886522914 0.9277628362178802 0.01108946977183215
2452019.9226345043 0.9074849784374238 0.0110615594312548
2452019.957357188 0.8209518194198608 0.010965161025524101
2452019.991385419 0.8230480551719666 0.0109279714524745
2452020.0261081033 0.8876624107360839 0.0109584406018257
2452020.062219696 0.904542863368988 0.0109314061701297
2452020.0976368356 0.9153314530849457 0.0109039521776139
2452020.133053975 0.9386972784996032 0.0108921537175774
2452020.167082208 0.9598569869995116 0.01088980073109265
2452020.2018048954 0.9774985909461976 0.01091242767870425
2452020.2379164905 1.0045867562294006 0.0109600322321057
2452020.2740280866 1.024021565914154 0.0109970839694142
2452020.308056322 1.037575125694275 0.01103472057729955
2452020.342779011 1.0533921718597412 0.0110361780971288
2452020.3781961547 1.06664377450943 0.011021629907190751
2452020.413613299 1.0834749937057495 0.0109946997836232
2452020.4497248977 1.090412735939026 0.0109738353639841
2452020.485142044 1.0851057767868042 0.01095408573746675
2452020.5191702824 1.0829163789749143 0.0109593505039811
2452020.555281883 1.0942457914352417 0.010976081714034
2452020.590004577 1.0874578952789309 0.0109933326020836
2452020.6233383636 1.0833027362823486 0.0110246576368808
2452020.6601444203 1.072973608970642 0.01104202261194585
2452020.6948671164 1.0643123984336853 0.011065577622503
2452020.730978721 1.057070016860962 0.011098442133516049
2452020.7663958725 1.0406266450881958 0.0111266057938337
2452020.8004241167 1.0249289274215698 0.0111309308558702
2452020.835146816 1.0043262243270874 0.0111487032845616
2452020.8712584237 0.9848850667476653 0.0111396433785557
2452020.9073700327 0.9605576395988464 0.0111274761147797
2452020.9420927344 0.9437483549118042 0.011099501047283349
2452020.976120983 0.9281458258628844 0.0110641745850443
2452021.012927049 0.876123934984207 0.0109739508479833
2452021.0455663907 0.8254123926162719 0.01086410228163
2452021.082372458 0.8529909551143646 0.010849537793546901
2452021.1177896187 0.9063410758972168 0.0108465468510985
2452021.15320678 0.9167836606502532 0.01081332983449095
2452021.188623943 0.927777886390686 0.0107907587662339
2452021.222652198 0.9432428181171416 0.01081151328980915
2452021.256680454 0.9705791473388672 0.0108441757038235
2452021.293486528 0.9846982955932618 0.010867492761462899
2452021.3295981493 1.0164057612419128 0.010914031416177701
2452021.363626409 1.033301830291748 0.0109142633154988
2452021.3997380324 1.0578694343566897 0.0109088448807597
2452021.4344607485 1.0737817287445068 0.0108735291287302
2452021.468489011 1.0916982889175415 0.0108458558097481
2452021.503906184 1.0998982191085815 0.0108177177608013
2452021.540017812 1.1034915447235107 0.0107630062848329
2452021.5754349874 1.0972880721092224 0.01069639017805455
2452021.6108521633 1.1038615703582764 0.010657213628292
2452021.6448804317 1.1140587329864502 0.01057981466874475
2452021.6796031557 1.1097416281700134 0.010495245922356799
2452021.715020335 1.1000183820724487 0.0103733567520976
2452021.7511319695 1.0935927629470823 0.0102646686136722
2452021.785854696 1.0827643871307373 0.0101526295766234
2452021.8219663324 1.0687943696975708 0.0100501468405127
2452021.8573835148 1.0486480593681333 0.01000424986705175
2452021.891411788 1.0319145917892456 0.0099764401093125
2452021.9275234253 1.0135759115219116 0.0099542466923594
2452021.9622461526 0.994183361530304 0.0099307689815759
2452021.9969688794 0.9658282995224 0.0099021913483738
2452022.0323860594 0.9483318328857421 0.0098793949000537
2452022.067803237 0.930372953414917 0.009860229678452
2452022.102525958 0.8494285941123961 0.0097552295774221
2452022.1393320374 0.8590403199195862 0.0097648128867149
2452022.173360294 0.9460842907428739 0.009844671934843001
2452022.1914161015 0.9619731903076172 0.0098509369418025
2452023.128230083 0.9650058150291443 0.0112227220088243
2452023.15809138 0.8755422830581666 0.0114772245287895
2452023.1914249198 0.851507842540741 0.0117754396051168
2452023.2282307036 0.8988296389579773 0.0120585318654775
2452023.2636475894 0.9380728006362916 0.0122074363753199
2452023.2983700274 0.9510007500648496 0.0122648235410451
2452023.333786914 0.9623593389987946 0.0123189557343721
2452023.3692038013 0.9768301248550416 0.0123958429321646
2452023.403231791 0.9942775964736938 0.0125241954810917
2452023.4393431274 1.0190982222557068 0.0127116329967975
2452023.474760016 1.04593288898468 0.0129639413207769
2452023.5094824564 1.0651497840881348 0.013188948854804
2452023.5462882435 1.0739608407020569 0.01350035285577175
2452023.728233842 1.0818831324577332 0.0137725640088319
2452023.756011797 1.0923168063163757 0.01376078231260175
2452023.791428691 1.0983134508132937 0.0137514201924204
2452023.8261511363 1.0911602973937988 0.0137222921475768
2452023.861568031 1.0797002911567688 0.01369891781359905
2452023.896984927 1.0725607872009275 0.0136087769642472
2452023.931707374 1.0584760904312132 0.0134823713451623
2452023.9671242703 1.049107849597931 0.01333020953461525
2452024.0025411677 1.0276954174041748 0.0132079673931002
2452024.0372636165 1.0139408111572263 0.0131403878331184
2452024.0740694124 0.9902274906635284 0.01315173413604495
2452024.1080974136 0.9644697904586792 0.013210249133408
2452024.1428198637 0.946441888809204 0.0133093651384115
2452024.1782367635 0.9231071472167969 0.013343403115868499
2452024.213653664 0.9007273912429808 0.013302894309163
2452024.2483761157 0.816312849521637 0.0131663968786597
2452024.2837930173 0.8316582441329956 0.013006934430450149
2452024.319209919 0.910104751586914 0.0129180643707513
2452024.3532379232 0.9212357699871062 0.01279287086799735
2452024.3872659276 0.9330626726150512 0.0126888779923319
2452024.424071729 0.9549899995326996 0.0126709681935608
2452024.459488633 0.9736655354499818 0.0127103477716445
2452024.494211088 0.993163466453552 0.0127962920814752
2452024.5296279923 1.009531319141388 0.01295139547437425
2452024.5650448976 1.0250883102416992 0.0131124481558799
2452024.5997673534 1.0356569290161133 0.0132475458085536
2452024.635184259 1.0472031235694885 0.01333944452926515
2452024.6706011654 1.0596867799758911 0.0133831994608044
2452024.705323623 1.0650161504745483 0.0133873606100678
2452024.7407405297 1.0722240805625916 0.013361164834350299
2452024.776157437 1.0657621622085571 0.0133440755307674
2452024.8108798955 1.0586090087890625 0.0133245047181844
2452024.846296803 1.072036325931549 0.0133070447482168
2452024.881713711 1.072944402694702 0.0132584394887089
2452024.9164361707 1.0593146085739136 0.0131613817065954
2452024.9518530797 1.0542609095573425 0.01304463250562545
2452024.986575539 1.0433184504508972 0.012925683986395549
2452025.0206035506 1.0316903591156004 0.0128283891826868
2452025.057409359 1.0210461616516113 0.0127480654045939
2452025.0921318196 1.0001071095466612 0.0127340611070394
2452025.12754873 0.9849647283554076 0.0127671556547284
2452025.1629656404 0.9614340066909789 0.0127943591214716
2452025.1983825513 0.9393343925476072 0.0127952611073851
2452025.232410564 0.9165696799755096 0.01275395089760415
2452025.269216374 0.9091342091560364 0.0126457549631595
2452025.3039388363 0.8292939662933348 0.0124684209004044
2452025.338661299 0.8269519209861755 0.0123175727203488
2452025.3740782114 0.8991058468818663 0.0122625711373984
2452025.409495123 0.9221558570861816 0.012216136790812
2452025.444217587 0.93168044090271 0.0121975913643836
2452025.479634499 0.9368810951709747 0.01224219286814325
2452025.5150514124 0.9624408483505248 0.0123100616037845
2452025.5497738766 0.9850809574127196 0.0124481078237295
2452025.58519079 1.000675767660141 0.0125774824991822
2452025.6206077035 1.0125720500946045 0.0127057963982224
2452025.6553301676 1.0269904136657717 0.0127608366310596
2452025.6907470813 1.0446745157241821 0.01281808502972125
2452025.726163996 1.0530993938446045 0.0128389578312635
2452025.7608864605 1.0599395036697388 0.0128353117033839
2452025.7963033756 1.066184163093567 0.0128197371959686
2452025.83172029 1.0593351125717163 0.0128021417185664
2452025.8664427553 1.0590534210205078 0.0127826984971761
2452025.90185967 1.0651994943618774 0.0127423498779535
2452025.937276585 1.0701781511306765 0.0126699544489383
2452025.971999051 1.070436716079712 0.012593992985785
2452026.007415966 1.0635770559310913 0.0125198364257812
2452026.042832882 1.0539746284484863 0.0124696567654609
2452026.077555348 1.0436186790466309 0.0124271465465426
2452026.112972264 1.0250967741012573 0.0124015896581113
2452026.1490836293 1.0102021098136902 0.0123984343372285
2452026.183806096 0.9936362206935883 0.01237904699519275
2452026.218528562 0.971899539232254 0.012324093841016251
2452026.2539454787 0.9428110718727114 0.0122358947992324
2452026.287973496 0.9343287348747255 0.01214094739407295
2452026.3233904126 0.9195588231086732 0.0120099764317274
2452026.3595017786 0.8876568675041199 0.0118636721745133
2452026.393529797 0.8278630971908569 0.0117160840891301
2452026.431030061 0.8588429093360901 0.0116790472529828
2452026.46436363 0.9095066785812376 0.011721663177013349
2452026.5004749964 0.9197405874729156 0.011774331796914301
2452026.5338085657 0.9342725574970245 0.01186245493590825
2452026.5692254826 0.9498984217643736 0.0119896912947297
2452026.605336849 0.9720215201377868 0.0121204387396574
2452026.6407537665 0.9866880774497986 0.01223417744040485
2452026.6754762344 1.006214439868927 0.01230218401178715
2452026.710893152 1.0280256271362305 0.0123500451445579
2452026.7456156197 1.0436334609985352 0.0123769147321581
2452026.781032537 1.0550731420516968 0.01238601608201855
2452026.8164494545 1.066821813583374 0.0123791815713047
2452026.851171923 1.0724821090698242 0.0123641612008214
2452026.885894391 1.0743595361709597 0.012335100211203
2452026.9227002077 1.0682377815246582 0.01228947425261135
2452026.956728227 1.0695235729217527 0.0122277969494462
2452026.9921451444 1.0724228024482727 0.01218631770461795
2452027.0275620627 1.0808804035186768 0.0121312895789742
2452027.061590082 1.073917031288147 0.0120836235582828
2452027.097701449 1.0635173916816711 0.012038155924528799
2452027.1331183673 1.0505058765411377 0.0120028229430317
2452027.167840836 1.0342761278152464 0.0119893625378608
2452027.2032577544 1.0234150886535645 0.0119611099362373
2452027.2386746723 1.0056474208831787 0.01190778426826
2452027.273397141 0.9829810857772828 0.011824713088572
2452027.30811961 0.9655209183692932 0.011724941432476
2452027.3435365288 0.9502049684524536 0.011608505155891149
2452027.3782589976 0.932382345199585 0.0115095530636608
2452027.4136759154 0.919545829296112 0.0114178815856575
2452027.4497872833 0.8323014974594115 0.0112862782552838
2452027.484509752 0.8327969014644622 0.01130035286769265
2452027.518537772 0.901190847158432 0.0114177106879651
2452027.5546491398 0.9186495840549469 0.01150138070806855
2452027.5907605076 0.9297396540641785 0.0115947891026735
2452027.6247885274 0.9412288665771484 0.0116812447085976
2452027.660205446 0.9633438289165497 0.0117517337203025
2452027.6956223645 0.9804304838180542 0.0118188317865133
2452027.731039283 0.9984239935874939 0.0118630765937268
2452027.7671506507 1.0222219824790955 0.0118981231935322
2452027.801178671 1.042033314704895 0.0118990577757358
2452027.8365955893 1.060761272907257 0.011900604236871
2452027.872012508 1.067741632461548 0.01188959274441
2452027.9053460783 1.0723869800567627 0.0118700554594397
2452027.9421518957 1.0780864357948303 0.0118330512195825
2452027.976874365 1.065396249294281 0.01177811343222855
2452028.012985733 1.0607507824897766 0.011724181473255098
2452028.047708202 1.0749234557151794 0.011698851827532001
2452028.08381957 1.078170657157898 0.0116671896539628
2452028.1171531407 1.0752089023590088 0.0116558820009231
2452028.153958958 1.067001700401306 0.0116403717547655
2452028.1886814274 1.0577105283737185 0.0116309560835361
2452028.222709447 1.0433539152145386 0.01159461075440045
2452028.258820815 1.0300580263137815 0.01155724329873915
2452028.2935432848 1.014440894126892 0.01149069564417
2452028.3289602036 1.0034587383270264 0.011407044250518
2452028.364377122 0.9808293581008911 0.0113243940286338
2452028.399099591 0.9619612395763396 0.0112373353913426
2452028.43451651 0.9483286142349244 0.0111703155562281
2452028.470627878 0.9249719381332396 0.0111304773017764
2452028.5060447967 0.8638881742954254 0.011083666235208449
2452028.5407672655 0.8250477612018585 0.011058197822421751
2452028.5761841843 0.8548164367675781 0.0111650368198752
2452028.610212204 0.8978832960128784 0.011308669578284001
2452028.644934674 0.905974417924881 0.0113847902975976
2452028.680351592 0.9181881546974182 0.0114579638466238
2452028.7164629605 0.9366562962532043 0.0115227084606885
2452028.75049098 0.9628177285194396 0.01156448479741805
2452028.7852134495 0.9880150258541107 0.01158077782019965
2452028.8213248174 1.0100942850112915 0.0115855764597654
2452028.856741736 1.0309232473373413 0.011590470559895
2452028.8921586545 1.0430212616920471 0.0115799321793019
2452028.9275755733 1.0579591989517212 0.0115689411759376
2452028.962992492 1.067643105983734 0.011542183347046351
2452028.997020512 1.0755527019500732 0.0115032503381371
2452029.031742981 1.073354721069336 0.0114778382703661
2452029.067854349 1.0659135580062866 0.0114368144422769
2452029.1025768183 1.0722659826278689 0.0114273065701127
2452029.1338270404 1.0790300369262695 0.01144212204962965
2452029.174799554 1.0818908214569092 0.0114430077373981
2452029.2081331247 1.0829787254333496 0.0114428177475929
2452029.2435500436 1.0825421810150146 0.011442254297435249
2452029.278966962 1.073172688484192 0.0114223454147577
2452029.313689431 1.0614302158355713 0.0113678546622395
2452029.34910635 1.0449947118759155 0.01130282646045085
2452029.3845232683 1.0238325595855713 0.0112075181677937
2452029.4192457376 1.0074087381362915 0.01114472001791
2452029.4546626564 0.991939902305603 0.01110220234841105
2452029.4900795748 0.9661375880241394 0.0110766654834151
2452029.524802044 0.9446625113487244 0.0110713802278041
2452029.560218963 0.9169894754886627 0.01109821395948525
2452029.595635881 0.8336597681045533 0.0110720954835414
2452029.6303583505 0.8293915390968322 0.0111440047621726
2452029.6657752693 0.9054014384746554 0.011285374406725151
2452029.7011921876 0.9239673614501952 0.0113389296457171
2452029.735914657 0.945750892162323 0.0113828843459486
2452029.7713315757 0.9614645838737487 0.01141583174467085
2452029.806748494 0.9837285876274108 0.0114417662844061
2452029.8414709633 1.0077543258666992 0.0114545505493879
2452029.876887882 1.0246534347534177 0.0114705404266715
2452029.912304801 1.046838879585266 0.01147904060781
2452029.94702727 1.063106656074524 0.0114678340032696
2452029.9824441886 1.081600308418274 0.0114533687010407
2452030.017861108 1.0856821537017822 0.0114292586222291
2452030.052583577 1.0955350399017332 0.0114079797640442
2452030.0886949454 1.095610499382019 0.0113898264244198
2452030.1234174147 1.0922815799713137 0.0113755697384476
2452030.158139884 1.0859163999557495 0.0113646304234862
2452030.1935568033 1.1001136302947998 0.01137560885399575
2452030.2289737216 1.0970529317855835 0.0113701066002249
2452030.2636961914 1.098517894744873 0.0113585358485579
2452030.29911311 1.090079426765442 0.01131461514160035
2452030.334530029 1.077353835105896 0.0112603558227419
2452030.3692524987 1.0665152072906494 0.0111905075609684
2452030.404669418 1.0555245876312256 0.01114031719043845
2452030.440086337 1.0410107374191284 0.0111019304022192
2452030.4748088066 1.020279049873352 0.0110771125182509
2452030.5102257254 0.9948669672012328 0.011056779883801899
2452030.5456426446 0.9647606611251832 0.01106792781502
2452030.580365115 0.944301187992096 0.0110809169709682
2452030.6157820337 0.9223254919052124 0.01111609209328885
2452030.651198953 0.8510124683380128 0.011108529753983
2452030.685921423 0.8189256787300109 0.0111001338809728
2452030.7213383424 0.8700379729270935 0.0111731844954192
2452030.756755262 0.9168406724929808 0.0112460227683186
2452030.791477732 0.928984522819519 0.0112725785002112
2452030.826200202 0.9437574744224548 0.0113008990883827
2452030.861617122 0.9643273055553436 0.011327605228871052
2452030.8970340416 0.9879341721534728 0.0113576315343379
2452030.931756512 1.0117788314819336 0.0113716339692473
2452030.967173432 1.033668279647827 0.0113735375925898
2452031.0025903517 1.0477899312973022 0.0113693093881011
2452031.037312822 1.0670109987258911 0.0113475285470485
2452031.072729742 1.0795619487762451 0.011326341889798551
2452031.1081466624 1.0817999839782717 0.0113135697320103
2452031.142869133 1.0857945680618286 0.0113051915541291
2452031.1782860532 1.0878575444221497 0.01131170568987725
2452031.213702974 1.0807561874389648 0.0113055147230625
2452031.248425445 1.0813908576965332 0.0113123413175344
2452031.2838423653 1.0922446250915527 0.0112913004122674
2452031.319259286 1.091223120689392 0.011253111064434
2452031.3539817575 1.0826711654663084 0.01120101287961
2452031.389398678 1.0794241428375244 0.0111451945267617
2452031.4248155993 1.0680567026138303 0.011112367734313
2452031.459538071 1.0533422231674194 0.0110882939770817
2452031.494954992 1.0313906073570251 0.01105415681377045
2452031.5303719137 1.012107491493225 0.0110412994399666
2452031.5637054867 0.9941310286521912 0.0110634351149201
2452031.601205757 0.9719524383544922 0.0110776694491505
2452031.635928229 0.9440203309059144 0.0110957445576787
2452031.6706507015 0.9270930290222168 0.0111208902671933
2452031.7060676236 0.9053701758384705 0.0111310626380145
2452031.7414845456 0.8219025731086731 0.0110581805929541
2452031.7762070186 0.8280618786811828 0.0110807307064533
2452031.811623941 0.9065529406070709 0.01117625413462515
2452031.8470408637 0.9191741347312928 0.0112110851332545
2452031.8817633367 0.9363486766815184 0.0112296780571341
2452031.9171802597 0.9608613848686218 0.0112646557390689
2452031.952597183 0.9846152663230896 0.0112730581313371
2452031.987319657 1.0143046379089355 0.0112762544304132
2452032.0227365806 1.0279967188835144 0.01125725079327815
2452032.058153504 1.0459675788879397 0.0112462658435106
2452032.0928759784 1.066189169883728 0.0112447021529078
2452032.1282929024 1.0757375359535217 0.0112362331710755
2452032.163709827 1.077134370803833 0.0112392175942659
2452032.198432302 1.0810762643814087 0.0112519953399896
2452032.2338492265 1.087431252002716 0.01125808712095015
2452032.269266152 1.0748744010925293 0.0112373968586325
2452032.3025997286 1.07635235786438 0.0112290885299444
2452032.339405553 1.082635223865509 0.01121999323368065
2452032.3748224787 1.0880835056304932 0.0111888395622372
2452032.4102394045 1.0834711790084839 0.01115003926679485
2452032.445656331 1.0702887773513792 0.011109615676105
2452032.4796843585 1.0629348158836365 0.011083171702921349
2452032.5144068357 1.0432630777359009 0.0110764340497553
2452032.549823763 1.0328058004379272 0.0110655976459383
2452032.58524069 1.0175951719284058 0.011085763107985199
2452032.6206576177 0.9975838661193848 0.0111050065606832
2452032.656074546 0.9714928567409515 0.011137974914163299
2452032.6921859235 0.9485766887664796 0.01115713594481345
2452032.726213953 0.92569100856781 0.0111594209447503
2452032.7623253316 0.9025004506111144 0.0111597348004579
2452032.7970478116 0.815850555896759 0.0111082028597593
2452032.8310758416 0.8040158450603485 0.0110948611982166
2452032.866492772 0.8651793599128723 0.0111748622730374
2452032.902604152 0.893094003200531 0.0112282996997237
2452032.9380210824 0.9149468541145325 0.011247838847339101
2452032.9727435643 0.9372584521770477 0.0112651186063885
2452033.006077147 0.9525430500507355 0.0112574724480509
2452033.0428829785 0.979794442653656 0.0112444106489419
2452033.0776054612 1.006577968597412 0.0112295914441347
2452033.1137168435 1.030413508415222 0.0112374704331159
2452033.1491337772 1.0500762462615967 0.0112482644617557
2452033.183856261 1.0626054406166079 0.0112545611336827
2452033.220662095 1.0712226629257202 0.0112705640494823
2452033.252606781 1.0795226097106931 0.0112914508208632
2452033.2887181668 1.0861984491348267 0.0113003579899668
2452033.323440653 1.0754003524780271 0.0112799815833568
2452033.358857589 1.071198582649231 0.011263699736446049
2452033.394274526 1.0821995735168457 0.0112449070438742
2452033.4303859132 1.0808366537094116 0.011211291886866
2452033.465802851 1.0855315327644348 0.01116390433162445
2452033.5005253404 1.0770310163497925 0.011126655153930149
2452033.5359422797 1.0722824335098269 0.0111063215881586
2452033.57135922 1.0667505860328674 0.0111138550564646
2452033.6053872607 1.0471998453140259 0.01112570939585565
2452033.6401097523 1.0312750339508057 0.0111750708892941
2452033.676221144 1.006277322769165 0.0112222097814083
2452033.7102491865 0.9880679249763489 0.01125766988843675
2452033.7442772305 0.9585579633712769 0.0112709896638989
2452033.7817775244 0.9302285313606262 0.0112701207399368
2452033.8171944693 0.9068315625190735 0.01127567561343305
2452033.851916965 0.8732329905033112 0.011244723107665701
2452033.8887228114 0.8068958520889281 0.0111754667013883
2452033.922750859 0.8191441297531127 0.0112095898948609
2452033.957473357 0.8962004780769348 0.01126902364194385
2452033.9935847563 0.9160264432430266 0.01127180457115165
2452034.0276128063 0.9409871101379392 0.0112536838278174
2452034.063724207 0.9527418613433836 0.0112210512161254
2452034.0984467086 0.9754559397697448 0.0111849559471011
2452034.1331692114 0.9945595562458037 0.0111497710458934
2452034.1685861656 1.0262196063995361 0.0111450925469398
2452034.20330867 1.0449516773223877 0.0111434059217572
2452034.238031176 1.0594635605812073 0.0111385709606111
2452034.273448133 1.065259575843811 0.0111490059643983
2452034.309559541 1.0708374977111816 0.0111491093412041
2452034.3442820497 1.0736805200576782 0.0111525049433112
2452034.3796990104 1.0766329169273376 0.0111319497227668
2452034.4151159716 1.0657334327697752 0.0110730584710836
2452034.4505329337 1.0737884044647217 0.01103101251646875
2452034.485949898 1.084951400756836 0.0109915509819984
2452034.5199779626 1.0867819786071777 0.0109353954903781
2452034.5553949284 1.0893075466156004 0.0108741139993071
2452034.590117445 1.0808104276657104 0.010803029872477
2452034.625534414 1.0674734711647034 0.010741438250988701
2452034.6609513834 1.050513744354248 0.0106700994074344
2452034.6956739035 1.0336602926254272 0.0105704953894019
2452034.7324797763 1.016104280948639 0.01041840715333815
2452034.7672022986 1.004128396511078 0.01023888587951655
2452034.8026192724 0.9822660088539124 0.0100611494854092
2452034.8366473457 0.9554566144943237 0.00993398390710345
2452034.8720643204 0.933944135904312 0.00985854724422095
2452034.9067868455 0.9146240949630736 0.0098221767693758
2452034.942898271 0.8381771445274354 0.0097290948033332
2452034.9769263454 0.8347378969192505 0.00971767725422975
2452035.01303777 0.9120746552944183 0.00981107773259275
2452035.0484547424 0.9273269176483152 0.0098388269543647
2452035.0831772625 0.946006953716278 0.0098607651889324
2452035.118594229 0.974290519952774 0.0098891500383615
