2451438.0994675336 1.017208218574524 0.0019869615789502
2451438.175857986 1.015666365623474 0.0019425129285082
2451438.2522484246 1.0150190591812132 0.0019051977433264
2451438.3286388484 1.014758825302124 0.0018760727252811
2451438.405029253 1.0138311386108398 0.0018521375022828
2451438.479336265 1.0127435326576233 0.0018454992678016
2451438.557810004 1.0125470161437988 0.0018450387287884
2451438.634894805 1.0112279057502747 0.00184438616270195
2451438.709201755 1.0104142427444458 0.0018442196305841
2451438.7862865124 1.010087013244629 0.0018434508820064
2451438.8619823335 1.0088549852371216 0.0018429906340315
2451438.937678133 1.0084139704704285 0.00184275530045845
2451439.0140683684 1.0072851181030273 0.0018423933652229
2451439.0911530377 1.0068963766098022 0.0018418761901557
2451439.166848774 1.0064929127693176 0.00184163928497575
2451439.243238945 1.0053830742835999 0.00184164918027815
2451439.3196290964 1.0058717727661133 0.0018412705394439
2451439.395324771 1.005537033081055 0.0018413144862279
2451439.4717148812 1.0039502382278442 0.0018402773421257
2451439.548104972 1.0038976669311523 0.0018399725668132
2451439.624495043 1.003312349319458 0.0018399831606075
2451439.700885095 1.0027494430541992 0.0018393413629382
2451439.7765806736 1.0016197562217712 0.0018391057965345
2451439.8522762335 0.6442748904228209 0.0016220527468249
2451439.9286662303 0.9343198537826538 0.0017989934422075
2451440.005056208 1.0017213821411133 0.0018387037562206
2451440.0814461685 1.0015318393707275 0.0018387638265267
2451440.157836111 1.0024333000183103 0.0018394802464172
2451440.234226036 1.0015454292297363 0.0018382522976025
2451440.3106159433 1.0012735128402708 0.0018381862901151
2451440.386311381 1.0005705952644348 0.00183812197064975
2451440.4620068013 1.000349521636963 0.0018378858221694
2451440.5383966584 1.000067949295044 0.0018380865221843
2451440.6147864996 0.9997833371162416 0.0018374403007328
2451440.6911763237 0.9998506903648376 0.0018377213273197
2451440.767566132 0.9996641278266906 0.001837667194195
2451440.8439559233 0.9995053410530088 0.001837610732764
2451440.9203457 0.9993340969085692 0.0018375320360064
2451440.993263198 0.9986609816551208 0.00183732685400165
2451441.0752085606 0.9987678825855254 0.00183698604814705
2451441.1467371252 0.9992187619209288 0.001837498974055
2451441.2279880024 0.9985170066356659 0.0018370432662777
2451441.3015998933 0.9990310370922089 0.0018374627688899
2451441.3772951243 0.9986682534217832 0.0018369804602116
2451441.450906987 0.9987313151359558 0.001837111543864
2451441.5314633483 0.9987363219261168 0.0018373314524069
2451441.607158535 0.9988492131233215 0.00183732138248155
2451441.682159256 0.9984015226364136 0.00183719472261145
2451441.757854414 0.9985255002975466 0.00183757673949
2451441.8342440086 0.9991121292114256 0.0018375687068328
2451441.9092446864 0.9987026453018188 0.0018375575309619
2451441.9870231533 0.9996097087860109 0.0018378926906734
2451442.064107154 0.9996972382068635 0.00183807092253115
2451442.13910779 0.9997316896915434 0.0018381589907221
2451442.2148028617 1.000133037567139 0.0018383893184363
2451442.29119237 1.000085949897766 0.0018387228483334
2451442.367581864 1.0011730194091797 0.0018388673197478
2451442.443971344 1.0014292001724243 0.0018393321661278
2451442.5203608098 1.0013893842697144 0.0018394972430542
2451442.5967502613 1.0024325847625732 0.0018403105204924
2451442.6731396997 1.0027786493301392 0.0018409660551697
2451442.7488346742 1.0043278932571411 0.0018413665820843999
2451442.8245296357 1.0062582492828367 0.0018424877198413
2451442.9009190323 1.0057471990585327 0.0018423715373501
2451442.9773084153 1.0070176124572752 0.00184282369446
2451443.053697785 1.008540391921997 0.0018437373219057
2451443.1300871405 1.0094536542892456 0.001844237325713
2451443.2064764826 1.0101336240768433 0.0018445628229528
2451443.282865811 1.010804295539856 0.0018449150957167
2451443.3585606776 1.0118536353111267 0.0018458554986863999
2451443.434255531 1.0133293867111206 0.0018461665604263
2451443.51064482 1.0144662857055664 0.0018472200026735
2451443.587034095 1.01617693901062 0.0018477147677913
2451443.6634233566 1.0169172286987305 0.0018483062740415
2451443.739812605 1.0172754526138303 0.0018486477201804
2451443.8162018396 1.0185225009918213 0.0018491416703909
2451443.891896614 1.0192854404449463 0.0018498158315196
2451443.967591375 1.0202831029891968 0.0018505237530916
2451444.046063912 1.0210225582122803 0.00185071222949765
2451444.1224530935 1.0216773748397827 0.0018507211352698
2451444.1995367096 1.0221829414367676 0.00185128278099
2451444.273148078 1.0225991010665891 0.0018516825512051
2451444.349537221 1.0234501361846924 0.0018519157310947
2451444.4259263505 1.0240116119384763 0.0018520536832511
2451444.50162102 1.0241537690162659 0.00185230042552575
2451444.577315678 1.0244086980819702 0.0018523844191804
2451444.6537047685 1.0242578983306885 0.0018524082843214
2451444.730093846 1.024225115776062 0.0018521588062867
2451444.806482911 1.024474859237671 0.0018525848863646
2451444.8828719626 1.0246006250381468 0.0018528021173551
2451444.9592610016 0.9059154391288756 0.0017839523497968
2451445.035650027 0.7527995109558105 0.0016920563066378
2451445.1113445945 1.0235196352005005 0.0018519914592616
2451445.187039149 1.023618459701538 0.0018520673038437
2451445.2634281362 1.0237174034118652 0.0018517981516197
2451445.339817111 1.0222812891006468 0.0018514874391257
2451445.416206072 1.0219863653182983 0.0018511309754103
2451445.4925950207 1.0213614702224731 0.0018510011723265
2451445.5689839562 1.0213992595672607 0.001850969158113
2451445.6446784344 1.020185887813568 0.00185029458953065
2451445.7203729 1.0202196836471555 0.0018504569306969
2451445.7967617973 1.019858479499817 0.001849923399277
2451445.8731506816 1.018301486968994 0.001849218388088
2451445.9495395534 1.01713490486145 0.0018487619236111
2451446.0259284126 1.016989827156067 0.0018488153582438
2451446.1023172587 1.0161226987838743 0.0018479598220437
2451446.1787060923 1.0144556760787964 0.0018472204683348
2451446.2544004684 1.0141331553459167 0.0018469811184331501
2451446.330094833 1.012958288192749 0.0018464263994246
2451446.406483628 1.0120887756347656 0.0018461423460394
2451446.4828724107 1.0107831954956057 0.0018460161518305
2451446.5592611805 1.0109078884124756 0.0018453310476616
2451446.635649937 1.009892821311951 0.0018443658482283
2451446.712038682 1.0089915990829468 0.0018440090352669
2451446.788427413 1.0081112384796145 0.0018437498947605
2451446.8641216895 1.007179021835327 0.00184277584776275
2451446.9398159524 1.0057324171066284 0.0018422591965645
2451447.0085657774 1.0061413049697876 0.00184255413478235
2451447.0925933276 1.005354404449463 0.0018419623374938
2451447.1689819954 1.0046783685684204 0.0018419319530949
2451447.2453706516 1.0037208795547483 0.0018412567442283
2451447.3217592943 1.0032707452774048 0.0018408676842227
2451447.398147925 1.0025181770324707 0.0018407916650176
2451447.4738421002 1.0016291737556455 0.0018402091227471
2451447.549536264 0.7007489800453186 0.0016603200929239
2451447.625924857 0.8884820342063904 0.0017748675309121
2451447.7023134367 1.0010021924972534 0.0018406459130346
2451447.778702005 1.0007588863372805 0.0018404489383101
2451447.8550905595 1.0001144409179688 0.0018404257716611
2451447.9314791025 1.0005165338516235 0.0018412193749099
2451448.0071731913 0.9999309480190277 0.0018409025506115999
2451448.0828672685 0.999823808670044 0.001841171295382
2451448.159255774 0.9999567866325376 0.0018417531391605
2451448.235644268 1.0001648664474487 0.0018422437133267
2451448.3120327494 0.9998115301132202 0.0018425076268613
2451448.3884212184 0.9996124505996704 0.0018437890103086
2451448.464809676 0.9996154308319092 0.0018455543322488
2451448.541198121 0.9993298053741456 0.0018460530554875
2451448.6168921143 0.9993779957294464 0.0018471059738658
2451448.692586096 0.9990886449813842 0.0018488623900339
2451448.7689745063 0.9992359876632688 0.0018498713616281
2451448.845362906 0.9993806481361388 0.0018506841734051
2451448.9217512934 0.9985136985778807 0.0018517823191359
2451448.9981396706 0.9990679621696472 0.0018526966450735
2451449.0745280366 0.9990081787109376 0.0018536220304667
2451449.150916393 0.9982209801673888 0.0018544315826147
2451449.226610299 0.99825519323349 0.0018549552187323
2451449.3023041966 0.9984594583511353 0.0018554007401689
2451449.378692525 0.9985231757164 0.0018554119160398
2451449.455080844 0.9989290833473204 0.0018552429974079
2451449.5314691565 0.9993709921836852 0.0018547863001003
2451449.607857461 0.9986218214035032 0.0018533096881583
2451449.684245761 0.998460590839386 0.0018523811595514
2451449.760634056 0.9991963505744934 0.001851576147601
2451449.8363279095 0.9982905685901642 0.00184991181595245
2451449.9120217613 0.998032808303833 0.0018488962668925
2451449.9884100533 0.9985178112983704 0.0018492102390155
2451450.069659422 0.9982831478118896 0.00190422293962905
2451450.1064646943 0.9989714026451112 0.0019642820116132
2451451.593264966 1.0154856443405151 0.0019176447531208001
2451451.6647926727 1.0166957378387451 0.0018796952208504
2451451.741181467 1.0177735090255735 0.0018555741989985
2451451.8182646846 1.0184863805770874 0.00185027322731905
2451451.8939589933 1.020116686820984 0.0018503642641007
2451451.9703477225 1.0209215879440308 0.0018510246882215
2451452.0453475434 1.0218538045883179 0.0018511877860873
2451452.123125113 1.0223115682601929 0.00185185612645
2451452.198124889 1.0227254629135132 0.0018518354045227
2451452.2745135278 1.0234131813049316 0.0018520368030294
2451452.3509021434 1.0241467952728271 0.001852412126027
2451452.4279851792 1.0240676403045654 0.0018524113693273998
2451452.5036793095 1.0241310596466064 0.0018524734769016
2451452.580067861 1.0248554944992063 0.0018527114298194
2451452.65645639 0.9447957277297973 0.0018059831345453
2451452.7321504587 0.7045961916446686 0.0016613777843303501
2451452.807844506 1.02409565448761 0.0018521861638873
2451452.884232975 1.0243963003158567 0.0018522684695199
2451452.9606214245 1.0251222848892212 0.0018527352949604
2451453.037009854 1.0245040655136108 0.0018524044426158
2451453.1133982646 1.0232245922088623 0.0018514880212023
2451453.1897866563 1.0237983465194702 0.001851966837421
2451453.2661750293 1.023416519165039 0.0018516223644837
2451453.3418689445 1.0235877633094785 0.0018513327813707002
2451453.4175628424 1.0219022035598757 0.0018506433116272
2451453.4939511614 1.0224169492721555 0.0018505039624869
2451453.5703394637 1.0209300518035889 0.0018503186292946
2451453.646727748 1.0206341743469238 0.0018495986005291
2451453.7231160155 1.0197899341583252 0.0018495374824851
2451453.799504266 1.0194841623306274 0.0018488169880583
2451453.8758924995 1.0183740854263303 0.0018483255989849
2451453.951586278 1.017432987689972 0.00184785440796985
2451454.0272800406 1.016773343086243 0.001847238279879
2451454.1036682255 1.015323519706726 0.0018470515497028
2451454.180056394 1.0139147043228147 0.0018461239524185
2451454.256444547 1.0134392976760864 0.0018458950798958
2451454.332832684 1.0130620002746582 0.0018453364027664
2451454.409220805 1.012017846107483 0.0018444006564095
2451454.4849144733 1.0114706754684448 0.00184414134128015
2451454.5564415036 1.0094729661941528 0.0018431490752846
2451454.63977395 1.0086220502853391 0.0018428057665005
2451454.713384262 1.0076618194580078 0.0018424534937366
2451454.789772307 1.006645917892456 0.0018415203085169
2451454.866160337 1.006097674369812 0.0018411980709061
2451454.9425483523 1.0051251649856567 0.0018407738534733
2451455.018936353 1.004380464553833 0.0018404168076813
2451455.0946299024 1.0046559572219849 0.0018401241395622
2451455.170323438 1.0039902925491333 0.0018397424137219
2451455.2467113947 0.7649653553962708 0.0016980497166514
2451455.3230993375 0.8390210270881652 0.001744253677316
2451455.3994872654 1.0027179718017578 0.0018383748829364
2451455.4758751797 1.001975893974304 0.0018382183043286
2451455.552263079 1.002503991127014 0.0018383915303274
2451455.6286509647 1.001516819000244 0.0018378014210611
2451455.704344401 1.0014008283615112 0.00183780881343405
2451455.780037824 1.000589370727539 0.0018372939666733
2451455.856425668 1.001465916633606 0.0018377597443759
2451455.9328134977 1.0006244182586668 0.0018369973404332
2451456.0092013143 1.000064730644226 0.0018367621814832
2451456.0855891164 0.9998316168785096 0.0018363367998972
2451456.1619769055 1.0000666379928589 0.0018369853496551
2451456.23836468 1.0008808374404907 0.0018365344731137
2451456.3140580077 1.0002162456512451 0.001836618699599
2451456.3897513216 0.99989253282547 0.0018363436684012
2451456.4661390567 1.0004949569702148 0.0018367398297414
2451456.542526778 1.000410079956055 0.0018365726573392
2451456.6189144854 1.0001208782196045 0.0018366465810686
2451456.69530218 1.0001368522644043 0.0018361750990152
2451456.7716898606 0.9997665882110596 0.0018357719527557
2451456.8480775286 1.0000624656677246 0.0018358267843723
2451456.9237707495 0.9997908771038055 0.0018356061191298
2451456.999463958 0.9999732375144958 0.0018355197971686
2451457.075851586 0.9998817443847656 0.0018353275954723
2451457.152239201 1.0002602338790891 0.0018353906925767
2451457.2286268035 0.9997928142547609 0.0018353086197748
2451457.305014392 1.0000473260879517 0.0018354763742536
2451457.3814019677 1.0006849765777588 0.0018356970977038
2451457.4570950978 1.001542568206787 0.0018360872636548498
2451457.5327882157 1.0001999139785769 0.0018352979095652
2451457.614036777 1.0005772113800049 0.0018359344103373002
2451457.6855632765 1.0001207590103147 0.0018357748631387
2451457.761950787 1.0001322031021118 0.001836018054746
2451457.838338285 1.0008465051651 0.0018365131691098
2451457.9147257702 1.0006318092346191 0.0018362988485023
2451457.991113242 1.0008424520492551 0.0018362270202487
2451458.0668062703 1.0009999871253967 0.00183643400669095
2451458.1424992853 1.0005786418914795 0.001836615265347
2451458.2188867196 1.001260757446289 0.001836615265347
2451458.2952741403 1.0014771223068235 0.0018367166630923
2451458.371661549 1.0025460720062256 0.0018372916383668
2451458.448048944 1.0020844936370847 0.0018371299374848
2451458.5244363267 1.0031949281692505 0.0018374618375673
2451458.6008236967 1.0038337707519531 0.0018380157416686
2451458.6765166232 1.0051047205924988 0.0018383925198577
2451458.7522095377 1.0052152872085571 0.0018385739531368
2451458.8285968695 1.0070570707321167 0.0018398392712697
2451458.9049841887 1.0062872171401975 0.001839232048951
2451458.9813714954 1.007930040359497 0.0018400078406557
2451459.0577587895 1.008908987045288 0.0018405951559543
2451459.13414607 1.0098189115524292 0.0018411617493256
2451459.210533339 1.0111976861953735 0.0018422430148348
2451459.2862261655 1.0114657282829285 0.0018424543086439
2451459.3619189793 1.0123957395553589 0.0018431831849738
2451459.43830621 1.0142664909362793 0.001843630336225
2451459.5146934283 1.0152989625930786 0.001844284357503
2451459.591080634 1.0164557695388792 0.0018443412845954
2451459.6674678265 1.0170036554336548 0.0018448258051648
2451459.743855007 1.0176866054534912 0.0018447489710524
2451459.8195477454 1.0192585587501526 0.0018455967656336
2451459.8952404726 1.0195635557174685 0.0018460327992215
2451459.9716276154 1.0206398963928225 0.0018468885682523
2451460.048014745 1.0207560062408447 0.0018464515451341
2451460.124401863 1.0208508968353271 0.001847592415288
2451460.200788968 1.0215904712677 0.0018472945084795
2451460.2771760602 1.0227701663970947 0.0018479211721569
2451460.3535631397 0.9801928400993348 0.0018226376269012
2451460.42925578 0.69992995262146 0.0016556573682464499
2451460.5049484065 1.0222007036209106 0.0018467364134266
2451460.5764744557 1.0234026312828064 0.0018479040591045499
2451460.6577224787 1.0228111743927 0.0018482509767636
2451460.7341094958 1.02327299118042 0.001848446088843
2451460.8104965007 1.0237419605255127 0.0018483944004401
2451460.8868834926 1.0230755805969238 0.0018481884617358
2451460.9632704724 1.0228610038757324 0.0018476174445822
2451461.0389630124 1.0233104228973389 0.00184848695062095
2451461.1146555403 1.0225701332092283 0.0018478350248187
2451461.1910424824 1.021801471710205 0.0018475077813491
2451461.2674294123 1.0216493606567385 0.001847228151746
2451461.3438163297 1.0214359760284424 0.0018470985814929
2451461.4202032345 1.0210309028625488 0.0018467443296685
2451461.4965901272 1.0206730365753172 0.0018466919427737
2451461.572977007 1.0201542377471924 0.00184643920511
2451461.6486694487 1.0193660855293274 0.0018459409475326
2451461.724361878 1.018771767616272 0.0018455431563779
2451461.8007487217 1.0177780389785769 0.0018446127651259
2451461.8771355525 1.0169377326965332 0.0018441905267536
2451461.9535223716 1.0165784358978271 0.0018440465210005
2451462.029909178 1.0154588222503662 0.0018433940131217
2451462.106295973 1.014399528503418 0.0018428802723065
2451462.182682756 1.0134603977203367 0.0018423184519633
2451462.2583751017 1.012985646724701 0.0018421643180772502
2451462.334067436 1.0119732618331907 0.001841441146098
2451462.410454184 1.0112416744232176 0.0018406052840873
2451462.4868409205 1.0106571912765503 0.0018403897993266
2451462.5632276456 1.0096185207366943 0.0018399418331682
2451462.6396143604 1.0087121725082395 0.0018390457844361
2451462.7160010645 1.0078119039535522 0.0018383802380412
2451462.7916933335 1.006502389907837 0.00183765380643305
2451462.8673855932 1.0061521530151367 0.0018374563660472
2451462.943772268 0.823627769947052 0.0017306025838479
2451463.020158934 0.7819244861602782 0.001706056878902
2451463.096545592 1.0047976970672607 0.0018365206196904
2451463.172932243 1.0042120218276975 0.0018360594986006
2451463.2493188875 1.003814935684204 0.0018355489009991
2451463.325705528 1.0031598806381223 0.0018350583268329
2451463.401397741 1.0027632117271423 0.0018352937768213
2451463.4770899527 1.0025452375411987 0.0018350002355873
2451463.5527821663 1.0020984411239624 0.0018346181605011
2451463.634029776 1.001554489135742 0.0018591071711853
2451463.682639461 1.0019540786743164 0.0019276862731203
2452174.235305073 1.0003821849822998 0.0018325624987483
2452174.2797499425 0.9994531869888305 0.0018318097572773
2452174.354750644 0.999219536781311 0.0018317372305318
2452174.4311402263 0.9988259673118592 0.0018318285001441
2452174.5075297877 0.9978429079055786 0.0018315131310373
2452174.583919329 0.998604953289032 0.0018320315284654
2452174.659614401 0.9982604682445526 0.0018319622031412498
2452174.735309453 0.9987879991531372 0.0018321705283597
2452174.8116989364 0.9984426498413086 0.0018318641232326
2452174.8880884005 0.9985507726669312 0.0018319064984098
2452174.964477846 0.9981318116188048 0.0018320323433727
2452175.040867273 0.9978544712066648 0.0018318460788577
2452175.117256683 0.9985563158988952 0.0018318590009585
2452175.1936460743 0.9993563294410704 0.001832230715081
2452175.269341 0.9991019964218142 0.0018321115057915
2452175.3450359083 0.999792218208313 0.0018325541168451
2452175.4214252485 0.9993107318878172 0.0018326204735785
2452175.4978145715 1.000006079673767 0.0018332010367885
2452175.5742038777 1.0009353160858154 0.0018335623899474
2452175.650593167 1.00132155418396 0.0018336968496441
2452175.726982441 1.0014243125915527 0.0018338365480303
2452175.803371698 1.0030504465103147 0.0018346166471019
2452175.8790664924 1.0033771991729736 0.0018348063458688
2452175.9547612704 1.00383722782135 0.001835360424593
2452176.0311504807 1.0047255754470823 0.0018357302760705
2452176.107539675 1.0050255060195925 0.0018362243426963
2452176.1839288534 1.006009817123413 0.0018364804564043
2452176.260318017 1.00671124458313 0.0018369171302765
2452176.3367071655 1.0076411962509155 0.0018372734775766
2452176.412401852 1.0080695152282715 0.0018376125372014502
2452176.4880965245 1.008747100830078 0.0018380022374913
2452176.564485628 1.008898377418518 0.0018374109640717
2452176.640874717 1.0087356567382812 0.0018377020023763
2452176.7172637912 1.0090545415878296 0.0018377817468717
2452176.7936528507 1.0085411071777344 0.0018375983927398
2452176.870041895 0.6885104179382324 0.0016445248620584
2452176.9464309257 0.9615015983581544 0.0018104639602825
2452177.0221254965 1.0106757879257202 0.0018386138253844498
2452177.0978200533 1.0104010105133057 0.0018382293637841
2452177.1742090415 1.010446548461914 0.001838334952481
2452177.2505980153 1.0111429691314695 0.0018383609130978
2452177.326986975 1.0102537870407104 0.001838493393734
2452177.403375921 1.0107122659683228 0.0018383181886747
2452177.480459297 1.010466754436493 0.00183889543404795
2452177.55615377 1.010960578918457 0.0018387039890512
2452177.6318482296 1.010323166847229 0.0018381606205366001
2452177.707542676 1.010686278343201 0.0018383896676823
2452177.783931553 1.0102018117904663 0.001838379423134
2452177.860320416 1.009639024734497 0.0018378171371296
2452177.936709265 1.0097113847732544 0.0018375777872279
2452178.0130981016 1.0096631050109863 0.001837478368543
2452178.089486924 1.009232997894287 0.0018372090999037
2452178.165875733 1.009066820144653 0.0018370172474533
2452178.2415700844 1.0091010332107544 0.0018369266181252
2452178.3172644237 1.0088337659835815 0.0018368095625191
2452178.3936531926 1.0088993310928345 0.001837019692175
2452178.4700419484 1.0082424879074097 0.0018365188734605
2452178.5464306907 1.0075782537460327 0.0018359422683715
2452178.62281942 1.0074915885925293 0.0018359944224357
2452178.6992081357 1.00798237323761 0.0018362337723374
2452178.774902396 1.0072123408317566 0.001836294948589
2452178.850596643 1.00725519657135 0.0018357899971306
2452178.9269853197 1.0070821046829224 0.0018354102503508
2452179.0033739833 1.0065759420394895 0.0018354044295847
2452179.079762634 1.00734281539917 0.0018359011737629
2452179.1561512714 1.0063371658325195 0.0018352201441302
2452179.232539896 1.0062042474746704 0.001835114439018
2452179.3089285074 1.0058835744857788 0.0018346917349845
2452179.384622664 0.9867093563079834 0.00182454806054005
2452179.4554557167 0.6050810515880585 0.0015882722218520501
2452179.5367053812 1.004935383796692 0.0018346027936786
2452179.6130939415 1.005778193473816 0.0018350542522966
2452179.6894824887 1.006321907043457 0.0018353407504037
2452179.765871023 1.0066142082214355 0.0018352969782426
2452179.8422595444 1.0064353942871092 0.0018353785853832
2452179.918648053 1.0067981481552124 0.0018356296932324
2452179.9943421083 1.0070215463638306 0.001835627190303
2452180.0700361505 1.0072298049926756 0.0018356726504862
2452180.146424621 1.0084480047225952 0.0018364076968282
2452180.2228130787 1.0083247423171997 0.001836571493186
2452180.299201524 1.0085170269012451 0.0018365859286859
2452180.375589956 1.0092366933822632 0.0018370228353887
2452180.4519783757 1.0086722373962402 0.0018368953606113
2452180.527672343 1.008918285369873 0.0018366368603892
2452180.603366297 1.008910894393921 0.0018369107274338
2452180.6797546786 1.009379506111145 0.0018372919876128
2452180.756143048 1.0097533464431765 0.0018376453081145
2452180.832531404 1.0094536542892456 0.0018372138729318
2452180.908919748 1.0100862979888916 0.0018374748760834
2452180.985308079 1.0087023973464964 0.0018369171302765
2452181.0616963976 1.0087584257125854 0.0018369843019172
2452181.1373902643 1.0091989040374756 0.0018369899480603002
2452181.213084119 1.0083684921264648 0.0018365471623837
2452181.2894723997 1.0082931518554688 0.0018366909353062
2452181.365860668 1.007870316505432 0.0018360906979069
2452181.4422489237 1.007420778274536 0.0018361973343417
2452181.5186371664 1.0069938898086548 0.0018360279500484
2452181.595025397 1.0065315961837769 0.001835408504121
2452181.671413615 1.0063796043395996 0.0018353310879319
2452181.747107382 1.0066233277320862 0.0018354535568505
2452181.822801137 1.0055917501449585 0.001834787777625
2452181.899189317 1.0058977603912351 0.0018349011661484
2452181.975577485 1.0049176216125488 0.0018341727554798
2452182.0519656404 1.004150390625 0.001833985093981
2452182.128353783 1.0043932199478147 0.0018340757815167
2452182.204741913 1.0038950443267822 0.0018337648361921
2452182.2811300303 1.0042697191238403 0.0018338522640988
2452182.356823698 1.0034191012382507 0.00183341570664195
2452182.4325173534 1.0035945177078247 0.0018333942862227
2452182.5089054336 1.0031825304031372 0.0018330954480916
2452182.585293501 1.0029491186141968 0.0018328357255086
2452182.661681556 1.003180146217346 0.001833023619838
2452182.738069599 1.0026062726974487 0.0018328173318877
2452182.814457629 1.0026948451995847 0.0018330169841647
2452182.8901512097 1.002694547176361 0.00183279690099875
2452182.9658447783 1.0025755167007446 0.0018329320009797
2452183.042232771 1.0036077499389648 0.0018331437604501
2452183.118620751 1.002640962600708 0.001833020360209
2452183.1950087184 1.002730131149292 0.0018332154722884
2452183.2713966738 1.0039945840835571 0.0018336857901886
2452183.347784616 1.0035407543182373 0.0018336952198296
2452183.4241725462 1.0039416551589964 0.0018337999936193
2452183.4998660283 1.004626989364624 0.0018344317213631499
2452183.5755594983 1.0047767162322998 0.0018343508709222
2452183.651947391 1.0055094957351685 0.0018349937163293
2452183.728335272 1.0053859949111938 0.0018354601925238
2452183.8047231403 1.0067050457000732 0.0018362081609666
2452183.881110996 1.0067907571792605 0.0018362127011641
2452183.9574988396 1.00764000415802 0.0018375333165749
2452184.033886671 1.008453130722046 0.0018378022359684
2452184.1095800553 1.00930917263031 0.0018388202879577
2452184.185273428 1.0102734565734863 0.0018396864179521
2452184.2616612227 1.0111650228500366 0.0018407414900138
2452184.3380490057 1.01106595993042 0.0018408620962873
2452184.414436777 1.0119053125381468 0.0018420036649331
2452184.4908245364 1.011759877204895 0.0018424683948978
2452184.567212284 0.7005053162574768 0.0016544701065868
2452184.64360002 0.9320017695426942 0.0017987561877816
2452184.7192933112 1.014424204826355 0.0018470783834345001
2452184.7949865907 1.0143802165985107 0.0018490739166736
2452184.8713742937 1.0151013135910034 0.0018512794049456
2452184.9477619855 1.0148838758468628 0.0018538690637797
2452185.0241496675 1.0152925252914429 0.0018562407931312
2452185.1005373388 1.0150110721588137 0.0018613674910739
2452185.176925001 1.0159336328506468 0.0019296902464702
2452185.225535327 1.0154480934143066 0.002023241482675
2452187.2623131666 1.0058859586715698 0.001862469012849
2452187.3102294295 1.0058557987213137 0.0018411709461361
2452187.386617659 1.0062477588653564 0.0018400156404823
2452187.463005868 1.0055687427520752 0.0018387808231636
2452187.5393940522 1.0055925846099851 0.0018378675449639
2452187.6157822125 1.0060093402862549 0.0018379278481006
2452187.6914759097 1.0068703889846802 0.00183748896233735
2452187.7671695817 1.007025361061096 0.0018368352903053
2452187.843557666 1.0068681240081787 0.0018356334185227
2452187.919945725 1.0076905488967896 0.0018355491338297
2452187.9956393223 1.0083273649215698 0.00183480972191315
2452188.072721769 1.0081642866134644 0.001834744005464
2452188.1491097556 1.0082367658615112 0.0018347569275647
2452188.2248032824 1.0087581276893616 0.0018344292766414
2452188.300496787 1.0093318223953247 0.0018347146688029
2452188.3768847054 1.0096250772476196 0.0018350499449297
2452188.4532726016 1.0099543333053589 0.0018351699691265
2452188.529660477 1.009795069694519 0.0018348204903304
2452188.6060483307 1.0103152990341189 0.0018350217724218
2452188.6824361645 1.010401964187622 0.0018345959251746
2452188.7588239782 1.0095775127410889 0.0018346284050494
2452188.834517338 1.0097453594207764 0.0018345024436711502
2452188.9102106784 1.0101107358932495 0.0018347139703109
2452188.986598434 1.009807586669922 0.0018341784598305
2452189.062986171 1.0094913244247437 0.0018342473777011
2452189.139373889 1.0090311765670776 0.0018337920773774
2452189.21576159 1.0090739727020264 0.0018337381770834
2452189.2921492727 1.0087019205093384 0.0018330258317291
2452189.368536938 1.0083206892013548 0.001832989626564
2452189.4442301528 1.0085229277610779 0.0018327957368454999
2452189.519923351 1.007875084877014 0.0018321614479646
2452189.596310965 1.0075654983520508 0.0018321797251701
2452189.6726985625 1.00738787651062 0.0018319706432521
2452189.749086143 1.00650155544281 0.0018313236068934
2452189.8254737076 1.00563645362854 0.0018308176659047
2452189.901861256 1.0056068897247314 0.0018310375744476
2452189.9782487885 1.0052350759506223 0.0018304192926734
2452190.0539418734 1.0050837397575378 0.00183025590376925
2452190.1296349424 1.004494309425354 0.0018299841322004
2452190.2060224283 1.0042306184768677 0.0018295736517757
2452190.2824098985 1.0038424730300903 0.0018299131188541
2452190.3587973537 1.003952383995056 0.0018292861059308
2452190.435184794 1.0036674737930296 0.0018288714345544
2452190.511572219 1.0035719871520996 0.0018289838917553
2452190.587265198 1.002852201461792 0.0018285317346452999
2452190.662958163 1.0029796361923216 0.0018286295235157
2452190.7393455436 1.0033663511276243 0.0018283752724528
2452190.81573291 1.0034098625183103 0.0018282759701833
2452190.8921202617 1.0030412673950195 0.0018279972719028
2452190.9685075996 1.0031124353408811 0.0018275392940267
2452191.0448949225 1.0035375356674194 0.0018279008800163
2452191.1212822315 1.0033490657806396 0.0018274887697771
2452191.1969750966 1.0035683512687683 0.0018277321942149999
2452191.2726679477 1.0035593509674072 0.0018276838818565
2452191.3490552153 1.0042212009429932 0.0018279885407537
2452191.4254424684 1.0040640830993652 0.0018278225325047
2452191.501829708 1.0049144029617307 0.0018278801580891
2452191.5782169336 1.0046532154083252 0.0018278025090694
2452191.6546041453 1.005401611328125 0.0018281445372849
2452191.730991344 1.0058497190475464 0.0018282912205904
2452191.8066841 1.006504714488983 0.0018285799305885501
2452191.8823768427 1.0067542791366575 0.0018288982100784
2452191.9587640003 1.0072805881500244 0.0018291437299922
2452192.0351511454 1.007683515548706 0.0018295238260179
2452192.1115382765 1.0095056295394895 0.0018298140494152
2452192.1879253946 1.0091781616210935 0.0018303678371012
2452192.2643124997 0.7458000183105469 0.0016704179579392
2452192.340699591 0.8882907032966613 0.00175895052962
2452192.4163922416 1.01126366853714 0.00183051783824335
2452192.4920848794 1.0120556354522705 0.0018308889120817
2452192.568471932 1.0124404430389404 0.0018313401378691
2452192.6448589712 1.0132510662078855 0.001831900444813
2452192.721245998 1.0135550498962402 0.0018318896181881
2452192.7976330114 1.0135533809661863 0.0018318415386602
2452192.874020012 1.0139676332473757 0.0018320427043363
2452192.950407 1.0143630504608154 0.0018322445685043
2452193.0260995477 1.0137879848480225 0.0018319001537747
2452193.101792083 1.013635516166687 0.0018318293150514
2452193.1781790326 1.01516592502594 0.0018325017299503
2452193.2545659696 1.014188766479492 0.0018321778625249
2452193.3309528935 1.0144813060760498 0.0018319553928449
2452193.407339805 1.0138880014419556 0.0018320509698241
2452193.4788657194 1.0135803818702698 0.0018320785602554
2452193.5594191635 1.0123319029808044 0.0018323318799957
2452193.635111611 1.0116238594055176 0.0018319466616958
2452193.711498472 1.0116951465606687 0.0018320812378078
2452193.7878853204 1.011731743812561 0.0018318648217245
2452193.8642721567 1.0113027095794676 0.0018317324575036
2452193.94065898 1.011261224746704 0.0018317131325602
2452194.0170457913 1.0105420351028442 0.0018315236084163
2452194.0934325894 1.01058292388916 0.0018313829787075
2452194.16912495 1.0102754831314087 0.0018313579494133
2452194.244817299 1.0101652145385742 0.001831026864238
2452194.32120406 1.009007453918457 0.0018306628335267
2452194.397590809 1.0095434188842771 0.0018303660908713
2452194.4739775457 1.0089125633239746 0.0018303130054846
2452194.55036427 1.0090070962905884 0.001829829532653
2452194.626750982 1.0090371370315552 0.0018300563097
2452194.7031376814 1.0085986852645874 0.0018298549111932
2452194.778829944 1.0078645944595337 0.0018286250415257498
2452194.8545221947 0.6315600275993347 0.0015972559340298
2452194.9309088574 1.005688428878784 0.0018274702597409
2452195.007295508 1.0086573362350464 0.0018291050801053
2452195.083682146 1.008609175682068 0.0018290362786501
2452195.160068772 1.0090625286102295 0.001829162123613
2452195.2357609617 1.0091188549995422 0.0018290635198354
2452195.3128419872 1.009010910987854 0.0018290693406015
2452195.388534153 1.009280025959015 0.0018291102023795
2452195.4642263064 1.0096989870071411 0.0018293786561116
2452195.5406128713 1.0096262693405151 0.0018290913430973
2452195.6169994236 1.0100806951522827 0.0018293370958417
2452195.6933859643 1.009963035583496 0.0018293409375473
2452195.7697724923 1.01106595993042 0.0018298324430361
2452195.8461590083 1.0109260082244873 0.0018295153276994
2452195.922545512 1.0120904445648191 0.0018302870448678
2452195.998237581 1.0110447406768799 0.00182955374475565
2452196.073929638 1.0118303298950195 0.0018297507194802
2452196.1503161057 1.0125666856765747 0.0018305910052731
2452196.226702561 1.0126558542251587 0.0018304429249837
2452196.303089004 1.012875199317932 0.0018302913522347
2452196.379475435 1.0127122402191162 0.0018304451368749
2452196.455861854 1.0125081539154053 0.0018304623663425
2452196.5315538384 1.0124857425689697 0.0018305253470316
2452196.6072458117 1.0128993988037107 0.0018306006677448
2452196.683632194 1.012900471687317 0.0018305476987734
2452196.7600185643 1.0128333568572998 0.001830461085774
2452196.8364049224 1.0129119157791135 0.0018303940305486
2452196.9127912684 1.0125470161437988 0.0018300731899216
2452196.989177602 1.0129369497299194 0.0018298571230843
2452197.0655639237 1.012797236442566 0.0018302229000255
2452197.141255812 1.0116196870803833 0.0018299793009645998
2452197.2169476883 1.0118590593338013 0.0018300032243132
2452197.2933339737 1.011886715888977 0.0018293414032086
2452197.369720247 1.0115277767181396 0.001829169341363
2452197.446106508 1.0108401775360107 0.0018290353473275
2452197.5224927566 1.0105072259902954 0.0018285666592419
2452197.598878993 1.0102521181106567 0.0018281140364706
2452197.675265218 1.0107057094573977 0.0018283263780176
2452197.7509570103 1.00994211435318 0.00182792649138715
2452197.826648791 1.009434461593628 0.00182795105502
2452197.903034979 1.0087978839874268 0.0018275722395628
2452197.9794211555 1.0091415643692017 0.0018275597831234
2452198.0558073195 1.0088725090026855 0.0018272412708029
2452198.132193472 1.0083229541778564 0.0018268841085955
2452198.208579612 1.0083694458007812 0.0018268160056322
2452198.28496574 1.0077024698257446 0.0018263788660988
2452198.360657437 1.0079257488250732 0.00182667025364935
2452198.436349122 1.0075993537902832 0.0018260231008753
2452198.5127352146 1.0081255435943604 0.0018265137914568
2452198.589121295 1.007987141609192 0.0018261253135278
2452198.665507364 1.0077390670776367 0.0018262086668983
2452198.7418934214 1.0079299211502075 0.0018259072676301
2452198.818279467 1.0073163509368896 0.0018257236806675
2452198.894665501 1.0067464113235471 0.0018258263589814
2452198.9703571056 1.0073557496070862 0.0018261009827255999
2452199.0460486994 1.0071746110916135 0.0018257359042763
2452199.1224347004 1.0074385404586792 0.0018259692005813
2452199.1988206906 1.006952166557312 0.0018257100600749
2452199.27520667 1.007463455200195 0.0018258675700053
2452199.35159264 1.0085490942001345 0.0018261764198541
2452199.4279786 1.0082979202270508 0.0018263621022924
2452199.5043645506 1.0087424516677856 0.0018262392841279
2452199.580056075 1.0088790655136108 0.0018267022678628
2452199.6557475915 1.008451223373413 0.0018267874838784
2452199.7321335184 1.009816288948059 0.0018270988948643
2452199.80851944 1.0094228982925415 0.0018285472178831
2452199.8849053564 1.0098289251327517 0.0018521522870287
2452199.96129127 0.7936822175979614 0.0017645551124587
2452200.037677183 0.8460314273834227 0.0018557620933279
2452200.1133686802 1.0114161372184753 0.0020199752179905503
