2451683.3747043014 1.0791674256324768 0.0028602932579814503
2451683.4101209235 1.0987467765808103 0.0028722039423882
2451683.4448431004 1.048146605491638 0.0028415338601917
2451683.4802597184 0.9397657215595244 0.0027772689936682
2451683.5156763345 0.787940263748169 0.002679121447727
2451683.548315175 0.8338673710823059 0.00271245348267255
2451683.587898448 1.013275384902954 0.0028173748869448
2451683.624009503 1.0987244844436643 0.0028727378230541
2451683.6580372266 1.1116707921028137 0.00287883647251865
2451683.691370505 1.0627914667129517 0.00285019166767595
2451683.7260926696 0.9455463886260986 0.00278570200316605
2451683.7615092765 0.9226784110069276 0.002768108388409
2451683.796925883 1.032986342906952 0.00283197977114465
2451683.8323424878 1.0910028219223022 0.0028674434870481
2451683.867064649 1.0891469717025757 0.0028667945880442
2451683.9059534683 1.0027034282684326 0.0028133653104305
2451683.938592299 0.8742899298667908 0.00273718289099625
2451683.9726200146 0.7846292853355407 0.0026784096844494
2451684.0080366163 0.9161981046199799 0.002762657823041
2451684.0420643315 1.0409295558929443 0.0028377380222082
2451684.0781753757 1.1104437112808228 0.0028795544058084
2451684.1135919765 1.1009753346443176 0.00287360895890735
2451684.1490085763 1.0274839401245115 0.0028314059600234
2451684.1837307326 0.9183982610702514 0.0027682138606905
2451684.219147332 0.9588305354118347 0.00279192649759345
2451684.254563931 1.0639400482177734 0.0028586916159838
2451684.28998053 1.096090316772461 0.00287817057687785
2451684.324702685 1.0667820572853088 0.0028655418427660498
2451684.360119283 0.9700719118118286 0.0028064788784831
2451684.3948414377 0.8220319747924804 0.0027176688890904
2451684.4302580357 0.8074834644794464 0.00271264894399785
2451684.4656746327 0.9776030778884888 0.0028147541452199
2451684.500396787 1.0832116603851318 0.0028845246415585
2451684.5358133838 1.1140848994255066 0.00290272675920275
2451684.571229981 1.0780600309371948 0.0028838142752647
2451684.6059521344 0.9752665758132936 0.0028282145503908
2451684.641368731 0.9172862768173218 0.00279334920924155
2451684.676785327 1.008489966392517 0.002847310854122
2451684.71150748 1.0806806087493896 0.0028930599801242
2451684.746924076 1.0974038243293762 0.00290322944056235
2451684.7823406723 1.0355297327041624 0.0028731164056807
2451684.8170628245 0.9149175882339476 0.0028005121275782
2451684.85247942 0.7860434949398041 0.00271866691764435
2451684.887201573 0.8702486753463744 0.00276724924333385
2451684.922618168 1.0230700969696045 0.0028612338937819
2451684.958034763 1.1066282987594604 0.00291021738667035
2451684.993451358 1.1084195375442505 0.0029133162461221
2451685.0281735095 1.0555810928344729 0.0028803378809243
2451685.0635901047 0.9326280355453492 0.00281026691664005
2451685.0990066994 0.9325687885284426 0.002809528959915
2451685.1337288506 1.049000263214111 0.0028805118054151
2451685.1691454453 1.0957379937171936 0.002910143113695
2451685.2045620396 1.0859307050704956 0.0029052477329969
2451685.239284191 0.9985095262527466 0.0028573884628713
2451685.2747007846 0.8528643250465393 0.0027668557595461
2451685.3101173784 0.7869492769241333 0.0027213396970182
2451685.3448395296 0.938783586025238 0.0028190393932163
2451685.3802561234 1.0633262991905212 0.0028876900905743
2451685.4156727167 1.1156544685363767 0.0029208241030573
2451685.450394867 1.0917329788208008 0.0029086163267493
2451685.4858114608 1.0083708763122559 0.00286676548421375
2451685.521228054 0.9167147278785704 0.0028088067192584
2451685.555950204 0.979112148284912 0.002850541844964
2451685.591366797 1.0714085102081299 0.0029059631051495498
2451685.62678339 1.1001863479614256 0.0029245754703879
2451685.66150554 1.0586442947387695 0.0029038777574896
2451685.6962276897 0.9562754034996032 0.0028457844164222
2451685.731644282 0.7978554666042328 0.00275343086104835
2451685.767060875 0.8281310200691222 0.0027664999943226
2451685.8017830243 0.9923880100250244 0.0028659724630415
2451685.8371996162 1.0934378504753113 0.0029252640670165003
2451685.8726162086 1.1127091646194458 0.0029364523943513
2451685.9073383575 1.0711811780929563 0.002913225442171
2451685.9427549494 0.9601742327213287 0.0028452005935832
2451685.9781715414 0.9206360578536988 0.0028215886559337
2451686.01289369 1.0234644412994385 0.002878758823499
2451686.0483102817 1.0868902802467346 0.0029154086951166
2451686.0837268727 1.0949920415878296 0.0029222154989838
2451686.118449021 1.0238467454910278 0.00288613489829
2451686.153865612 0.9001695811748505 0.0028095527086406504
2451686.1892822036 0.7857126593589783 0.00274308770895
2451686.2240043515 0.8928765058517456 0.0028066870290786
2451686.259420942 1.0340266227722168 0.0028929490363225003
2451686.2948375326 1.1108040809631348 0.0029317687731236
2451686.3295596805 1.1036728620529177 0.0029272744432091
2451686.3649762706 1.037762463092804 0.0028874297859147
2451686.400392861 0.9215469956398008 0.0028219970408827
2451686.435115008 0.9461273550987244 0.0028327130712568
2451686.470531598 1.0548033714294434 0.00290111708454785
2451686.5059481882 1.09731924533844 0.0029279394075274
2451686.540670335 1.0773422718048096 0.0029191980138421
2451686.5760869244 0.9869164824485778 0.0028687642188742002
2451686.611503514 0.8369692564010621 0.0027819063980132
2451686.64622566 0.7906028628349304 0.0027551802340894
2451686.681642249 0.9572926759719849 0.00286069745197885
2451686.7170588383 1.0759027004241943 0.0029298514127731
2451686.7517809845 1.11284077167511 0.0029515654314309
2451686.787197573 1.0844337940216064 0.00293796032201495
2451686.8226141618 0.9873002171516416 0.0028802135493606
2451686.857336308 0.920138359069824 0.0028442016337066
2451686.892752896 0.9940218329429626 0.0028851951938122
2451686.9281694843 1.077711582183838 0.0029333578422665
2451686.962891629 1.0983446836471555 0.00294372276403
2451686.998308217 1.049735426902771 0.0029118906240909997
2451687.033724805 0.9362433552742004 0.002842292189598
2451687.0684469496 0.7825148105621338 0.0027530002407729
2451687.1038635373 0.8523609638214111 0.0027949935756623
2451687.1392801246 1.0099483728408811 0.0028877016156911
2451687.174002269 1.09820818901062 0.0029421802610158
2451687.2094188556 1.1104055643081665 0.0029497414361685003
2451687.244835443 1.0568339824676511 0.0029175444506108
2451687.2795575866 0.943042814731598 0.0028506685048341
2451687.314974173 0.9260274469852448 0.0028379377909004497
2451687.3503907598 1.0414137840270996 0.0029005543328821
2451687.385112903 1.0920482873916624 0.0029305606149137
2451687.4205294894 1.0877819061279297 0.00292836793232705
2451687.4559460753 1.0056592226028442 0.0028830275405198
2451687.490668218 0.871741771697998 0.0028040991164743
2451687.526084804 0.7828231453895568 0.0027592228725552
2451687.5615013894 0.920275032520294 0.0028420716989785
2451687.5962235318 1.0450719594955444 0.002925289561972
2451687.6316401167 1.1113871335983276 0.002960683312267
2451687.667056702 1.094828963279724 0.0029531549662351
2451687.7017788445 1.0183300971984863 0.0029137483797967
2451687.737195429 0.9180533289909363 0.0028534275479613997
2451687.7726120134 0.9654175639152528 0.0028794826939702
2451687.807334155 1.0666652917861938 0.0029400745406746
2451687.8427507393 1.0973052978515625 0.00295868446119125
2451687.8767784378 1.0728825330734253 0.0029417055193334
2451687.9149727933 0.9615812599658966 0.0028783874586224
2451687.9483060483 0.812463104724884 0.00279154395684595
2451687.9830281893 0.8085579872131348 0.00278844032436605
2451688.018444773 0.9781854748725892 0.0028874152339994
2451688.0538613563 1.0791776776313782 0.0029396101599558503
2451688.0892779394 1.1123825311660769 0.0029602064751088
2451688.12400008 1.0724177360534668 0.002940152073279
2451688.158027777 0.9764075875282288 0.0028835346456617
2451688.1941388026 0.9183375537395477 0.0028499355539679
2451688.229555385 1.0145034790039062 0.0029097606893628
2451688.264277525 1.0842105150222778 0.0029471702873706
2451688.305249649 1.0940058827400208 0.0029492694884538
2451688.335805132 1.030070185661316 0.00291320669930425
2451688.369832828 0.917149007320404 0.0028403752949088
2451688.4045549673 0.7830315232276915 0.0027593644335865
2451688.4399715485 0.8720314800739288 0.00281593739055095
2451688.47538813 1.0211282968521118 0.0029047057032585
2451688.510804712 1.1079518795013428 0.00295790203381325
2451688.546221293 1.108776807785034 0.0029613180086016
2451688.5809434312 1.047549605369568 0.0029365448281168
2451688.6163600115 0.9311375916004181 0.0028689774917438
2451688.653859921 0.9459394216537476 0.002880587009713
2451688.687193173 1.0506222248077393 0.0029421369545161004
2451688.721915311 1.0987847447395325 0.00297474185936145
2451688.757331891 1.0863230228424072 0.0029686668422073
2451688.7920540283 1.0044623613357544 0.0029218106064945
2451688.828165051 0.8468775153160094 0.0028281938284635
2451688.8628871883 0.7843890786170958 0.0027955546975135
2451688.8983037677 0.9434322416782379 0.0028910742839798
2451688.933025905 1.0639954805374146 0.0029583101859316
2451688.9684424843 1.1153218746185305 0.0029841100331395
2451689.0031646206 1.0907119512557983 0.0029674910474568
2451689.039275642 1.003688097000122 0.0029199093114584
2451689.0739977784 0.917424976825714 0.0028650362510234
2451689.1087199147 0.979353368282318 0.0029033126775175
2451689.1448309356 1.0777714252471924 0.0029594530351459
2451689.1795530715 1.1030223369598389 0.0029748736415058
2451689.2135807644 1.0630335211753845 0.00295419571921225
2451689.2496917853 0.9539128541946411 0.00288628460839385
2451689.2851083633 0.7936956882476807 0.002787415869534
2451689.319136056 0.8304496705532074 0.00280633335933085
2451689.3552470766 0.9991374909877777 0.0029065876733511
2451689.390663654 1.0958532094955444 0.0029548360034823
2451689.4239969035 1.1126408576965332 0.0029647350311279
2451689.4614968086 1.068011999130249 0.002939865225926
2451689.496218943 0.954525589942932 0.0028802868910133
2451689.530246635 0.9199857115745544 0.002866385388188
2451689.5663576545 1.029636800289154 0.0029387834947555997
2451689.601774231 1.091558814048767 0.0029809116385877
2451689.636496365 1.0962692499160769 0.0029885745607316
2451689.672607384 1.0175009965896606 0.0029448287095874
2451689.707329518 0.8887771368026732 0.0028770808130502
2451689.7420516517 0.7825023531913757 0.0028145981486886
2451689.777468228 0.9042721092700957 0.00288614793680605
2451689.812884804 1.0415434837341309 0.0029709073714911
2451689.84830138 1.1127116680145264 0.00300469389185305
2451689.8830235125 1.1032519936561584 0.0030017597600817
2451689.9184400886 1.0279526710510252 0.0029618679545819
2451689.954551107 0.919099509716034 0.0028931826818734
2451689.9892732394 0.9487337470054624 0.0029114484786987
2451690.023995372 1.0659137964248655 0.0029761127661913
2451690.0587175046 1.1007699966430664 0.0029971746262162
2451690.0941340798 1.0794923901557922 0.00298589759040615
2451690.1295506544 0.983116626739502 0.0029300074093043
2451690.1642727866 0.8288204073905946 0.002841493114829
2451690.1989949187 0.7967237830162048 0.0028243269771337
2451690.2344114934 0.9639191627502439 0.0029162446735426497
2451690.269828068 1.073861002922058 0.002979306736961
2451690.3045502 1.1135625839233398 0.0029912784229964
2451690.339966774 1.0842770934104917 0.0029700095765292003
2451690.375383348 0.9839775562286378 0.0029103839769959
2451690.4101054794 0.917773425579071 0.0028665857389569
2451690.445522053 0.9985563158988953 0.0029169396730139
2451690.4809386274 1.0796352624893188 0.0029693457763642
2451690.5156607586 1.101781129837036 0.0029887137934565
2451690.5510773323 1.047842264175415 0.0029682921012863
2451690.5864939056 0.9350131750106812 0.0029113963246345
2451690.621216037 0.7868260741233826 0.0028327165637165
2451690.6566326106 0.8542475998401642 0.0028787780320271
2451690.6920491834 1.0137912034988403 0.0029734433628618
2451690.726771314 1.1016442775726318 0.0030221822671592
2451690.7621878874 1.1055962443351746 0.00302729173563415
2451690.7976044607 1.0552030801773071 0.0030024265870451
2451690.832326591 0.9412314891815184 0.0029393532313406
2451690.867743164 0.9268599450588226 0.00293495925143355
2451690.9031597367 1.0401422977447508 0.0029996030498296
2451690.937881867 1.0942736864089964 0.0030300430953502
2451690.9732984398 1.0896887183189392 0.00302780629135665
2451691.0087150126 1.0101895332336424 0.0029761793557554
2451691.0434371424 0.868575930595398 0.0028991110157221
2451691.078853715 0.7852315008640289 0.0028431756654754
2451691.1142702876 0.9238889217376708 0.0029238767456263
2451691.1489924174 1.0537630319595337 0.0029990070033818
2451691.18440899 1.111535668373108 0.00303306430578225
2451691.2198255626 1.093807816505432 0.0030172627884894
2451691.2545476924 1.017818570137024 0.0029742047190666
2451691.2899642643 0.9173643290996552 0.00291137839667495
2451691.3253808366 0.9657386541366576 0.0029370398260653
2451691.3601029664 1.0678317546844482 0.0029871796723455
2451691.395519539 1.097707748413086 0.00300438073463735
2451691.4309361107 1.065762281417847 0.0029832758009433
2451691.4656582405 0.9642885327339172 0.002932469593361
2451691.501074813 0.8093867003917694 0.0028477797750383
2451691.5364913847 0.8151667118072509 0.0028599889483302
2451691.571213514 0.9819076657295228 0.0029676733538508
2451691.6066300864 1.0880241990089417 0.0030338686192408
2451691.642046659 1.1134853363037107 0.0030527641065418
2451691.676768788 1.072948336601257 0.0030397570226341
2451691.71218536 0.9676579236984253 0.00298387603834265
2451691.7462130473 0.9169710278511048 0.002957169432193
2451691.7837129473 1.0144479274749756 0.0030196902807801
2451691.8170461915 1.0802031755447388 0.0030557666905224
2451691.8545460915 1.0937217473983765 0.0030660950578749
2451691.8885737783 1.0267596244812012 0.0030319814104586
2451691.9226014656 0.9130741357803344 0.0029707227367907
2451691.9580180375 0.7847480177879333 0.00289426569361235
2451691.9927401673 0.8780543208122253 0.0029443124076351
2451692.028851182 1.028342604637146 0.00302501290570935
2451692.0642677546 1.1080378293991089 0.00306887866463505
2451692.0989898844 1.1039425134658811 0.0030656894668936
2451692.1344064567 1.041740596294403 0.0030313759343698
2451692.1712119146 0.9224700927734376 0.0029633028898388
2451692.20454516 0.935591220855713 0.002969360910356
2451692.239961732 1.0537924766540525 0.00303117523435495
2451692.275378305 1.097819447517395 0.0030515296384692
2451692.3101004353 1.0815927982330322 0.0030402834527194
2451692.345517008 0.9916969239711761 0.0029852309962734
2451692.3809335814 0.8430706262588501 0.002898900071159
2451692.42051681 0.8021615147590637 0.00286677491385485
2451692.4496834 0.9424145221710204 0.00294862582813945
2451692.485099973 1.0617283582687376 0.0030207787640392
2451692.521210989 1.1145665645599363 0.0030540032312273
2451692.555238677 1.0904869437217712 0.0030501633882522
2451692.592738579 0.9953570067882536 0.00300598074682055
2451692.6267662677 0.9180787205696106 0.00296983262524
2451692.6635717265 0.9904413819313049 0.0030212036799639
2451692.696904973 1.0765243172645569 0.0030723316594958
2451692.7323215473 1.100190043449402 0.0030890752095729
2451692.7677381216 1.0541667938232422 0.00307022535707795
2451692.8024602532 0.9498607218265532 0.0030184453353285503
2451692.8378768284 0.7887741923332214 0.0029396535828709
2451692.8725989605 0.8360407948493956 0.0029674845281988
2451692.90662665 0.9933517873287201 0.00306404998991635
2451692.943432111 1.0965781211853027 0.0031235988717526
2451692.978154244 1.1142475605010986 0.0031332965008914
2451693.01357082 1.0670801997184753 0.00310390733648085
2451693.0489873956 0.9483959674835204 0.0030327304266393
2451693.083015086 0.9201053977012634 0.00301152747124425
2451693.1205149908 1.0330723524093628 0.0030718561029061
2451693.154542682 1.091750144958496 0.0031041014008224
2451693.189264816 1.0927163362503052 0.0031044748611748
2451693.2246813932 1.019577443599701 0.0030632766429334497
2451693.2600979707 0.8920573592185974 0.0029872138984501
2451693.294820106 0.7835487127304077 0.0029274700209498
2451693.3302366836 0.9091498553752898 0.0029931743629276
2451693.364958819 1.0407860279083252 0.0030588345834985002
2451693.400375398 1.108876347541809 0.0030900239944458
2451693.4357919767 1.0995647311210632 0.0030823370907454998
2451693.471208556 1.0336885452270508 0.0030449905898422
2451693.505930693 0.9174824357032778 0.0029863805975764
2451693.54065283 0.9470500349998474 0.0030154611449688
2451693.5767638534 1.0668820142745972 0.0030916242394596
2451693.611485991 1.097039818763733 0.0031167701818048
2451693.6469025724 1.071571171283722 0.00311307923402635
2451693.6823191536 0.9754663705825805 0.0030725195538252
2451693.7170412927 0.8231262564659119 0.0029881303198635
2451693.752457875 0.8029546737670898 0.0029856901383027
2451693.787874458 0.9721949696540833 0.0030842523556202
2451693.822596598 1.074451208114624 0.0031440698076039
2451693.858013182 1.1116272807121277 0.0031696623191237
2451693.893429766 1.0785964727401731 0.0031593656167387
2451693.9281519074 0.9801949262619016 0.0031112374272197
2451693.963568493 0.9157631993293762 0.00308017455972725
2451693.998985078 1.0002702474594116 0.0031187585555016
2451694.0337072215 1.0784118175506592 0.0031536517199128
2451694.0691238083 1.0959102511405945 0.0031531498534604
2451694.105234838 1.0370222330093384 0.0031170367728918
2451694.1392625403 0.9284456968307496 0.0030553478281944
2451694.174679129 0.784442812204361 0.00297954969573765
2451694.2100957176 0.8605702519416809 0.0030250551644712
2451694.244817864 1.0134106874465942 0.0031143398955464
2451694.2802344547 1.102700412273407 0.0031583732925355
2451694.3156510456 1.106384515762329 0.003158384701237
2451694.350373194 1.054161548614502 0.0031218731310218
2451694.3857897865 0.9362502992153168 0.0030434592626988497
2451694.42120638 0.9278542399406432 0.0030320663936436
2451694.4552340875 1.0421383380889893 0.00309001188725225
2451694.491345125 1.093290090560913 0.0031163210514932004
2451694.52676172 1.084535002708435 0.0031179978977888
2451694.5614838735 1.0040374994277954 0.0030799044761806
2451694.59690047 0.8620029985904694 0.00301198638044295
2451694.632317068 0.7838383316993713 0.0029795479495078
2451694.6663447805 0.9246855676174164 0.00306105997879055
2451694.70176138 1.051236867904663 0.0031402148306369
2451694.73717798 1.1108567714691162 0.0031695102807133496
2451694.7725945814 1.0893456935882568 0.003159012645483
2451694.8073167405 1.0099629163742063 0.003116353880614
2451694.841344457 0.9139480888843536 0.00306210957933215
2451694.878149948 0.9659264087677002 0.0030938629060983
2451694.91287211 1.067712664604187 0.0031527457758784
2451694.9482887164 1.0963047742843628 0.0031685802387073497
2451694.983705324 1.0602465867996216 0.0031439750455319
2451695.018427489 0.962007224559784 0.0030853629577904
2451695.053844099 0.8039742410182953 0.00298426963854575
2451695.0892607095 0.8192164897918701 0.0029820282943546
2451695.123982878 0.9891401529312132 0.0030625464860349
2451695.1593994913 1.0865841507911682 0.0031100423075258
2451695.1948161055 1.1126232147216797 0.0031203068792819
2451695.2295382777 1.0732154846191406 0.0030963197350502
2451695.264954895 0.9605040848255155 0.00303283869288855
2451695.300371513 0.9156477451324464 0.0030009583570063
2451695.3350936887 1.0178465843200684 0.0030497391708195
2451695.3705103095 1.0845386981964111 0.0030801249668001504
2451695.4059269316 1.094344139099121 0.0030769526492804
2451695.4406491118 1.026742935180664 0.0030259706545621
2451695.4760657363 0.9076749682426453 0.0029561124974861
2451695.511482363 0.7823334336280823 0.0028756104875355
2451695.546204547 0.8811553120613098 0.0029333257116377
2451695.5816211756 1.0274193286895752 0.0030230081174522
2451695.6170378057 1.1071215867996216 0.0030702732037752
2451695.6517599938 1.1010839939117432 0.0030696231406182
2451695.6871766266 1.0392709374427795 0.00303844152949745
2451695.7225932605 0.9224307537078856 0.0029669504147022
2451695.757315452 0.9350184202194212 0.0029715585988014
2451695.7927320884 1.0513882040977478 0.0030143846524879
2451695.828148726 1.0938873291015625 0.0030246896203607
2451695.86287092 1.0781291723251345 0.0030026356689631
2451695.898287559 0.9887331426143644 0.00293943926226345
2451695.9337041983 0.8354555368423462 0.0028248776216059
2451695.968426394 0.787676990032196 0.0027721512597054
2451696.0038430337 0.9501396119594574 0.00284129811916495
2451696.0392596726 1.0636975765228271 0.0028827092610299
2451696.0739818676 1.1096854209899902 0.0028867276851087
2451696.1087040612 1.0787311792373655 0.0028591423761099
2451696.144815141 0.991386592388153 0.0028060835320502
2451696.1795373308 0.909850835800171 0.0027599143795669
2451696.214953962 0.9826926290988921 0.00280157686211165
2451696.2503705886 1.069478154182434 0.0028520445339381
2451696.285787211 1.0934242010116577 0.00286731892265375
2451696.3205093844 1.0478034019470215 0.0028423245530575
2451696.3559259954 0.936182141304016 0.002776417415589
2451696.382314837 0.8119033575057982 0.0026950212195515
2451697.3517532987 1.0209888219833374 0.0028271514456719
2451697.3753641923 1.0862327814102173 0.0028642057441174
2451697.4107805304 1.1196208596229553 0.0028811721131205004
2451697.4455024283 1.0833772420883179 0.00286398176103825
2451697.4809187613 0.9815992116928101 0.0027954339748248
2451697.515640654 0.9204638600349424 0.0027623418718576
2451697.5517514213 1.0096007585525513 0.0028133080340921
2451697.5857788725 1.0820835828781128 0.0028596771880984
2451697.621889636 1.1021481156349182 0.00287136610131705
2451697.65730596 1.0474286079406738 0.0028356018010526
2451697.692027845 0.9288226366043092 0.0027646136004477
2451697.7274441663 0.7898530960083008 0.0026830306742339997
2451697.763554924 0.8782549798488617 0.00273440754972395
2451697.7968879305 1.0209655165672302 0.0028232446638867
2451697.8309153738 1.106811761856079 0.0028758216649293
2451697.8684150036 1.1134201288223269 0.0028775606770068
2451697.90383132 1.0559141039848328 0.0028416748391464
2451697.9385531982 0.9352808892726897 0.0027731374138966
2451697.9739695136 0.9386193752288816 0.0027752555906772
2451698.009385828 1.054404854774475 0.0028412714600562997
2451698.0441077044 1.1018359661102295 0.0028716260567307004
2451698.080912893 1.0881178379058836 0.0028657261282205
2451698.1142458934 1.0065511465072632 0.0028164337854832
2451698.1489677685 0.8677045106887817 0.0027302368544042
2451698.185078518 0.7905759811401366 0.0026843617670238
2451698.219800392 0.939005970954895 0.0027782989200204
2451698.2552167033 1.064383625984192 0.00285530090332025
2451698.2906330144 1.120052695274353 0.0028865977656096
2451698.3253548876 1.0964577198028564 0.0028754158411175
2451698.3600767604 1.014855980873108 0.0028251458425074
2451698.396187508 0.9226438403129577 0.0027752381283789
2451698.4309093803 0.9798189401626588 0.0028095094021409
2451698.46632569 1.0756980180740356 0.0028712870553135
2451698.5017419993 1.1060482263565063 0.0028895789291709
2451698.536463871 1.0669264793395996 0.0028732412029057
2451698.57188018 0.9636421501636506 0.00280902849044645
2451698.6072964887 0.8041948080062865 0.0027122495230287
2451698.6420183596 0.8303449153900145 0.0027273485902696
2451698.6781291054 1.005793213844299 0.002836960600689
2451698.7128509767 1.0987342596054075 0.0028930723201483
2451698.747572847 1.1209428310394287 0.0029063741676509
2451698.782989155 1.0773937702178955 0.00288347597233945
2451698.818405463 0.9605112671852112 0.0028172642923891
2451698.8531273333 0.9223157167434692 0.002793816383928
2451698.8885436407 1.0296040177345276 0.0028563776286318
2451698.923959948 1.09104323387146 0.0028933754656463
2451698.9586818176 1.0993685722351074 0.0028968970291316
2451698.994098125 1.03071129322052 0.0028593718307091997
2451699.029514432 0.9037498235702514 0.0027792914770543
2451699.0642363015 0.7905498445034026 0.0027147760847583
2451699.099652609 0.9029062986373901 0.0027817524969577503
2451699.1350689153 1.04863703250885 0.0028679419774562
2451699.1697907844 1.1169300079345703 0.0029087264556437
2451699.205207091 1.112026333808899 0.0029060378437861002
2451699.2406233973 1.0440872907638548 0.0028647605795413
2451699.2753452663 0.9263973832130432 0.0027967870701104
2451699.3093726975 0.9465186595916749 0.00280648597981775
2451699.345483441 1.065020442008972 0.00287581258453425
2451699.3808997474 1.1043623685836792 0.0029017669148743
2451699.4163160534 1.0835257172584534 0.00289058708585795
2451699.4510379215 0.9929591715335846 0.0028415600536390497
2451699.486454227 0.8403165936470031 0.0027501175645738
2451699.5211760956 0.7989440560340881 0.0027298110071569
2451699.556592401 0.9661537706851961 0.002830465324223
2451699.5920087066 1.0826985836029053 0.0029015156906098
2451699.6267305743 1.122238516807556 0.0029265352059155
2451699.66214688 1.0911715626716614 0.00290826580021525
2451699.697563185 0.998062551021576 0.0028568925336003
2451699.7308961777 0.9208935499191284 0.0028078586328774
2451699.7677013576 0.9957844913005829 0.00285485968925055
2451699.803117662 1.0868840217590332 0.0029069632291793
2451699.83783953 1.106258749961853 0.0029186413157731
2451699.872561397 1.0570424795150757 0.0028930087573826
2451699.9086721386 0.9464424252510072 0.0028220054227858
2451699.943394006 0.7950541973114013 0.0027342084795236
2451699.9788103104 0.8568753898143768 0.00276875263079995
2451700.0142266145 1.0192773342132568 0.0028631603345274
2451700.048948481 1.1096950769424438 0.0029162247665226
2451700.0843647853 1.119107365608215 0.00292289268691085
2451700.1197810895 1.0660964250564575 0.0028916841838508
2451700.1545029557 0.9518073797225952 0.0028285542502999
2451700.1899192594 0.9283213913440704 0.00281626719515765
2451700.225335563 1.045660138130188 0.0028813281096518
2451700.2600574293 1.1006665229797363 0.0029109634924679
2451700.295473733 1.100720763206482 0.0029097166843711497
2451700.330890036 1.0213875770568848 0.0028636888600885
2451700.365611902 0.8826254010200499 0.002777288435027
2451700.4010282047 0.790814995765686 0.0027262914227321
2451700.436444508 0.9233281016349792 0.0028073317371308
2451700.471166373 1.057889461517334 0.0028930059634149
2451700.5065826764 1.1223788261413574 0.0029313900740817
2451700.5419989787 1.103762149810791 0.0029239996802061
2451700.576720844 1.0312041044235227 0.0028838363941758
2451700.6121371463 0.9239414632320403 0.0028214056510478
2451700.647553449 0.9707589745521544 0.0028492808341979
2451700.6822753134 1.070949912071228 0.0029079620726406
2451700.7176916157 1.1056523323059082 0.00292746268678455
2451700.7531079175 1.0767583847045898 0.002909414935857
2451700.7878297823 0.9801946878433228 0.0028565453831106
2451700.823246084 0.824106901884079 0.0027613749261945
2451700.8586623855 0.816782772541046 0.0027580298483371
2451700.89338425 0.9855754375457764 0.0028600259684026
2451700.928800551 1.090260624885559 0.00292123376857485
2451700.964216852 1.1216167211532593 0.0029384077060967
2451700.998938716 1.0860018730163574 0.0029163514263927
2451701.0343550164 0.9814586341381072 0.0028539628256112
2451701.0697713178 0.9237047433853148 0.0028172535821795
2451701.104493181 1.0158385038375854 0.0028758444823324
2451701.1399094816 1.0912578105926514 0.00291793781798325
2451701.1753257825 1.104793906211853 0.0029282213654369
2451701.2100476455 1.0476280450820925 0.0028949733823537
2451701.2454639454 0.9247133433818817 0.0028196180937811004
2451701.2808802454 0.7931470274925232 0.0027375116478651
2451701.3156021084 0.8782525658607483 0.0027845927979797
2451701.3510184083 1.0330959558486938 0.0028776185354217497
2451701.386434708 1.1143096685409544 0.0029282323084771
2451701.42115657 1.11541748046875 0.0029292982071638
2451701.45657287 1.0566163659095764 0.0028977438341826
2451701.491989169 0.9403817057609558 0.0028353130910545
2451701.526711031 0.939232051372528 0.0028379061259329
2451701.5621273294 1.0583990812301636 0.0029110907344147502
2451701.597543629 1.1048285961151123 0.0029452666640281
2451701.62740443 1.1023081541061401 0.00294380763079965
2451701.666292914 1.0135358572006226 0.0028956541791558
2451701.704486962 0.8520911335945129 0.0028009922243654
2451701.7378199487 0.791547119617462 0.0027628510724753
2451701.771847372 0.9425351619720459 0.0028467387892305
2451701.8079581074 1.0708066821098328 0.0029220711439847504
2451701.841985531 1.1209012269973757 0.0029517703223973
2451701.878096266 1.0970001220703125 0.0029415471944957
2451701.9135125643 1.0137612223625183 0.00288763514254235
2451701.950317736 0.9208313822746276 0.0028338471893221
2451701.9836507216 0.98263943195343 0.0028676441870629
2451702.019067019 1.0780815482139585 0.00292348361108445
2451702.0544833164 1.1076983213424685 0.0029390032868832
2451702.089205176 1.0683259963989256 0.002915229415521
2451702.12531591 0.9579867124557496 0.0028610974550247
2451702.16003777 0.8047510981559753 0.0027673672884702
2451702.194759629 0.8367628455162048 0.0027866070158779
2451702.2301759254 1.0050178170204163 0.0028848042711615
2451702.265592222 1.1022207736968994 0.0029385692905634
2451702.301008519 1.1219274997711182 0.0029458658536895997
2451702.3357303776 1.0731076002120972 0.0029143441934138
2451702.3718411103 0.9587259888648987 0.0028493769932538
2451702.405868532 0.9240652322769164 0.0028275221120566
2451702.441284828 1.033928096294403 0.0028930389089509003
2451702.476701123 1.093730330467224 0.0029385471716523
2451702.5114229815 1.1046901941299438 0.0029473234899342
2451702.546839277 1.032211661338806 0.0029090455500408504
2451702.582255572 0.9038278460502625 0.0028393794782459
2451702.61697743 0.7914065718650819 0.0027745806146413
2451702.652393725 0.9087213575839996 0.00284884672146285
2451702.6878100196 1.047676920890808 0.0029280090238898
2451702.722531877 1.11858868598938 0.0029682368040084
2451702.7579481713 1.110590398311615 0.0029646112816408
2451702.793364466 1.0408380031585691 0.0029309117235243
2451702.828086323 0.9286526441574096 0.0028613649774342
2451702.863502617 0.9546774327754974 0.00288127490784965
2451702.8989189113 1.0691845417022705 0.0029434785246849
2451702.931557457 1.1045517921447754 0.00296330999117335
2451702.9690570617 1.0823963284492493 0.0029516408685594502
2451703.0044733556 0.992577075958252 0.00289261713624
2451703.039195212 0.8373321294784547 0.0028029698878526
2451703.0746115055 0.8084568679332733 0.0027808982413262
2451703.1100277985 0.976939022541046 0.002885210327804
2451703.1447496545 1.0830262899398804 0.0029504431877285
2451703.1801659474 1.1234636902809143 0.0029735547723248
2451703.2155822404 1.089993238449097 0.0029533382039517
2451703.250304096 0.9989525079727172 0.0029048807919025
2451703.2857203884 0.9237425923347474 0.0028524481458589
2451703.3211366814 1.0057706832885742 0.0028994502499699
2451703.3558585364 1.0873066186904907 0.0029435995966196
2451703.3912748285 1.1072481274604797 0.00295141420792785
2451703.426691121 1.053325653076172 0.0029245277401059
2451703.461412976 0.9404233694076538 0.0028592573944479
2451703.4968292676 0.7935709059238434 0.00278007297310975
2451703.5322455596 0.865980565547943 0.0028313945513218
2451703.566967414 1.0227413177490234 0.0029342493508011
2451703.602383706 1.1110045313835144 0.00298432481940835
2451703.6384944348 1.1178454756736755 0.0029917326755821497
2451703.6725218515 1.065277338027954 0.0029622972942888
2451703.707938143 0.9450219273567197 0.0028930996777489
2451703.743354434 0.932624101638794 0.0028848676010966
2451703.7780762883 1.0466163158416748 0.0029550064355134
2451703.8134925794 1.0998815298080444 0.0029835577588528
2451703.84890887 1.0964884757995603 0.0029843267984688
2451703.8836307237 1.0127811431884763 0.0029415385797619
2451703.9190470143 0.8761830627918243 0.0028573792660608497
2451703.954463305 0.7906724214553834 0.0028073864523321
2451703.989185158 0.931606352329254 0.0028905363287776
2451704.0239070114 1.0577925443649292 0.002956346841529
2451704.0593233015 1.1230409145355225 0.00299080053810025
2451704.0947395917 1.1021740436553955 0.0029807605314999
2451704.129461445 1.0277862548828125 0.0029407897964119
2451704.164877735 0.9229146838188171 0.0028855786658822996
2451704.200294025 0.9704492092132568 0.0029132661875337
2451704.2350158775 1.0719738006591797 0.0029686500784009
2451704.270432167 1.1057386994361875 0.0029843626543878997
2451704.305848457 1.0726053714752195 0.0029569589532911
2451704.340570309 0.9754139780998228 0.0028945850208401
2451704.375986599 0.8192258775234222 0.00280463590752325
2451704.411402888 0.8256428241729736 0.0028060870245099
2451704.4461247404 0.9861928820610046 0.0029097748920321
2451704.4815410296 1.0902063846588135 0.0029791399138048
2451704.516957319 1.1226017475128172 0.0030017122626304
2451704.551679171 1.0852078199386597 0.0029881533700972
2451704.58709546 0.9781265556812286 0.00293607288040215
2451704.623206186 0.9217230379581451 0.0029067614814266
2451704.657233601 1.019232392311096 0.0029633259400725
2451704.6926498897 1.0934523940086365 0.0030040118144824502
2451704.7280661785 1.1040084362030027 0.0030118979047983
2451704.7627880303 1.044396162033081 0.0029811575077474
2451704.7982043186 0.9200100600719452 0.0029123744461685003
2451704.8336206074 0.7931805253028869 0.0028399899601936
2451704.868342459 0.8904740810394286 0.0029037354979664
2451704.9037587475 1.033535361289978 0.0029812786960974
2451704.939175036 1.115492820739746 0.0030246437527239
2451704.973896887 1.113784909248352 0.0030226157978177
2451705.0093131755 1.0544803738594055 0.00298097124323245
2451705.044729464 0.9325374960899352 0.0029112354386597
2451705.0794513156 0.943059504032135 0.00291643361561
2451705.1148676034 1.0591554045677185 0.0029838241171091
2451705.1502838917 1.1043741703033447 0.0030124820768833
2451705.185005743 1.0922237634658811 0.0030065500177443
2451705.2197275944 1.007293701171875 0.0029589377809315
2451705.255838319 0.8549890518188477 0.0028651591856032
2451705.2905601705 0.7914723157882689 0.0028247786685824
2451705.3259764584 0.9560590982437134 0.0029120426625012996
2451705.3613927467 1.0765818357467651 0.0029769472312182
2451705.396114598 1.1224544048309326 0.0030052233487367
2451705.4315308863 1.0951113104820251 0.0029940800741314498
2451705.466947174 1.0022811889648435 0.0029527333099395
2451705.501669025 0.9221241474151612 0.0029136918019503
2451705.5363908764 0.9889790415763856 0.0029575258959084
2451705.5725016017 1.0821068286895752 0.0030222171917557
2451705.6072234525 1.1081260442733765 0.003041606163606
2451705.642639741 1.0642178654670715 0.00302524992730465
2451705.6780560287 0.9567217230796814 0.0029694288969039
2451705.71277788 0.7998948693275452 0.0028748328331857
2451705.7481941683 0.8461252152919769 0.0029021374648436
2451705.7836104566 1.0087549686431885 0.0030065705068409
2451705.8183323075 1.1059285402297971 0.003058556234464
2451705.8537485963 1.1207772493362427 0.0030687620164826
2451705.8940259437 1.0618029236793518 0.00303621741477395
2451705.923192299 0.9602903425693512 0.0029771829722449
2451705.959997461 0.9235665798187258 0.0029557128436863
2451705.9940248756 1.0349972248077393 0.0030071722576394
2451706.0301356013 1.0961553454399109 0.0030379693489521
2451706.064857453 1.1018558740615845 0.00303977006115015
2451706.0988848675 1.029147744178772 0.0029984812717884
2451706.134995593 0.9006091356277466 0.0029270022641867
2451706.169717445 0.7929886579513549 0.0028687932062894
2451706.206522608 0.9164527356624603 0.0029452787712216
2451706.240550023 1.0472388267517088 0.0030170020181685
2451706.277355186 1.1181543469429016 0.0030468831537291
2451706.3113826015 1.1042940616607666 0.0030359614174813
2451706.346104454 1.0358933210372925 0.0029920870438218
2451706.380826306 0.9233831167221068 0.0029269279912114
2451706.4162425958 0.9555362164974213 0.0029476506169885
2451706.451658885 1.0675863027572632 0.003017283976078
2451706.4863807377 1.1067936420440672 0.0030464683659374
2451706.522491465 1.0828338861465454 0.0030432206112891
2451706.5572133176 0.9905524253845216 0.0030053395312279
2451706.5926296078 0.8362784683704375 0.0029250109801068503
2451706.627351461 0.8027133345603944 0.0029188861371949003
2451706.6627677516 0.9754801392555236 0.0030166155193001
2451706.6974896053 1.082399606704712 0.0030808551236987
2451706.7329058964 1.1210747361183167 0.00310348602943115
2451706.768322187 1.0859055519104004 0.0030901876743882
2451706.803044041 0.9924243688583374 0.0030413183849304
2451706.8384603322 0.9228640794754028 0.0030097971903159998
2451706.873876624 1.005073308944702 0.003060748334974
2451706.9085984784 1.0876678228378296 0.0031063579954206
2451706.9440147704 1.104986846446991 0.00311234605032945
2451706.9794310625 1.0517873764038084 0.0030771985184401
2451707.014152918 0.9356395006179808 0.0029995585791766
2451707.0495692105 0.7928315699100494 0.0029167017200960998
2451707.0849855035 0.8655592799186705 0.002956103766337
2451707.119707359 1.0209550857543943 0.0030463417060673
2451707.155123653 1.1089377999305725 0.003096253843978
2451707.190539946 1.1138643026351929 0.0031039060559123
2451707.225261803 1.05916166305542 0.0030778783839195
2451707.2606780967 0.9432662129402161 0.0030136614805087
2451707.2960943915 0.931942105293274 0.0030005376320332
2451707.330816249 1.0482659339904783 0.0030631104018539
2451707.366232544 1.1009033918380737 0.0030909361084922498
2451707.4016488395 1.0920641422271729 0.0030888654291629
2451707.436370698 1.0116255283355713 0.0030466702301055
2451707.4717869936 0.8761564791202545 0.0029728629160672
2451707.5072032902 0.7916277050971984 0.0029317738953977
2451707.5419251495 0.935577929019928 0.0030262598302215
2451707.5773414467 1.0634610056877136 0.00310974626336245
2451707.6127577443 1.1199418306350708 0.0031470712274312
2451707.6474796045 1.1001731157302856 0.0031441401224583
2451707.682895903 1.019416332244873 0.0031111567514017
2451707.7183122016 0.9223312139511108 0.0030593976844102
2451707.7530340636 0.9725555777549744 0.0030916871037334
2451707.788450363 1.0733107924461365 0.00315162353217595
2451707.8231722256 1.1053812503814697 0.0031748020555823504
2451707.859282963 1.070027470588684 0.00316759035922585
2451707.894004827 0.9700259864330292 0.0031151208095252
2451707.9294211282 0.811470925807953 0.0030314761679619
2451707.9641429926 0.8243792057037354 0.0030306773260235
2451707.9995592954 0.9911837577819824 0.00311613862868395
2451708.034975598 1.0907797813415527 0.0031581134535372
2451708.069697464 1.119326949119568 0.0031663437839597
2451708.105113768 1.0778191685676575 0.0031409172806888
2451708.1405300726 0.9661727547645568 0.0030837936792522
2451708.1752519403 0.9204847812652588 0.0030628915410488
2451708.2106682463 1.0238614678382874 0.0031218884978443003
2451708.2460845523 1.0907576084136963 0.0031601937953382
2451708.2808064222 1.1009622812271118 0.0031676075886934
2451708.3162227296 1.0363966822624207 0.00313120801001785
2451708.351639038 0.9093977808952332 0.0030541308224201
2451708.3863609093 0.7894594669342042 0.002981707220897
2451708.421777219 0.892401933670044 0.00303656514734025
2451708.4571935297 1.0372687578201292 0.0031165999826043
2451708.4919154034 1.111885666847229 0.0031586927361786
2451708.5273317154 1.108604073524475 0.0031627067364751998
2451708.562748028 1.0467891693115234 0.0031397859565913
2451708.597469904 0.930942416191101 0.00308743189089
2451708.6328862184 0.9458347260951996 0.0031078532338142
2451708.6683025337 1.057819128036499 0.0031817751005291
2451708.703024412 1.1021124124526975 0.0032086053397506
2451708.7377462913 1.0890299081802368 0.0032012686133384
2451708.773162609 0.9989356994628904 0.0031576298642903
2451708.808578928 0.848025918006897 0.0030749954748898
2451708.828717619 0.7842349708080292 0.0030439492547884002
2451709.026632364 0.972212314605713 0.0031423701439052
2451709.0544098746 0.9203571677207946 0.0031071947887539
2451709.0898262016 0.987388253211975 0.00313473364803935
2451709.12524253 1.0771989822387695 0.0031790588982403
2451709.1599644218 1.1018754243850708 0.003188879461959
2451709.195380752 1.0593217015266418 0.0031659085070714
2451709.230797084 0.9508062601089476 0.0031123890075832
2451709.2655189796 0.7919663786888121 0.0030305054970085
2451709.300935314 0.8421942591667174 0.003058411180973
2451709.33635165 1.0071650743484497 0.0031361985020339
2451709.3710735487 1.0962135791778564 0.0031716607045382
2451709.4064898873 1.1132670044898987 0.0031663436675444002
2451709.4419062273 1.067675232887268 0.0031234840862452
2451709.4766281303 0.950724959373474 0.0030471323989331
2451709.5120444736 0.9221419394016266 0.003024250967428
2451709.5474608173 1.0343416929244995 0.0030829070601612
2451709.5821827245 1.0913105010986328 0.0031152949668467
2451709.6175990715 1.0943219661712646 0.00311977462843055
2451709.65301542 1.0156353712081907 0.0030915804672986
2451709.6877373317 0.8891660571098327 0.0030243024230003
2451709.723153683 0.7861282825469971 0.0029748721281066
2451709.7585700355 0.9130397439002992 0.0030431100167334
2451709.793291951 1.0473896265029907 0.0031024182680994
2451709.8287083064 1.113690972328186 0.0031242573168128
2451709.864124663 1.098210334777832 0.0031052217818796
2451709.8988465825 1.0311968326568604 0.0030484779272228
2451709.934262941 0.9208163619041443 0.0029708716319873504
2451709.9696793007 0.9575153589248656 0.0029733022674918
2451710.004401223 1.0647982358932495 0.003004768397659
2451710.0398175837 1.098581850528717 0.0029962965054436998
2451710.075233945 1.073681354522705 0.0029467812273651
2451710.1099558678 0.9783802628517152 0.0028556112665683
2451710.1453722287 0.8208529651165009 0.0027293864404782
2451710.1807885887 0.8086798191070557 0.0027007078751921
2451710.2023161794 0.9074200689792633 0.0027560333255678
2452010.2844944666 0.8082813024520874 0.0033131707459688
2452010.3178284066 0.804555833339691 0.0033137584105134
2452010.355329089 0.984477996826172 0.0034104941878467
2452010.388663029 1.0817809104919431 0.0034659709781408
2452010.423385883 1.1213445663452148 0.0035094011109322
2452010.4588031946 1.0875961780548096 0.00351796147879205
2452010.4942205064 0.9863216280937194 0.0035046632401645
2452010.5289433617 0.9261078834533693 0.0035050935111939
2452010.550471532 0.963179886341095 0.00353828363586215
2452010.7171412436 0.8628776967525482 0.00350726419128475
2452010.7400583294 0.787632644176483 0.0034655150957405
2452010.7754756445 0.8729693591594695 0.0035052341409027
2452010.8108929605 1.0292413234710691 0.0035878827329725
2452010.8456158196 1.1125645637512207 0.0036296339239925
2452010.8810331365 1.1191341876983643 0.00362685928121205
2452010.9164504535 1.0597296953201292 0.0035908515565097
2452010.951173314 0.9443302750587464 0.0035144092980772
2452010.9865906322 0.9375596940517424 0.0034940897021442
2452011.0220079506 1.0480180978775024 0.0035336590372025
2452011.0567308124 1.0965503454208374 0.0035437745973467
2452011.0921481317 1.0821937918663025 0.0035300853196531
2452011.127565452 0.9999399185180664 0.0034833515528589
2452011.162288315 0.8557850122451782 0.0034085158258676
2452011.197705636 0.7882691323757172 0.0033639966277405
2452011.2331229574 0.9436748027801511 0.0034337937831878
2452011.267845822 1.0679196119308472 0.0034867720678448
2452011.303263144 1.1236999630928037 0.0034991421271115
2452011.3386804666 1.1044186353683472 0.0034727756865322
2452011.373403332 1.0164765119552612 0.0034159789793193
2452011.408820656 0.9264091849327087 0.00336995557881885
2452011.4442379796 0.979507029056549 0.0034004570916295
2452011.4789608466 1.0707310438156128 0.0034534803126007
2452011.514378171 1.0960686206817627 0.0034801284782588
2452011.549795496 1.055732011795044 0.003477563150227
2452011.584518364 0.9541844725608823 0.0034428592771291
2452011.6199356895 0.8003542721271515 0.0033792837057262
2452011.6553530158 0.8329948186874389 0.0034028156660497
2452011.6900758846 0.9964334964752196 0.0034841359592974
2452011.7254932113 1.0980212092399597 0.0035324924392625
2452011.761604996 1.1214659810066223 0.0035454082535579497
2452011.7956334082 1.0741149187088013 0.00352699321229005
2452011.831050736 0.9705073237419128 0.0034736829111352
2452011.866468064 0.9264132380485536 0.0034514924045652
2452011.901190935 1.0254626274108887 0.0034942928468808003
2452011.9359138063 1.0830451250076292 0.0035118469968438
2452011.9720255923 1.0907227993011477 0.0035038185305893
2452012.006748464 1.0245906114578247 0.0034548910334706
2452012.0421657935 0.8971697390079497 0.0033775370102375503
2452012.0775831235 0.7856897115707396 0.0033102247398346
2452012.1123059955 0.8996877074241638 0.0033589885570108
2452012.147723326 1.0426601767539978 0.00342353514861315
2452012.1831406564 1.119217872619629 0.0034560987260192
2452012.2178635295 1.116266846656799 0.0034449961967766
2452012.252586403 1.0480047464370728 0.00340819475241
2452012.2886981918 0.9314626455307008 0.0033346556592732
2452012.3234210657 0.9492051005363464 0.003334603505209
2452012.3581439396 1.0533872842788696 0.0033783360850065
2452012.3935612715 1.0956652760505676 0.0033881127601489
2452012.428978604 1.0695056915283203 0.0033751502633094
2452012.4630070208 0.9869524240493774 0.00333193724509325
2452012.498424353 0.8367676734924316 0.0032609312329441
2452012.5345361433 0.7926574945449829 0.0032537018414586
2452012.5692590186 0.9685340523719788 0.0033550316002219
2452012.604676352 1.0787526369094849 0.0034302190179004996
2452012.640093685 1.1224377155303955 0.0034641996026039
2452012.674816561 1.0939631462097168 0.0034574544988572
2452012.710233894 1.0029573440551758 0.0034136461326852
2452012.744262313 0.927260935306549 0.0033797011710703
2452012.7810685616 0.9966798722743988 0.0034164716489613004
2452012.8157914383 1.0750256180763245 0.0034559948835521503
2452012.8512087725 1.0925627946853635 0.0034641234669834
2452012.8859316492 1.0462124347686768 0.0034351528156548
2452012.921348984 0.9353730082511901 0.0033743532840162
2452012.9567663185 0.7843804359436035 0.0032868604175746
2452012.9914891957 0.8507397174835205 0.0033106971532106
2452013.0269065304 1.0135614275932312 0.0033784654224291
2452013.0623238655 1.1029808521270752 0.0034165459219366
2452013.097046743 1.1192777156829832 0.0034144250676035
2452013.131769621 1.0696327686309814 0.0033854111097753
2452013.167186956 0.9572854042053223 0.00332149839960035
2452013.2026042915 0.9282355308532714 0.0032996928784996
2452013.2387160845 1.035832405090332 0.0033498932607471
2452013.273438963 1.088342547416687 0.00336704286746675
2452013.308161841 1.0873085260391235 0.003359590889886
2452013.343579177 1.0099629759788513 0.0033087638439610496
2452013.378996513 0.8694558739662169 0.0032235872931778
2452013.4137193915 0.7813150882720947 0.0031786831095814
2452013.4491367275 0.921224385499954 0.00324483390431845
2452013.4852485214 1.0547409057617188 0.0033275849418714504
2452013.5199714005 1.119371473789215 0.0033626998774707
2452013.554694279 1.10329407453537 0.0033650408731773
2452013.589417158 1.0280507802963257 0.0033406382426619
2452013.624140037 0.9260501563549042 0.0033004640135913497
2452013.6602518316 0.9675195813179016 0.0033268425613641496
2452013.6949747102 1.0648030042648315 0.00338137825019655
2452013.7296975898 1.0954744219779968 0.0033972634701058
2452013.765809384 1.0646398663520813 0.0033833392662927
2452013.801226721 0.966252326965332 0.003332604188472
2452013.836644058 0.8103775680065155 0.00325012090615925
2452013.8727558525 0.8202365040779114 0.0032569527393206503
2452013.9067842746 0.9816120266914368 0.0033401707187294
2452013.9408126967 1.0899460315704346 0.00338606990408145
2452013.9769244916 1.12249094247818 0.00339297030586745
2452014.012341829 1.0844905376434326 0.0033658237662166
2452014.046370251 0.9845390319824219 0.00330217857845125
2452014.0817875885 0.9229660630226136 0.0032647794578224
2452014.1178993834 1.0196480751037595 0.0033077688422054
2452014.1519278055 1.079310119152069 0.0033375900238751498
2452014.188039601 1.0935171246528625 0.0033397519728168
2452014.2234569383 1.031405329704285 0.0033051904756575
2452014.257485361 0.9153414368629453 0.00324116158299145
2452014.293597156 0.7854589521884918 0.00316249707248055
2452014.3297089515 0.8815513253211975 0.0032106172293424
2452014.3644318315 1.0324462056159973 0.00327995175030075
2452014.3991547115 1.1127503514289856 0.0033171208342536503
2452014.435266507 1.114381730556488 0.00331059028394515
2452014.46929493 1.0583478212356567 0.0032860962674021
2452014.504712268 0.9381358921527863 0.0032219333807006
2452014.540129605 0.9419515132904052 0.0032320183236151
2452014.5748524857 1.0500588417053225 0.0032929864246398
2452014.610269823 1.0927842259407043 0.00332380132749675
2452014.644298246 1.0779023170471191 0.0033238157629966
2452014.680410042 0.9920336604118348 0.0032898818608373
2452014.7144384645 0.8523574769496917 0.0032087503932415997
2452014.7498558024 0.7851409912109374 0.003174947341904
2452014.785967598 0.942281424999237 0.0032594928052276
2452014.8199960208 1.0652760863304138 0.00332605652511115
2452014.855413359 1.1231080293655396 0.00335433636792
2452014.8915251545 1.0978720188140867 0.0033389113377779
2452014.9255535775 1.0179323554039001 0.0032919339137151
2452014.9623598307 0.9252363443374632 0.0032381059136241
2452014.997082711 0.9885699748992922 0.0032682437449693
2452015.0318055917 1.0711047649383545 0.0033023031428456
2452015.0679173875 1.0955510139465332 0.0033094263635575
2452015.102640268 1.0526001453399658 0.0032783537171781
2452015.136668691 0.9543732106685636 0.00322119239717715
2452015.1720860293 0.7949422001838685 0.0031323183793574
2452015.2081978247 0.8398457169532775 0.0031602336093783
2452015.2422262477 0.9997677505016327 0.0032424386590719
2452015.2783380435 1.0980995297431946 0.00329451169818635
2452015.313755382 1.122138500213623 0.0033049185294657
2452015.3484782623 1.0734162330627441 0.0032752598635852
2452015.3838956 0.9587571024894714 0.0032049092696979503
2452015.4193129386 0.9235100150108336 0.0031836449634283
2452015.454730277 1.032342791557312 0.00323843944352115
2452015.4894531574 1.0863026976585388 0.0032645522151142
2452015.524870496 1.090908408164978 0.0032696593552827
2452015.560287834 1.0142821073532104 0.003238100442104
2452015.5950107146 0.8912777602672577 0.0031751678325235002
2452015.630428053 0.7851433157920836 0.0031247294973582
2452015.6658453913 0.905899167060852 0.00319576018955555
2452015.7012627292 1.0458675622940063 0.0032805034425109
2452015.7359856097 1.120372295379639 0.0033192036207765
2452015.771402948 1.106229305267334 0.00331653596367685
2452015.8068202864 1.040683031082153 0.003281662473455
2452015.841543167 0.9283100962638856 0.0032231335062533
2452015.8762660474 0.9511530399322508 0.0032335701398551
2452015.9109889283 1.0580620765686035 0.003287689294666
2452015.9464062667 1.0933950543403625 0.00330005283467465
2452015.9818236046 1.0688055753707884 0.0032855533063411
2452016.017240943 0.9795631766319275 0.0032286226050928
2452016.051963824 0.8290925920009613 0.00314262893516565
2452016.0873811617 0.797959566116333 0.0031148574780672
2452016.1227985006 0.9668049812316895 0.00320751825347535
2452016.157521381 1.0811195373535156 0.00326977949589485
2452016.1943276343 1.1224372386932373 0.0032901340164244
2452016.228356058 1.0875759124755857 0.0032738554291426502
2452016.2630789382 0.9932271242141724 0.0032210977515205
2452016.2943295306 0.9253716468811036 0.0031818319112062
2452016.333913615 0.9986256957054138 0.0032234657555818003
2452016.3693309533 1.07608962059021 0.0032530045136809
2452016.404053834 1.0914127826690672 0.0032594949007034
2452016.4387767147 1.039950966835022 0.0032281277235597
2452016.4741940526 0.9306010305881498 0.0031669053714722
2452016.5096113915 0.782271921634674 0.0030870079062879
2452016.544334272 0.8589453697204589 0.0031334250234067
2452016.5797516108 1.014415442943573 0.0032214686507358497
2452016.615168949 1.1077535152435305 0.0032800242770463
2452016.6498918296 1.1190344095230105 0.0032917053904384
2452016.685309168 1.061565339565277 0.0032709167571738
2452016.720726507 0.9426533579826356 0.0032136181835085
2452016.7554493877 0.9293277263641356 0.003207714529708
2452016.790866726 1.040080189704895 0.0032638856209814
2452016.8262840644 1.0855556726455688 0.0032945985440164
2452016.8610069454 1.083059787750244 0.0032929212320595
2452016.896424284 1.0031239986419678 0.00324887142051005
2452016.9318416226 0.8654803037643432 0.0031727589666843
2452016.966564504 0.7830117344856262 0.003125850809738
2452017.0019818423 0.9226121008396149 0.0031974511221050496
2452017.037399181 1.0568073987960815 0.0032614092342555
2452017.072122062 1.1186915636062622 0.0032866618130356
2452017.1075394005 1.102687954902649 0.0032750187674536503
2452017.1429567398 1.023732542991638 0.0032309216912835
2452017.1776796207 0.9191439151763916 0.0031774996314197
2452017.2130969595 0.9658770859241483 0.0032028012210503
2452017.248514299 1.0611613988876345 0.0032535910140722
2452017.28323718 1.0904474258422852 0.0032707166392356
2452017.3186545186 1.0562596917152405 0.00325337611138815
2452017.354071858 0.9574332237243652 0.0031953470315784
2452017.3887947393 0.8074161410331726 0.0031089480035007
2452017.4242120786 0.8174325823783875 0.00310361408628515
2452017.459629418 0.991915225982666 0.0031918550375849
2452017.4943522993 1.0927518606185913 0.0032469215802848
2452017.5297696386 1.1201620697975159 0.00326289073564105
2452017.5651869783 1.0808659791946411 0.0032429757993668
2452017.5999098597 0.973879337310791 0.0031909071840345
2452017.6353271995 0.9217627346515654 0.00317429366987195
2452017.670744539 1.0134789943695068 0.003236940363422
2452017.7054674206 1.0748051404953003 0.003273521317169
2452017.7408847604 1.0902650952339172 0.00328490766696625
2452017.7763021 1.0232232809066772 0.0032541300170123
2452017.8110249825 0.9052441716194154 0.0031859502196311
2452017.8464423222 0.7843055427074432 0.0031279262620955
2452017.8818596625 0.8864749670028687 0.0031770570203661
2452017.916582545 1.0296533107757568 0.003255819203332
2452017.951999885 1.1130921840667725 0.0032957509392872
2452017.9874172253 1.1093281507492063 0.0032899226061999
2452018.022140108 1.051607966423035 0.0032535430509597
2452018.0575574487 0.9329491555690763 0.00318583019543435
2452018.092974789 0.9385724067687988 0.0031865139026194
2452018.127697672 1.0493992567062376 0.0032404223456978
2452018.1631150125 1.0901716351509094 0.0032639869023114
2452018.1985323536 1.0720534324645996 0.0032546268776059
2452018.233255237 0.9892525672912597 0.0032116309739649
2452018.268672578 0.8388443887233734 0.0031302797142416
2452018.304089919 0.7863969206809996 0.0031002964824438
2452018.3388128034 0.9491212368011472 0.0031896682921797
2452018.3742301445 1.0687254071235657 0.00324542762245975
2452018.409647486 1.1177278757095337 0.0032674921676516
2452018.4443703704 1.0922608375549316 0.0032511528115719
2452018.4790932545 1.0042959451675415 0.0032085210550576
2452018.514510597 0.9176458716392516 0.00315772742033
2452018.5499279387 0.978592336177826 0.0031992855947464
2452018.584650824 1.0687426328659055 0.003246683627367
2452018.6200681664 1.0893187522888181 0.003263255697675
2452018.655485509 1.0476903915405271 0.0032487295102328
2452018.690208394 0.9446714520454408 0.0031989787239581
2452018.7256257376 0.7832730710506438 0.0031197100179269502
2452018.7610430806 0.8351075649261473 0.0031455345451831
2452018.795765966 0.999822974205017 0.0032386190723627
2452018.8311833097 1.0966597199440002 0.00329135637730355
2452018.8666006536 1.116257071495056 0.0033003136049956
2452018.90132354 1.067300796508789 0.0032727823127061
2452018.9367408846 0.956612229347229 0.0032134461216628
2452018.972158229 0.9208171963691713 0.0031906254589557
2452019.006881116 1.0246864557266235 0.0032417036127299
2452019.0422984604 1.0826876163482666 0.00326553394552315
2452019.0777158057 1.086192965507507 0.0032620127312839
2452019.1124386936 1.0089744329452517 0.0032166864257305
2452019.147856039 0.8847026824951172 0.00314420345239335
2452019.1832733853 0.7783398628234862 0.0030929590575397
2452019.2179962737 0.908151149749756 0.0031619484070688
2452019.2527191625 1.0405575037002563 0.0032361799385398
2452019.2888309667 1.11375629901886 0.0032714090775698
2452019.323553856 1.1058677434921265 0.0032670458313077
2452019.3589712037 1.0362103581428528 0.0032262027962133
2452019.3950830093 0.9232360124588013 0.00315649202093475
2452019.429805899 0.9516966342926025 0.00316987815313035
2452019.465223247 1.05755352973938 0.0032248371280729
2452019.4992516804 1.0921370387077332 0.0032425649696961
2452019.534669029 1.0661780834197998 0.00323231308721
2452019.5700863786 0.9717081785202026 0.0031804682221263
2452019.606198186 0.8140773773193359 0.0030974112451076
2452019.640921078 0.7989144027233124 0.0030985511839389497
2452019.674949513 0.9630187749862672 0.0031943807844072
2452019.7110613217 1.079513907432556 0.0032640614081174
2452019.746478673 1.1205004453659058 0.0032874109456315003
2452019.7818960245 1.08154559135437 0.0032699813600629
2452019.8159244605 0.9881331324577332 0.00322626170236615
2452019.8506473554 0.9187437891960143 0.0031872086692601
2452019.886759166 0.9982421100139618 0.00323575653601435
2452019.9228709773 1.0773391723632812 0.0032747540390118497
2452019.957593873 1.0896368622779846 0.0032815985614433
2452019.9916223115 1.0356128215789795 0.0032459595240652
2452020.0263452088 0.924692690372467 0.0031826614867895
2452020.062457022 0.7781261801719666 0.0030936230905354
2452020.0985688358 0.8642665743827821 0.0031356217805296
2452020.133986192 1.0200582146644592 0.00321718619670715
2452020.167320175 1.1006200313568115 0.003254544455558
2452020.2027375326 1.115236759185791 0.0032630192581564
2452020.238849349 1.053103804588318 0.0032334008719772
2452020.2742667072 0.9390622079372406 0.00317473954055455
2452020.3096840666 0.9269169569015504 0.0031718534883111
2452020.3437125105 1.0400350093841553 0.0032279627630486503
2452020.3784354134 1.0843152403831482 0.00324710225686425
2452020.4145472324 1.0775887370109558 0.00324103469029065
2452020.4506590525 0.9909600019454956 0.00318640784826125
2452020.485381957 0.8575017154216767 0.0031102311331778
2452020.519410404 0.7794238924980164 0.0030680343043059
2452020.5555222263 0.931676149368286 0.0031571520958095
2452020.5902451333 1.0589739084243774 0.0032236138358712
2452020.6235791245 1.116366624832153 0.003261623205617
2452020.6603854075 1.0963558554649353 0.0032564019784331
2452020.695108316 1.019422173500061 0.00322192243766035
2452020.731220143 0.917521744966507 0.00317399366758755
2452020.7666375116 0.967936635017395 0.0032083997502923
2452020.8006659653 1.0598167181015015 0.0032599638216196996
2452020.8353888774 1.0888245701789856 0.0032808253308757498
2452020.871500708 1.0513840317726135 0.0032643179874867
2452020.907612539 0.9457770884037016 0.00321253493893885
2452020.9423354547 0.8002071976661682 0.0031274344073607997
2452020.9763639127 0.8079832792282104 0.0031345093157142
2452021.0131702055 0.9850623905658722 0.0032195727108046
2452021.045809749 1.0823901891708374 0.0032658746931701
2452021.0826160437 1.1123805046081543 0.0032756552100181
2452021.118033423 1.0689268112182615 0.0032456314656883
2452021.153450804 0.9615199267864227 0.0031788892811164
2452021.188868185 0.9159192442893982 0.0031467683147639
2452021.2228966514 1.0051109194755554 0.00319537031464275
2452021.256925118 1.069947600364685 0.0032330015674233
2452021.293731421 1.0825526714324951 0.0032396063907071497
2452021.329843266 1.0145177841186523 0.0032015593023970498
2452021.3638717374 0.8975929021835326 0.003136561717838
2452021.3999835853 0.7784373164176942 0.0030672550201416
2452021.434706518 0.8772719502449036 0.0031222691759467
2452021.4687349927 1.0242294669151306 0.00319109216798095
2452021.5041523864 1.1044507026672363 0.0032305393833667
2452021.540264241 1.1025103330612185 0.003221288556233
2452021.5756816375 1.0398058891296387 0.0031775709940119997
2452021.611099036 0.922322154045105 0.0031048886012285
2452021.645127518 0.9335938394069669 0.0031054042046889
2452021.67985046 1.0420013666152954 0.0031463034683838
2452021.7152678627 1.0816887617111206 0.0031507310923188
2452021.7513797255 1.0651673078536987 0.0031328417826443
2452021.7861026716 0.9791035652160645 0.003065031254664
2452021.822214537 0.8275579810142517 0.0029611010104417
2452021.857631944 0.7833974957466125 0.0029369731200858
2452021.8916604337 0.9440780878067015 0.0030261161737143
2452021.9277723012 1.066867709159851 0.0030960880685597
2452021.962495251 1.1103148460388184 0.0031224722042679
2452021.9972182005 1.0805201530456543 0.0031066148076206
2452022.0326356078 0.9939785599708556 0.0030584367923438
2452022.0680530136 0.9119094610214232 0.0030114222317934
2452022.1027759584 0.976546823978424 0.0030461461283266
2452022.139582276 1.0602562427520752 0.0030936782713979
2452022.1736107534 1.0786515474319458 0.0031035320134833
2452022.191666678 1.0626451969146729 0.0030967099592089
2452023.128486429 0.9606159925460813 0.00320319843012835
2452023.158347897 0.8263202905654907 0.0031792880035936
2452023.191681629 0.8124268651008606 0.0032144694123417
2452023.2284876234 0.9885903596878052 0.0033415948273613503
2452023.263904712 1.0943151712417605 0.0034126623068004
2452023.298627348 1.1302499771118164 0.0034344205632805
2452023.334044437 1.096038818359375 0.00341730157379055
2452023.369461525 0.9965964555740356 0.0033720813225954
2452023.4034897084 0.9339777231216428 0.003345473553054
2452023.43960125 1.0128937363624573 0.00340118980966505
2452023.474323886 1.0858426094055176 0.0034684021957217996
2452023.509740975 1.0981363058090208 0.0034979947376996
2452023.54654697 1.0384086966514587 0.0034975566668435498
2452023.579880702 0.932749480009079 0.00347696116659785
2452023.615297792 0.7935258150100707 0.00341616733931
2452023.6507148826 0.8777398467063904 0.0034583598608150497
2452023.6861319733 1.0359609127044676 0.0035289886873215
2452023.720854612 1.117587924003601 0.0035625086165964
2452023.7562717036 1.1248276829719543 0.0035596893867477497
2452023.791688796 1.0708056688308716 0.0035288331564515
2452023.826411436 0.9471908211708068 0.0034685190767049
2452023.861828529 0.9403566122055054 0.003457794082351
2452023.8972456222 1.0497959852218628 0.0035005521494895
2452023.9319682634 1.0960867404937744 0.0035093398764729
2452023.9673853577 1.0880444049835205 0.0034851301461458
2452024.0028024525 1.006731629371643 0.0034306978341192
2452024.0375250946 0.8680247664451598 0.0033530357759445
2452024.074331096 0.796871542930603 0.0033236792078241003
2452024.108359286 0.9463050961494444 0.0034097437746822
2452024.1430819295 1.0709640979766843 0.0034836952108889
2452024.178499026 1.128973126411438 0.0035198895493522
2452024.2139161234 1.1060930490493774 0.0035082141403108
2452024.248638768 1.027644395828247 0.0034617509227246
2452024.284055866 0.9323892891407012 0.0033944604219868
2452024.319472964 0.9834541082382202 0.0034035383723676
2452024.353501157 1.070257306098938 0.00342857826035465
2452024.3889182555 1.0986615419387817 0.0034304904984309497
2452024.425029808 1.057818055152893 0.0034077398013323
2452024.4597524544 0.9661399126052856 0.0033563268370926
2452024.495169555 0.8086379170417786 0.00328459090087555
2452024.530586655 0.8356929421424866 0.0033155973069369
2452024.5653093024 1.0065411329269407 0.0034230537712574
2452024.60003195 1.103327751159668 0.0034898731391876
2452024.635449051 1.1272963285446167 0.0035083403345197
2452024.6708661527 1.0883773565292358 0.0034951928537338
2452024.7055888013 0.974941909313202 0.0034380438737571
2452024.741005903 0.9322463572025299 0.00341332610696545
2452024.7764230054 1.0252183675765991 0.0034571215510368
2452024.811145655 1.0889482498168943 0.0034879464656114
2452024.846562757 1.0969560146331787 0.00349004589952525
2452024.8819798604 1.0319663286209106 0.0034501291811466
2452024.916702511 0.9101322293281556 0.003382101887837
2452024.952119614 0.7931302785873413 0.0033047351753338504
2452024.9868422644 0.8998657464981078 0.00334586016833775
2452025.020870462 1.0442585945129397 0.003408211749047
2452025.0576764727 1.122402310371399 0.0034425031626597003
2452025.092399123 1.1212876439094541 0.0034436001442372
2452025.1278162277 1.054632306098938 0.0034133135341107
2452025.1632333323 0.9391987025737762 0.00336336297914385
2452025.198650437 0.9523985981941224 0.0033755213953554
2452025.232678636 1.065242052078247 0.0034257812658324
2452025.269484647 1.1012736558914185 0.0034339732956141
2452025.3042072994 1.0806196928024292 0.0034118145704269
2452025.3389299517 0.993083417415619 0.0033545796759426
2452025.374347057 0.8439210057258606 0.00325921352487055
2452025.4097641627 0.8017706871032714 0.0032289989758282
2452025.4444868155 0.966901123523712 0.0033137309364974
2452025.4799039215 1.0792769193649292 0.0033707277616485
2452025.5153210275 1.126031517982483 0.0034061558544635
2452025.5500436807 1.0977842807769775 0.003403315320611
2452025.5854607867 1.0106499195098877 0.0033716966863721
2452025.620877893 0.9320080876350404 0.0033457516692578
2452025.655600547 0.9982059001922609 0.0033826809376478
2452025.6910176533 1.0827076435089111 0.0034320517443120003
2452025.7264347603 1.1000771522521973 0.0034446469508111
2452025.7611574135 1.0530148744583128 0.003421063767746
2452025.796574521 0.9430266618728638 0.00336017319932575
2452025.831991628 0.7935332655906677 0.0032846699468791
2452025.8667142815 0.8538708090782164 0.0033103018067777
2452025.902131389 1.0165930390357971 0.0033909992780536
2452025.937548496 1.1101642847061155 0.003428807016462
2452025.97227115 1.1224523782730105 0.0034282056149095
2452026.007688257 1.0748441219329834 0.00339421711396425
2452026.043105365 0.9608393311500548 0.0033289869315922
2452026.077828019 0.93342924118042 0.0033148268703371
2452026.1132451263 1.0442856550216675 0.003371158032678
2452026.149356687 1.095561921596527 0.0033990830415859
2452026.1840793416 1.0912277102470398 0.00339244655333455
2452026.2188019957 1.0164219737052917 0.0033543098252266
2452026.2542191036 0.8860974907875061 0.0032763979397714
2452026.288247305 0.7922708690166473 0.0032170172780751497
2452026.323664413 0.9193079471588136 0.0032741287723183
2452026.3597759735 1.0574778318405151 0.0033323536626994
2452026.393804175 1.1257901787757874 0.00335463276132935
2452026.431304642 1.107418954372406 0.00334031402599065
2452026.4646383906 1.035011351108551 0.00329910288564855
2452026.500749951 0.9298417568206786 0.00325025804340835
2452026.534778153 0.967394173145294 0.0032791255507618
2452026.5701952605 1.069847822189331 0.0033455711090937
2452026.6056123683 1.100265622138977 0.003373552346602
2452026.6417239294 1.0668014287948608 0.0033681187778711
2452026.676446584 0.9736031293869016 0.0033254206646233
2452026.7111692387 0.8245026469230653 0.0032490706071257
2452026.7458918933 0.8157030940055846 0.0032494920305907
2452026.781309001 0.9842522442340851 0.00333973171655085
2452026.816726109 1.0926426649093628 0.0033929527271538
2452026.8514487636 1.1268798112869265 0.0034058485180139
2452026.8861714182 1.090372323989868 0.0033835899084806
2452026.922977432 0.9875463843345642 0.00332532054744655
2452026.9570056335 0.9292451143264768 0.0032924206461757
2452026.9924227414 1.0178909301757812 0.00332716060802335
2452027.027839849 1.0836825370788574 0.0033561773598194
2452027.06186805 1.0999615788459778 0.0033577440772205
2452027.097979611 1.0392873883247375 0.0033214000286534004
2452027.1333967187 0.9178456664085388 0.0032591396011412
2452027.168119373 0.792543351650238 0.0031893283594399
2452027.2035364807 0.8815548121929169 0.0032335537252947497
2452027.238953588 1.0347712039947508 0.0033128645736724
2452027.273676242 1.1167566776275637 0.0033484315499663
2452027.308398897 1.1219329833984375 0.0033420007675886
2452027.3438160038 1.0662713050842285 0.0033026519231498
2452027.378538658 0.944486826658249 0.0032303305342793
2452027.4139557653 0.9423999190330504 0.0032166030723601
2452027.4500673255 1.0560512542724607 0.0032745592761784
2452027.4847899796 1.09511399269104 0.00329807621892535
2452027.518818181 1.0867670774459839 0.00329542369581755
2452027.5549297407 1.003804236650467 0.00326016556937245
2452027.591041301 0.8578683733940125 0.0031987584661692
2452027.625069502 0.7908313274383546 0.0031644783448427
2452027.6604866087 0.9448897242546082 0.00325315946247425
2452027.695903715 1.0698940753936768 0.0033254686277359
2452027.731320822 1.1273670196533203 0.0033580118324607
2452027.767432382 1.0991228818893433 0.0033453843789175
2452027.8014605823 1.0155773162841797 0.0033029455225914
2452027.8368776888 0.9301767349243164 0.0032511453609912998
2452027.8722947957 0.9928154349327089 0.0032795036677271
2452027.905628543 1.0734390020370483 0.0033215580042451
2452027.9424345554 1.0985528826713562 0.0033302984666079
2452027.9771572086 1.0598986744880676 0.00330588768701995
2452028.013268768 0.9541943967342376 0.0032454978208988497
2452028.047991421 0.8040793240070343 0.00315726117696605
2452028.0841029803 0.8418762981891632 0.0031719697872176498
2452028.1174367275 1.000855565071106 0.00326051376760005
2452028.1542427395 1.103312849998474 0.0033134936820715
2452028.1889653923 1.1241917610168457 0.0033229414839297
2452028.222993592 1.0803947448730469 0.0032979033421724497
2452028.2591051506 0.96600741147995 0.00323253578972065
2452028.293827804 0.9293355345726013 0.0032121822005137498
2452028.3292449093 1.0296956300735474 0.0032538819359615
2452028.364662015 1.088884949684143 0.00327730190474535
2452028.399384667 1.0950535535812378 0.0032730672974139
2452028.4348017727 1.0246504545211792 0.0032350819092243
2452028.4709133315 0.897470712661743 0.0031548147089779
2452028.506330437 0.7890228033065796 0.0031022242037579
2452028.5410530893 0.9055927991867063 0.0031699275132268502
2452028.576470194 1.0448267459869385 0.0032561754342168
2452028.610498393 1.1200592517852783 0.00330178660806265
2452028.6452210452 1.115001618862152 0.00330851587932555
2452028.681332603 1.0470158457756042 0.0032770850230008
2452028.717444161 0.9338280260562896 0.0032270150259137
2452028.7507779067 0.9511172771453856 0.0032379665644839
2452028.7861950113 1.058617115020752 0.0032934446353465
2452028.822306569 1.095156192779541 0.0033110282383859
2452028.8570292206 1.075649619102478 0.0032984362915158
2452028.892446325 0.9847029745578765 0.00324860692489885
2452028.9278634298 0.8343358635902404 0.0031601791270077
2452028.9632805344 0.8038048446178436 0.00314397201873355
2452028.9973087325 0.9651893377304076 0.0032255821861326
2452029.0320313834 1.0764501094818115 0.003279807511717
2452029.0681429408 1.122158765792847 0.0033002961426973
2452029.1028655916 1.093388915061951 0.0032849349081516
2452029.134115977 1.015953004360199 0.0032446961849927503
2452029.175088706 0.9267523884773254 0.0031980634666979
2452029.208422451 0.9955836534500122 0.0032350851688534
2452029.2438395545 1.0757561326026917 0.0032828144030645
2452029.279256658 1.0959353446960447 0.0032870052382349
2452029.3139793086 1.0463883876800537 0.0032582452986389
2452029.3493964123 0.9390311539173126 0.0031906998483464
2452029.384813516 0.7889861464500427 0.003099521389231
2452029.4195361664 0.8598850965499878 0.0031343544833362
2452029.45495327 1.0203980803489685 0.0032248508650809
2452029.4903703732 1.1087056398391724 0.0032688325736671
2452029.525093023 1.1197452545166016 0.0032778412569314
2452029.560510127 1.071839153766632 0.00325657415669405
2452029.5959272296 0.9559325575828552 0.003204891923815
2452029.63064988 0.931361734867096 0.003203762229532
2452029.666066983 1.0412065982818604 0.00326995854265985
2452029.701484086 1.091830849647522 0.0032967741135507
2452029.7362067355 1.091132640838623 0.0032998330425471
2452029.7716238387 1.0107912421226501 0.0032568135065957
2452029.8070409414 0.8762723803520202 0.0031862070318311
2452029.841763591 0.7883174419403075 0.0031377191189676
2452029.8771806937 0.9290445446968078 0.0032207202166318503
2452029.9125977964 1.0609824657440183 0.003283467143774
2452029.947320446 1.123571276664734 0.003311654087156
2452029.9827375486 1.1081089973449707 0.0033021226990967503
2452030.018154651 1.0264376401901243 0.0032600038684904
2452030.0528773004 0.9267400503158568 0.0031961644999682
2452030.088988856 0.9698721766471864 0.0032213130034506
2452030.1237115054 1.068447470664978 0.0032701957970857
2452030.1584341545 1.0970771312713623 0.0032842042855918
2452030.1938512567 1.0637516975402832 0.00327150337398045
2452030.229268359 0.964941680431366 0.0032167804893106
2452030.2639910085 0.8163934350013733 0.0031350860372185
2452030.299408111 0.8196540474891663 0.00312655570451165
2452030.3348252126 0.9899393320083616 0.0032142659183591
2452030.3695478616 1.0931994915008545 0.0032622411381453
2452030.404964964 1.1223382353782654 0.0032766254153102
2452030.4403820657 1.0815683603286743 0.0032503183465451
2452030.4751047147 0.9811490774154664 0.0032004034146666
2452030.510521817 0.9273732602596282 0.0031681016553193
2452030.545938919 1.0152312517166135 0.0032200857531279
2452030.580661568 1.0842524766921997 0.0032642860896885
2452030.61607867 1.0960893034934998 0.0032767008524387502
2452030.651495772 1.0344539880752563 0.0032516298815608
2452030.686218421 0.9124932289123536 0.003194072516635
2452030.7216355223 0.7896406948566437 0.0031315082451328496
2452030.7570526246 0.8879842758178712 0.0031848875805735
2452030.7917752736 1.0362789630889893 0.0032631400972604
2452030.8271923754 1.1165480017662048 0.0033093281090258997
2452030.8626094772 1.1175137758255005 0.0033126506023108
2452030.8973321263 1.0603082180023191 0.0032794575672596
2452030.9320547753 0.9418954253196716 0.0032163311261683
2452030.967471877 0.9440069794654846 0.0032155810622498003
2452031.0028889794 1.0542705059051511 0.003271444234997
2452031.0376116284 1.0953572988510132 0.0032873062882572
2452031.07302873 1.08232581615448 0.0032762947957961997
2452031.1084458325 0.9950432777404784 0.0032310646492987
2452031.1431684815 0.8519508242607117 0.0031471345573663
2452031.1785855833 0.7930179834365845 0.0031205350533127
2452031.2140026856 0.9501502513885498 0.0032108973246067
2452031.2487253346 1.071001648902893 0.0032685194164514
2452031.2841424374 1.1220518946647644 0.00329318467993285
2452031.319559539 1.0982414484024048 0.0032755665015429
2452031.3542821887 1.0125770568847656 0.0032201595604419
2452031.3896992914 0.9272925853729248 0.0031737816752865503
2452031.4251163932 0.9887292981147766 0.0031988865230232
2452031.4598390427 1.0744657516479492 0.003243402345106
2452031.4952561455 1.096681535243988 0.00325584178790445
2452031.530673248 1.0552911758422852 0.0032379578333348
2452031.564006992 0.954923927783966 0.0031900282483547
2452031.6015074537 0.797589361667633 0.0031105084344744
2452031.6362301037 0.8415064811706544 0.0031371149234473
2452031.6709527536 1.0079530477523804 0.0032384970691055
2452031.7063698564 1.1027712225914001 0.003289321437478
2452031.74178696 1.1232393980026243 0.0033066184259951
2452031.77650961 1.0797762870788574 0.0032861691433936
2452031.811926713 0.9643552601337433 0.00322374794632195
2452031.8473438174 0.9282038807868956 0.0032074016053229
2452031.882066468 1.0276274681091309 0.0032619300764054
2452031.917483572 1.0889593362808228 0.003296251874417
2452031.9529006756 1.089398980140686 0.0032933272887021
2452031.9876233265 1.0199193954467771 0.0032556687947362
2452032.0230404306 0.8943542242050171 0.0031872938852757
2452032.058457535 0.7853453755378723 0.0031164456158876
2452032.0931801866 0.9066086411476136 0.0031790055800229
2452032.128597291 1.047937035560608 0.00325464876368635
2452032.1640143963 1.12038516998291 0.003292541950941
2452032.198737048 1.11144757270813 0.003289894433692
2452032.2341541536 1.0419173836708069 0.00325195270124815
2452032.269571259 0.930098056793213 0.0031935907900333
2452032.3029050054 0.9508918523788452 0.0032045301049947
2452032.339711017 1.0608689785003662 0.0032593290088698
2452032.3751281234 1.098332405090332 0.0032720195595175
2452032.41054523 1.069115698337555 0.0032534063793718503
2452032.4459623364 0.9781184196472168 0.0031970154959708
2452032.4799905373 0.8312233686447142 0.003116391133517
2452032.514713191 0.7984926402568817 0.0030975085683166504
2452032.5501302984 0.971161127090454 0.0031927623786032
2452032.585547406 1.0887004733085632 0.0032630147179588
2452032.620964514 1.1242284774780271 0.0032920269295573
2452032.656381622 1.090148389339447 0.00327863730490205
2452032.6924931835 0.9916651248931885 0.0032357684103771498
2452032.7265213863 0.9243297576904298 0.0032044418621808
2452032.7626329483 1.007436990737915 0.0032498606014996
2452032.797355605 1.0780197381973269 0.003293581539765
2452032.8313838085 1.0968059301376343 0.0033057755790650498
2452032.8668009182 1.0425806045532229 0.0032777609303593
2452032.902912482 0.926261842250824 0.0032202010042965
2452032.9383295933 0.786290854215622 0.0031443696934729502
2452032.9737467044 0.865243375301361 0.0031856473069638
2452033.0070804567 1.0229157209396362 0.0032642488367855
2452033.043192022 1.111626386642456 0.00330734369345
2452033.0779146813 1.121757745742798 0.0033079751301556
2452033.1140262475 1.0648986101150513 0.0032759583555161
2452033.149443361 0.9458966255187987 0.00321035645902155
2452033.1841660216 0.9339753687381742 0.0032010356662794497
2452033.2209720425 1.0529223680496216 0.0032680686563253
2452033.2529168916 1.095030665397644 0.0032914672046899
2452033.28902846 1.0881528854370117 0.00328643934335555
2452033.323751123 1.0100847482681274 0.0032497940119355
2452033.35916824 0.8733196258544922 0.00316984497476365
2452033.3945853566 0.786178469657898 0.0031156241893768
2452033.430696928 0.9412233829498292 0.0031937530729919
2452033.466114046 1.0645313262939453 0.0032586962915956497
2452033.5008367123 1.126306176185608 0.00328292383346705
2452033.536253832 1.1071244478225708 0.0032725969795137
2452033.5716709523 1.0226412415504456 0.0032273911638185
2452033.6056991667 0.9244195520877838 0.00318517291452735
2452033.640421835 0.9682424664497375 0.0032143879216164
2452033.676533411 1.0712157487869265 0.0032817195169627
2452033.7105616275 1.0977689027786255 0.0033030569320544
2452033.7445898443 1.0683228969573977 0.0032965582795441
2452033.7820903296 0.9655929207801818 0.0032417743932455
2452033.817507455 0.8091481029987335 0.0031629867153242
2452033.852230129 0.823493242263794 0.00317471660673615
2452033.889036163 0.9975071549415588 0.0032657932024449
2452033.9230643846 1.0992938876152039 0.00332138373050835
2452033.95778706 1.1237329840660093 0.0033346797572448
2452033.993898644 1.0780783295631409 0.0033100713044404498
2452034.0279268683 0.9798915386199952 0.0032460170332342
2452034.0640384546 0.9260152578353882 0.0032149192411452
2452034.0987611343 1.0205829143524168 0.0032518655061721
2452034.133483815 1.0862298011779785 0.00328206014819435
2452034.168900951 1.0948433876037598 0.00328114256262775
2452034.2036236343 1.0340487360954285 0.0032423906959593
2452034.2383463187 0.9108670949935913 0.0031771872891113
2452034.273763458 0.7867974638938903 0.0031084243673831
2452034.309875052 0.8916394114494324 0.0031663107220083
2452034.34459774 1.0354211330413818 0.0032430649735033
2452034.3800148834 1.115229845046997 0.00327881029807025
2452034.415432028 1.1091656684875488 0.0032694528345018
2452034.4508491736 1.0469748973846436 0.0032339668832719
2452034.4862663215 0.9311513304710388 0.003158570965752
2452034.520294562 0.942051440477371 0.0031597147462889
2452034.5557117127 1.0541564226150513 0.0032100565731525
2452034.5904344106 1.0938818454742432 0.0032237723935395
2452034.625851564 1.0769062042236328 0.0032073967158794
2452034.6612687185 0.9900515675544738 0.0031512149143964
2452034.6959914207 0.8455656170845031 0.0030590933747589
2452034.7327974862 0.7899416983127594 0.0030152953695505
2452034.767520191 0.95222070813179 0.0030747782438993003
2452034.8029373516 1.0713376998901367 0.0031224086415022
2452034.8369656047 1.117347776889801 0.0031287503661587
2452034.8723827675 1.0920773148536682 0.00311010854784395
2452034.9071054766 1.00605309009552 0.0030655721202492
2452034.943217095 0.9195215106010436 0.0030130732338875
2452034.977245351 0.985441207885742 0.00304959621280425
2452035.0133569688 1.0721830129623413 0.0031005437485873
2452035.048774132 1.0930259227752683 0.0031105671077966
2452035.0834968393 1.0457490682601929 0.0030874831136316
2452035.118219544 0.9450928568840026 0.0030293690506368
