2451410.938761273 1.0252504348754883 0.00051224709022785
2451411.024873459 1.029323697090149 0.0005130242207087
2451411.09917992 1.0331873893737793 0.0005137776606716
2451411.174875267 1.0365816354751587 0.0005145078466739
2451411.2512650453 1.0390244126319885 0.0005151019140612
2451411.3269603504 1.03965961933136 0.0005152384983375
2451411.4019611827 1.0386303663253784 0.000515027437359
2451411.478350899 1.0364067554473877 0.0005144457099959
2451411.5547405956 1.0327725410461424 0.0005136831314302
2451411.629741368 1.0286231040954588 0.000512872764375
2451411.7061310248 1.0253942012786863 0.0005121162394061
2451411.781826211 0.972262978553772 0.0005001909739803
2451411.857521379 0.8108999133110046 0.0004621870757546
2451411.9339109794 0.8555485010147095 0.0004730091022793
2451412.00891166 1.012814164161682 0.0005094707012176
2451412.0853012246 1.0267709493637085 0.0005124789895489
2451412.161690771 1.0305384397506712 0.0005133016966283
2451412.2332191495 1.0341342687606812 0.00051411389722485
2451412.317247613 1.0373955965042114 0.000514832092449
2451412.3908593087 1.038981795310974 0.0005151699879206
2451412.463776539 1.0389857292175293 0.0005151593650224999
2451412.5408604527 1.037608981132507 0.0005148910568095
2451412.615861002 1.0347058773040771 0.0005143278976902
2451412.6929448834 1.0310170650482176 0.0005134006787557
2451412.7693343004 1.027002990245819 0.00051258402527305
2451412.8443348035 1.0237650871276855 0.00051185960182915
2451412.9200297412 0.923520028591156 0.000488925317768
2451412.9964191136 0.8020358085632323 0.0004599709063768
2451413.0721140224 0.9072857499122617 0.0004852293641306
2451413.147808917 1.024163842201233 0.0005119862616993
2451413.2241982454 1.0267916917800903 0.0005126208416186
2451413.301976457 1.029717206954956 0.0005131526850163
2451413.375587965 1.0336191654205322 0.000513982900884
2451413.451977251 1.0366743803024292 0.0005146475159563
2451413.5276720766 1.0379405617713928 0.00051496093510645
2451413.603366889 1.037616491317749 0.0005148538039065
2451413.679756135 1.035773754119873 0.0005144604947417
2451413.755450921 1.0327272415161133 0.0005137982370797
2451413.8311456935 1.0290327072143557 0.0005129796336404
2451413.9047571113 1.0255366563796997 0.0005121697322465
2451413.9839240946 1.0177819728851318 0.0005105343880131
2451414.0589243816 0.8670108914375305 0.0004757995193358
2451414.1339246556 0.7995497584342957 0.0004594336060108
2451414.2110082586 0.9590150117874146 0.0004971588787157
2451414.286702955 1.0240025520324707 0.0005118609406054
2451414.361703193 1.027276635169983 0.0005125333555042
2451414.4373978656 1.0312191247940063 0.00051338734920135
2451414.515175864 1.034738302230835 0.0005141506262589
2451414.5901760655 1.0367147326469421 0.0005146825278643
2451414.6658707014 1.03753662109375 0.0005148414638824
2451414.7422597706 1.0368193387985227 0.0005146420444361
2451414.8179543824 1.034391462802887 0.0005141233850736
2451414.8936489825 1.0310839414596555 0.0005133983795531
2451414.9728157995 1.0269135236740112 0.0005124342860653
2451415.045732593 1.0237737894058228 0.00051175567205055
2451415.122121603 0.9858359396457672 0.0005032941407989
2451415.1992050475 0.8187475204467772 0.0004639363323803
2451415.273510698 0.8369297683238983 0.00046862033195789997
2451415.349205228 0.999496579170227 0.0005065915174782
2451415.425594192 1.0246917009353635 0.0005119981942698
2451415.501288699 1.027928352355957 0.00051272552809675
2451415.5769831953 1.0319397449493408 0.0005136082763783
2451415.6526776804 1.035064697265625 0.00051435315981505
2451415.728372154 1.037294864654541 0.0005148010677658
2451415.8047610605 1.0381113290786743 0.0005149960052222
2451415.880455512 1.0367635488510132 0.0005146949551999
2451415.9561499516 1.0341053009033203 0.0005141144501976
2451416.032538825 1.0306317806243896 0.0005133813247084
2451416.108233243 1.0269948840141296 0.0005124960443936
2451416.18392765 1.0237427949905396 0.0005118045373819
2451416.26031649 0.9410515427589417 0.0004929420538246
2451416.336010875 0.7996050417423248 0.00045941858843430005
2451416.4117052495 0.8848477005958557 0.000480023707496
2451416.4880940565 1.0227185487747192 0.0005116004613228
2451416.5637884093 1.0259899497032166 0.0005123285809530999
2451416.6394827506 1.029367446899414 0.0005130624049343
2451416.715871525 1.0331784486770628 0.0005138849373906
2451416.7915658457 1.0360867977142334 0.0005145542963873
2451416.8672601553 1.037548780441284 0.0005148586933501
2451416.938787796 1.0371763110160828 0.00051475758664305
2451417.0242042867 1.0356992483139038 0.0005143907037563
2451417.0873985924 1.0323137044906616 0.00051374011673025
2451417.1707317308 1.0282171964645386 0.0005128053307998
2451417.2443426596 1.0247483849525452 0.00051204278133805
2451417.323509119 1.0211198925971985 0.00051128043560305
2451417.399897797 0.8845113515853882 0.0004798974114237
2451417.4762864653 0.8011573851108551 0.00045965351455369997
2451417.5505917952 0.9394907355308532 0.0004927148693241
2451417.626286 1.0228923559188843 0.0005116867250762
2451417.701285752 1.0260104537010193 0.00051238713786
2451417.779757704 1.0303810834884644 0.0005133262020535
2451417.854757435 1.033987283706665 0.0005141269066371
2451417.929062715 1.036668062210083 0.00051468957099125
2451418.0068401936 1.0378987789154053 0.0005150199285707999
2451418.0818398944 1.0373543500900269 0.0005149094213265501
2451418.1575340275 1.0353609323501587 0.0005144380265846
2451418.2339225914 1.0315724611282349 0.0005136327818036
2451418.310311145 1.0280053615570068 0.0005128961638547
2451418.3853108063 1.0246399641036987 0.0005121793365105
2451418.458227134 1.0067073702812195 0.0005082054121885
2451421.224874408 1.0277032852172852 0.00051276478916405
2451421.2700128844 1.0289889574050903 0.0005129837081767
2451421.3457066314 1.0322758555412292 0.00051406430429775
2451421.421400372 1.0330045223236084 0.0005144923343323
2451421.497788544 1.0315991640090942 0.0005142478039488
2451421.5741767087 1.0292145013809204 0.0005137084517627
2451421.6491759922 1.0260087251663208 0.0005130357458256
2451421.7255641455 1.0225834846496582 0.0005123852752149
2451421.8012578553 1.0106366276741028 0.0005097612738608501
2451421.8769515604 0.8543568849563599 0.0004736378614325
2451421.953339699 0.8066879510879517 0.0004619496467057
2451422.0290333964 0.9688379764556884 0.00050014394219025
2451422.10472709 1.0234462022781372 0.0005123451119288
2451422.180420781 1.027237355709076 0.0005136866238899
2451422.2561144703 1.0313327312469482 0.0005168325151316
2451422.332502596 1.035107970237732 0.0005203400505706
2451422.4081962844 1.0376737117767334 0.00052311009494585
2451422.4838899737 1.0386534929275513 0.0005263481871224
2451422.5547226025 1.0381786823272705 0.0005313656292855
2451424.5658184336 1.0370576381683347 0.0005140517605468
2451424.609568118 1.0384860038757324 0.0005144065944477499
2451424.6852619993 1.040075659751892 0.0005147987394593
2451424.7616502997 1.0396236181259155 0.0005147925112396
2451424.83734414 1.0375251173973083 0.00051434495253485
2451424.9088713266 1.0345040559768677 0.0005137855769135
2451424.9894261956 1.030103087425232 0.0005128380144014
2451425.0658144117 1.0261149406433103 0.0005119903362356
2451425.140813731 1.022077560424805 0.0005110119818709
2451425.2172019067 0.8749625682830809 0.0004773695254698
2451425.2928956244 0.7999143004417418 0.00045902276178815004
2451425.3685893235 0.9502075910568236 0.0004949261201545
2451425.4442830035 1.0240599513053894 0.00051160380826325
2451425.519976665 1.027077317237854 0.0005122401635162
2451425.597059183 1.0314854383468628 0.0005131791112944
2451425.672058371 1.0348840951919556 0.0005140436987858
2451425.747057542 1.0377726554870605 0.0005146551702637
2451425.824140006 1.0385366678237915 0.0005148472264409
2451425.8998335805 1.0381807684898376 0.0005147293268237001
2451425.9755271375 1.0358468294143677 0.0005142267327755
2451426.0519151147 1.0322593450546265 0.0005134980892762
2451426.1276086397 1.028158962726593 0.0005125810566822999
2451426.2033021483 1.024506449699402 0.0005117449909448
2451426.2796900775 0.9927954077720642 0.0005046025034971
2451426.355383556 0.8283880650997162 0.00046615183237005
2451426.431077019 0.8307154774665833 0.0004669021000154
2451426.5074649025 0.9949697256088256 0.0005052750348113
2451426.583158336 1.025126576423645 0.0005119279667269
2451426.6588517553 1.0289119482040403 0.0005127536132931
2451426.7352395942 1.0326493978500366 0.0005135424435138
2451426.8109329846 1.0360172986984253 0.0005143476009834
2451426.8866263614 1.0375646352767944 0.0005147389601916
2451426.963014158 1.0382390022277832 0.0005148933269083
2451427.038707507 1.0369098782539368 0.0005145731265656
2451427.1144008427 1.0340559482574463 0.0005139664281159
2451427.190094164 1.0305705666542053 0.00051316886674605
2451427.265787473 1.026585817337036 0.0005123004666529
2451427.3421752024 1.023276925086975 0.0005115319509059
2451427.4178684847 0.9481668472290039 0.0004946165136061
2451427.493561754 0.798728108406067 0.0004590024473145
2451427.563699543 0.8631869256496429 0.0004746471095131
2451427.6463371217 1.0206809043884275 0.0005109943449497
2451427.7213359196 1.0250899791717527 0.0005119518609717
2451427.797723572 1.0286520719528198 0.0005127408658154
2451427.8734167777 1.0328071117401123 0.00051365580293345
2451427.949109972 1.0359070301055908 0.0005143151502124
2451428.026192019 1.0378852486610413 0.00051473535131655
2451428.1004963233 1.0379492044448853 0.0005147701012901
2451428.1768839136 1.036447525024414 0.0005143887246958
2451428.253271491 1.033541560173035 0.00051371922018
2451428.329659057 1.029229760169983 0.0005128297489136
2451428.404657746 1.025406002998352 0.0005119362031109
2451428.4810452876 1.0221201181411743 0.0005112636135891
2451428.556738386 0.8958134651184082 0.00048226449871430004
2451428.6324314717 0.8018588423728943 0.000459587725345
2451428.708124547 0.9331012368202212 0.00049104518257075
2451428.784512041 1.0238680839538574 0.00051151559455315
2451428.860205093 1.0270873308181765 0.0005122886504977
2451428.9358981336 1.0307584404945374 0.0005131517827976001
2451429.0115911616 1.0342795848846436 0.0005138799897395
2451429.087978611 1.0367372035980225 0.0005144423921592
2451429.1636716165 1.0378010272979736 0.0005146632902323499
2451429.2393646115 1.0372756719589231 0.0005145260365679
2451429.315752026 1.0350421667099 0.0005140068824402
2451429.391444999 1.03156578540802 0.0005132897058501
2451429.4671379603 1.0276445150375366 0.0005124192102812
2451429.5435253405 1.0236401557922363 0.0005115132080391
2451429.61921828 1.0056967735290527 0.00050755005213425
2451429.6949112085 0.843763768672943 0.0004699254350271
2451429.7712985557 0.8136478662490845 0.0004625679575838
2451429.846991462 0.979180097579956 0.00050149695016435
2451429.922684358 1.0232220888137815 0.0005114171653985
2451429.9990716726 1.0268659591674805 0.0005121566937305
2451430.074764546 1.0308268666267395 0.0005130310019012001
2451430.1504574097 1.0338364839553833 0.0005137074622325
2451430.2268446917 1.03629469871521 0.0005142141017131
2451430.3025375335 1.0370460748672485 0.0005143729795235501
2451430.378230364 1.0361860990524292 0.0005140895373187
2451430.4546176144 1.033271074295044 0.0005134501843713
2451430.5303104236 1.0296928882598877 0.0005126780015416
2451430.6108642276 1.025747537612915 0.0005119613197166
2451430.6816960117 1.0225651860237122 0.0005113075894768999
2451430.75738879 0.9666447639465332 0.0004987359861843
2451430.8337759865 0.807464599609375 0.0004609205643646
2451430.909468744 0.8600671291351318 0.00047385093057525005
2451430.9851614907 1.0154511928558347 0.0005096546956337
2451431.0615486554 1.0250226259231567 0.000511823571287
2451431.1372413817 1.028859555721283 0.00051262756460345
2451431.2129340977 1.03233003616333 0.0005133827798999
2451431.2893212317 1.0356369018554688 0.0005141363944858
2451431.3650139263 1.0371163487434387 0.0005144390743225
2451431.440706611 1.0379294157028198 0.0005146212643012
2451431.5170937143 1.0363738536834717 0.0005142975132912
2451431.592786378 1.0334972143173218 0.00051363429520275
2451431.668479033 1.0294805765151975 0.0005127608892507
2451431.744866105 1.0255358219146729 0.0005118470289744
2451431.820558738 1.0220867991447449 0.00051111006177955
2451431.8962513623 0.9156324863433836 0.0004868406977038
2451431.9726384035 0.7986665964126587 0.0004588515148498
2451432.0483310074 0.910073846578598 0.0004855685110669
2451432.124023601 1.0218269824981687 0.0005110719939693
2451432.200410612 1.0250731706619265 0.0005117955734021
2451432.2761031855 1.0289731621742249 0.0005126723553985
2451432.3517957493 1.0325093269348145 0.0005134859820827
2451432.427488303 1.0351142883300781 0.0005140393332111999
2451432.503180847 1.0367641448974607 0.0005144119495525
2451432.579567808 1.0361661911010742 0.0005142363370396
2451432.655260332 1.0342307686805725 0.0005138194828759001
2451432.730952847 1.0310795307159424 0.0005130785284563
2451432.807339778 1.0272456407546997 0.0005122443544678
2451432.8830322726 1.023418664932251 0.000511355116032
2451432.9587247577 1.0156909227371216 0.0005095684900879
2451433.0351116597 0.8619053959846495 0.0004743126337416
2451433.1108041257 0.803747087717056 0.00045999830763315
2451433.1864965814 0.961818754673004 0.0004974891198799
2451433.262883454 1.0232245922088623 0.0005113015067763
2451433.338575891 1.0269567966461182 0.00051218847511335
2451433.4142683186 1.0307341814041135 0.0005130022764205
2451433.4906551624 1.03395414352417 0.0005136593244969
2451433.561486591 1.0363028049468994 0.0005141959409229
2451433.64203997 1.0376040935516355 0.000514633138664
2451433.7184267854 1.0369868278503416 0.0005144928582012
2451433.794119166 1.0345180034637451 0.0005139595596119
2451433.8698115377 1.0312575101852417 0.0005132224177941
2451433.9461983247 1.0270737409591677 0.0005123396404087
2451434.0218906775 1.0233798623085022 0.000511493475642
2451434.097583022 0.9824703931808472 0.0005022609257139
2451434.173275356 0.8167245984077453 0.00046328394091685
2451434.2489676825 0.8379870653152467 0.0004684942541643
2451434.3253544243 1.002547025680542 0.0005067467573098
2451434.401046733 1.023697555065155 0.0005115341919008001
2451434.476739032 1.0271421670913696 0.0005122311995364
2451434.553125748 1.0308023691177368 0.0005130950012244
2451434.6288180305 1.033951163291931 0.0005137610714882001
2451434.704510304 1.0361905097961424 0.0005142749869264
2451434.7808969943 1.0365463495254517 0.0005143446614965
2451434.856589252 1.0353582501411438 0.0005140776629559
2451434.932281502 1.0326008796691897 0.000513473583851
2451435.0086681675 1.0289092063903809 0.0005126789328642
2451435.084360401 1.0253440141677856 0.0005118503759149
2451435.1600526283 1.0220420360565183 0.0005111665814183
2451435.236439271 0.934595227241516 0.0004915171302855
2451435.312131483 0.8009294271469116 0.00045948439219495
2451435.3878236883 0.8907016515731812 0.0004811725520994
2451435.463515887 1.0220671892166138 0.0005111157079227
2451435.539902503 1.025400996208191 0.0005118555563967001
2451435.6155946897 1.0293965339660645 0.0005127468612045
2451435.691981294 1.0327364206314087 0.0005134345847181
2451435.76767347 1.0354995131492615 0.000514053273946
2451435.8433656413 1.0370455980300903 0.0005143748130649
2451435.9190578084 1.0371237993240356 0.0005143685848452
2451435.9947499717 1.0351985692977903 0.0005139169516041
2451436.0711365566 1.0325690507888792 0.000513362349011
2451436.1468287157 1.0288372039794922 0.00051254293066445
2451436.222520874 1.0251505374908447 0.0005132271908223
2451436.298907455 1.0212864875793457 0.000514474872034
2451436.3745996146 0.8821745216846466 0.0004873341531492
2451436.4502917766 0.7992891073226928 0.0004714742535725
2451436.5030679656 0.8872752785682678 0.0004989742883481
2452144.5196884857 1.03907310962677 0.0005173861864022
2452144.5585777513 1.039218187332153 0.0005174129619263
2452144.6363562588 1.039905667304993 0.0005174952093511
2452144.709968031 1.038309097290039 0.0005171646480448
2452144.7863575765 1.0353736877441406 0.0005164876929484
2452144.8620526427 1.0314167141914368 0.0005156290135345501
2452144.9370532306 1.0275816917419434 0.00051476189400995
2452145.014137141 1.0238478183746336 0.0005139339482411
2452145.089832125 0.923255294561386 0.0004909808048978
2452145.1655270834 0.8022055625915526 0.0004618482780642
2452145.2419164665 0.906961679458618 0.0004871794662903
2452145.3176113768 1.0235821604728699 0.0005138792912474999
2452145.3933062637 1.0268452167510986 0.0005145885515958
2452145.469695576 1.0308223962783811 0.0005155028193257
2452145.5453904183 1.0344866514205933 0.00051630623056545
2452145.6210852396 1.0370411872863767 0.0005169564974494
2452145.6974744876 1.0386445522308347 0.0005172307137399
2452145.773169268 1.0384215116500854 0.0005171800439711
2452145.848864029 1.0368239879608154 0.0005168130155652
2452145.9252532176 1.033808350563049 0.0005161024164408
2452146.00094794 1.0303201079368591 0.0005154227837919499
2452146.076642645 1.0269192457199097 0.0005146347102709
2452146.1523373323 1.0210623145103455 0.0005133743688929
2452146.2280320018 0.8694162368774414 0.0004782279138453
2452146.3044211003 0.8012806177139281 0.0004615837533492
2452146.3801157353 0.9590618908405304 0.0004992329922970001
2452146.455810354 1.0254343748092651 0.0005143004818819
2452146.532199403 1.02883243560791 0.0005150357610546
2452146.6078939894 1.0326610207557678 0.00051592689123935
2452146.68358856 1.036199688911438 0.0005166939808987
2452146.759977561 1.0386571884155271 0.0005172643577679
2452146.835672101 1.0394964814186096 0.0005174213147256
2452146.911366626 1.0389775037765503 0.000517294218298
2452146.9877555813 1.0363482236862185 0.0005166796036064
2452147.0634500766 1.0327409505844116 0.0005159171705599499
2452147.139144558 1.028765082359314 0.0005150653305463
2452147.2155334693 1.0251762866973877 0.0005141833680681
2452147.291227922 0.9889745116233826 0.00050615274813025
2452147.3669223604 0.8243211507797241 0.0004671763163059
2452147.4433112293 0.8386009335517883 0.0004708321066573
2452147.5190056404 1.0014816522598267 0.0005089233163744
2452147.594700038 1.0260246992111206 0.0005144047900103
2452147.671088866 1.0293281078338623 0.0005151646328158
2452147.746783237 1.0329878330230713 0.0005159825959708
2452147.8231720375 1.0362754464149475 0.0005167258204891499
2452147.8981719385 1.0384472012519836 0.0005171544908080001
2452147.973866271 1.038659930229187 0.0005172253586351
2452148.0502550327 1.0372532606124876 0.0005169218056835
2452148.1259493385 1.035013496875763 0.0005163957248441
2452148.202338075 1.031330406665802 0.00051560328574845
2452148.2780323555 1.0279841423034668 0.0005148781929165
2452148.353726624 1.0251722931861877 0.0005141906149219
2452148.42942088 0.9423789381980896 0.0004954650066792
2452148.505809566 0.8011112213134765 0.0004614138160832
2452148.5815037973 0.8863077163696289 0.00048214870912485
2452148.6571980165 1.023168921470642 0.0005138686392456
2452148.7335866657 1.0267460346221924 0.0005145629984326
2452148.809280861 1.030666470527649 0.0005154314276295999
2452148.8849750445 1.0343588590621948 0.0005161564913578
2452148.9613636574 1.0371087789535522 0.0005168831557966
2452149.037057817 1.0388524532318115 0.00051721485215235
2452149.1127519645 1.0386786460876465 0.0005171744269318
2452149.189140542 1.0370270013809204 0.0005167970084585
2452149.2648346666 1.0341890454292297 0.00051614010590125
2452149.340528779 1.0301668643951416 0.0005152309895493
2452149.4162228806 1.0266494750976562 0.0005145044706295499
2452149.4919169703 1.0234701633453367 0.0005137345870025
2452149.5683054896 0.890748381614685 0.0004831671249121
2452149.643999557 0.8019765019416809 0.00046159728663035
2452149.719693613 0.93984979391098 0.0004946047556586
2452149.796082098 1.0247710943222044 0.0005140817374922
2452149.871776131 1.028225004673004 0.0005147843330632501
2452149.9474701528 1.0321030616760252 0.0005156634724698
2452150.023858604 1.0355355739593504 0.0005163852474652
2452150.099552604 1.0380220413208008 0.0005169566720724
2452150.1752465926 1.0389384031295776 0.0005172018427401
2452150.2516350104 1.038187861442566 0.0005170110962353
2452150.327328977 1.0360139608383179 0.0005165648180991
2452150.4030229324 1.0331456661224363 0.0005158536951057
2452150.479411317 1.0295062065124512 0.0005150596261955
2452150.5551052513 1.0261934399604797 0.00051433607586655
2452150.6307991743 1.0034554004669187 0.0005091978237032
2452150.707187526 0.8385993838310242 0.000470573810162
2452150.7828814276 0.8212422132492065 0.000466238183435
2452150.858575318 0.9884626269340516 0.0005055233486928
2452150.9405191513 1.0261746644973757 0.0005143794114701
2452151.010657507 1.0290982723236084 0.0005150763900019
2452151.086351366 1.0328052043914795 0.000515895022545
2452151.162045214 1.0362502336502075 0.00051663818885565
2452151.237739051 1.0386656522750854 0.0005171949742361
2452151.314127317 1.0393743515014648 0.0005173203535377
2452151.391210011 1.038059949874878 0.00051709549734365
2452151.46551494 1.0353592634201048 0.0005165145266801
2452151.541903174 1.0319008827209473 0.0005157588748261
2452151.617596959 1.0285415053367617 0.00051497222739265
2452151.693290734 1.0250121355056765 0.0005142091540619
2452151.769678937 0.9610881209373474 0.0004996742936782
2452151.846067129 0.8032187819480896 0.0004619950777851
2452151.921066435 0.8667522668838501 0.0004775003180839
2452151.9974546065 1.019139051437378 0.000512818689458
2452152.0731483297 1.0264846086502075 0.0005145506002008501
2452152.1488420423 1.0303281545639038 0.0005153359379619
2452152.225230183 1.0340255498886108 0.000516222207807
2452152.3009238765 1.0373061895370483 0.00051691252156155
2452152.3766175588 1.039181351661682 0.0005173030076548
2452152.4530056687 1.0392011404037476 0.0005173575482331
2452152.528699331 1.0379266142845154 0.00051707238890225
2452152.6043929835 1.0347421169281004 0.0005163570167496
2452152.6800866257 1.0313071012496948 0.0005156238039489499
2452152.7557802587 1.027933955192566 0.000514849089086
2452152.832168318 1.0248069763183592 0.0005141767906025
2452152.9078619303 0.9108628034591675 0.00048807042185214995
2452152.9835555335 0.8010340332984924 0.0004615805810317
2452153.059943563 0.920007050037384 0.000490081787575
2452153.1356371464 1.0245141386985779 0.00051411613821975
2452153.2113307198 1.027466893196106 0.0005147874471731
2452153.28771872 1.0310927629470823 0.0005156003171578
2452153.363412274 1.0345397591590881 0.0005163795140106
2452153.439105818 1.037524938583374 0.0005169573705643
2452153.5154937888 1.0387701988220217 0.0005173300160095
2452153.591187314 1.038566529750824 0.0005172801611479001
2452153.6668808297 1.0368611812591553 0.0005168676143512
2452153.7432687716 1.033576250076294 0.0005161829176358
2452153.8189622685 1.0301169157028198 0.00051543177687555
2452153.8946557557 1.026662826538086 0.0005146402399986
2452153.9710436696 1.0141643285751345 0.0005119239795021
2452154.046737138 0.8575277924537659 0.00047533823817495
2452154.1224305974 0.8089008927345277 0.0004634391225408
2452154.1988184834 0.9706496000289918 0.0005019294912926
2452154.274511924 1.0249554514884949 0.0005142804293427
2452154.3502053567 1.028254508972168 0.0005150468787178
2452154.42589878 1.032297432422638 0.0005159560241736
2452154.5015921947 1.03580105304718 0.000516717613209
2452154.577980035 1.0384596586227417 0.000517321343068
2452154.653673432 1.039284884929657 0.00051754733431145
2452154.72936682 1.0387792587280271 0.0005174351972527
2452154.805754635 1.0366463661193848 0.000516946427524
2452154.881448006 1.0332496762275694 0.00051626950153145
2452154.9571413686 1.0297564268112185 0.0005155112012289
2452155.033529158 1.026761770248413 0.0005148278432898
2452155.1092225043 0.9807248413562775 0.00050455611199135
2452155.184915844 0.8150721788406371 0.0004655164375435
2452155.261303609 0.848171591758728 0.0004735001421067
2452155.336996932 1.0100155472755432 0.0005112964718136501
2452155.412690248 1.0268585681915283 0.0005150314536876
2452155.4890779904 1.0302168130874632 0.0005158053827472
2452155.564771292 1.0333381295204165 0.00051648929365905
2452155.6404645867 1.0362472534179688 0.0005172003293409
2452155.7168523087 1.0382272005081177 0.0005176941049285
2452155.79254559 1.0388237833976746 0.0005178714636713
2452155.868238866 1.0376049280166624 0.0005176058621145
2452155.9446265693 1.0350946187973022 0.0005172748933546
2452156.0203198344 1.0315589904785156 0.00051717119640665
2452156.096013094 1.028253197669983 0.000517220236361
2452156.171706349 1.0249079465866089 0.00051712291315195
2452156.2473996 0.9323590397834778 0.0004968063440173
2452156.3237872818 0.8028043508529662 0.0004668403416872
2452156.3994805263 0.8991031050682068 0.0004915314202662
2452156.4751737695 1.0238641500473022 0.0005224007181823
2452156.5515614445 1.0274181365966797 0.0005263187922537
2452156.6272546854 1.0312409400939941 0.0005293795838952
2452156.6661429564 1.033570408821106 0.0005310525884851
2452158.9050037903 1.0335384011268616 0.00051604214240795
2452158.980697382 1.036514401435852 0.0005167300696484
2452159.056390944 1.038510501384735 0.00051716429879885
2452159.1320844768 1.0391939878463743 0.000517361680977
2452159.2084724167 1.037971019744873 0.0005170804797671
2452159.284165893 1.03547865152359 0.0005164825124665501
2452159.359164907 1.0320895910263062 0.00051572499796745
2452159.4355527647 1.0286933779716492 0.0005149672215338
2452159.511246162 1.0254831314086914 0.0005142709705978
2452159.587633969 0.9502579569816588 0.0004970735171809
2452159.6633273168 0.7999894618988037 0.00046110557741479996
2452159.7390206414 0.8773306012153625 0.0004799760354217
2452159.816102811 1.022642433643341 0.0005134854582138
2452159.891101657 1.0267789959907532 0.0005144299939274001
2452159.966794915 1.0304323434829712 0.0005152489175088
2452160.0431825863 1.03419029712677 0.0005161063163541
2452160.1188758034 1.036811351776123 0.0005166788760106501
2452160.1945690005 1.0385985374450684 0.0005170394433662
2452160.2709566117 1.0387725830078125 0.000517074484378
2452160.3466497706 1.036885619163513 0.0005166612099855999
2452160.422342912 1.0337843894958496 0.0005159854190424
2452160.4994248995 1.0304468870162964 0.00051522805006235
2452160.574423572 1.026793897151947 0.0005143691087141
2452160.65011666 1.023449182510376 0.0005136221298016
2452160.7265041634 0.8969218730926514 0.0004844895738642
2452160.802197217 0.8021248579025269 0.00046150533307805
2452160.8778902553 0.9333581328392028 0.0004930968862026
2452160.9542777087 1.0244840383529663 0.0005138365668244
2452161.029970715 1.0278289318084717 0.0005145677423569999
2452161.105663705 1.0315759181976318 0.000515436346177
2452161.1813566806 1.0351755619049072 0.00051622890168795
2452161.257049641 1.0379179716110227 0.0005167683120816
2452161.3334370167 1.0390849113464355 0.0005170840304344
2452161.4091299474 1.038559079170227 0.00051693187560885
2452161.4848228637 1.0367839336395264 0.0005165389738976
2452161.5612101955 1.0340896844863892 0.0005159132997505
2452161.636903084 1.0303859710693357 0.00051516538951545
2452161.7125959573 1.0269533395767212 0.0005143936141394
2452161.788983247 1.00878643989563 0.0005101616843603
2452161.8646760937 0.8457346856594086 0.00047217801329674995
2452161.9403689257 0.8151602149009703 0.0004646436136681
2452162.0167561746 0.9809963107109068 0.0005038426606915
2452162.0924489805 1.0255723595619202 0.00051396625349295
2452162.1681417734 1.0289477109909055 0.00051469047321
2452162.2445289823 1.0326515436172483 0.0005155368125997
2452162.320221749 1.0358187556266785 0.0005162362940609
2452162.3959145034 1.0382111072540283 0.0005167077179066
2452162.472301673 1.038725733757019 0.0005167431663721
2452162.5479944022 1.037695288658142 0.0005164941539987
2452162.6236871183 1.035189509391785 0.0005159291904419
2452162.7000742503 1.0318809747695925 0.0005152024677954
2452162.775766942 1.0280077457427979 0.00051431640167715
2452162.8514596215 1.024858474731445 0.0005135968676768
2452162.927152288 0.9691661894321442 0.0005009942105970999
2452163.0028449437 0.8088370561599731 0.0004628292517736
2452163.0792320147 0.8605613112449646 0.0004752754175569
2452163.154924646 1.0156010389328003 0.00051154164248145
2452163.230617265 1.026335835456848 0.0005139760905876
2452163.3070043004 1.0301023721694946 0.0005147600313648
2452163.382696896 1.0338443517684937 0.0005155790713615
2452163.4583894806 1.036744475364685 0.0005162309389561
2452163.53477648 1.0384289026260376 0.0005165705806575
2452163.610469041 1.0388476848602295 0.0005166393530089
2452163.6861615907 1.037573218345642 0.0005164596368558
2452163.762548556 1.035014510154724 0.0005158353596925
2452163.8382410826 1.0317519903182983 0.0005151169898453499
2452163.913933598 1.0280959606170654 0.0005142298177815
2452163.9903205293 1.0247939825057983 0.0005133952363394
2452164.0660130223 0.9169574975967407 0.0004890428099315
2452164.141705504 0.8010217547416686 0.0004608724848367
2452164.2180924015 0.9124100208282472 0.0004879232437815
2452164.293784861 1.0238903760910034 0.0005132270453032
2452164.3694773098 1.0274900197982788 0.0005140333087183
2452164.445864174 1.0308469533920288 0.0005147535703144
2452164.5208621747 1.0341466665267944 0.0005155900144018
2452164.5972490166 1.0372072458267212 0.0005161796580068
2452164.672941422 1.0389962792396545 0.00051655128481795
2452164.7493282426 1.0386468768119812 0.00051652666297735
2452164.825715051 1.036958932876587 0.0005160723521839
2452164.900712999 1.033738136291504 0.00051535273087205
2452164.975710936 1.030323088169098 0.0005145701579749
2452165.052097713 1.02639901638031 0.00051379055366845
2452165.1284844796 1.0187036991119385 0.0005119768320582
2452165.20417681 0.8665378093719481 0.0004767075588461
2452165.2812579796 0.806658923625946 0.0004617991653503
2452165.35556144 0.9630786180496218 0.0004995469353161
2452165.4368091365 1.0260483622550964 0.00051408735453145
2452165.508334877 1.029252052307129 0.0005147469928488
2452165.5840271553 1.0330682396888733 0.0005155392864253
2452165.659719423 1.036250114440918 0.0005163199384696
2452165.736106105 1.038371205329895 0.0005167996278032
2452165.8117983527 1.039263129234314 0.0005169555661268
2452165.887490589 1.0388119220733645 0.0005168949137441
2452165.96387724 1.0365169048309326 0.0005164162139408
2452166.039569457 1.0334331393241882 0.00051565287867555
2452166.115261663 1.029865860939026 0.0005149761564098
2452166.190953859 1.0265419483184814 0.0005141544097568001
2452166.267340469 0.9857571721076965 0.00050495401956135
2452166.3430326455 0.8193525671958923 0.0004656635865103
2452166.4187248116 0.8398325145244598 0.0004705716273747
2452166.4944169675 1.0035218000411987 0.0005090769263915
2452166.570803537 1.025566339492798 0.0005139400018379
2452166.646495673 1.0293086171150208 0.0005147603806108
2452166.7221877994 1.0329434871673584 0.0005155832041054
2452166.7985743387 1.0360862016677856 0.0005162801826372
2452166.8742664447 1.0388412475585938 0.0005168909847269999
2452166.9499585414 1.03934645652771 0.0005170363001525
2452167.026345051 1.0382312536239624 0.0005167503841221
2452167.102037127 1.0359194874763489 0.0005161869048605999
2452167.177729195 1.032438039779663 0.0005153885576874
2452167.2541156746 1.028193116188049 0.0005145033937878
2452167.329807722 1.0245286822319033 0.0005136775434948001
2452167.4054997605 0.9397550225257872 0.0004942587693221
2452167.481886211 0.8025265336036682 0.000461398914922
2452167.5575782293 0.8926251828670502 0.00048318288463624997
2452167.633270239 1.0246548652648924 0.0005136356339789
2452167.7096566604 1.0279641151428225 0.0005143791786395
2452167.7853486505 1.0315530896186829 0.00051525927847245
2452167.861040632 1.0353260040283203 0.0005160422879271
2452167.9374270244 1.038074612617493 0.0005166374612599
2452168.013118986 1.0391844511032104 0.00051694115973075
2452168.088810939 1.039063572883606 0.0005168744246475
2452168.164502882 1.0374792218208313 0.00051648585940705
2452168.2401948157 1.0344992876052856 0.0005158597487024
2452168.316581162 1.0314844846725464 0.0005151951918378
2452168.3922730777 1.0276151895523071 0.00051436282228675
2452168.4679649835 1.023995876312256 0.0005135728861205
2452168.5443513026 0.8857677578926086 0.0004816064320039
2452168.62004319 0.8008075058460236 0.0004608056333381
2452168.6957350695 0.9433013200759888 0.0004949911963194
2452168.772121361 1.0254237651824951 0.0005137035623192
2452168.8478132226 1.0287634134292603 0.00051444175187495
2452168.923505075 1.0321621894836424 0.000515230698511
2452168.99989134 1.0356920957565308 0.0005160372820682
2452169.075583175 1.0382091999053955 0.0005165481998119
2452169.151275001 1.03955078125 0.0005167839117348
2452169.22766124 1.0388494729995728 0.0005166484625078
2452169.3033530493 1.0368450284004211 0.00051626219647
2452169.3790448504 1.033387541770935 0.0005155319813638
2452169.455431064 1.0296615362167358 0.0005146472831256
2452169.531122849 1.0263229012489319 0.0005138653796165999
2452169.6068146257 1.0005023479461668 0.0005079089896753
2452169.6832008148 0.8361926674842833 0.0004692143702413
2452169.7588925757 0.8267324268817902 0.00046720429963894997
2452169.8345843293 0.9919241070747375 0.0005061266128905
2452169.910276076 1.0268536806106567 0.0005139675631652999
