2451438.0298853363 0.9210241436958314 0.0007110368460416
2451438.1062756926 0.99414724111557 0.0007161384564824
2451438.1826660414 1.0520786046981812 0.0007231684867292
2451438.2590563786 1.0615934133529663 0.0007206861628219
2451438.334752244 1.0729771852493286 0.0007188212766777
2451438.4111425495 1.0835177898406982 0.0007183192356023499
2451438.4875328373 1.093277633190155 0.0007202316191978
2451438.563923105 1.0979873538017273 0.00072149396874005
2451438.64100781 1.100629448890686 0.0007221397245302
2451438.7160091233 1.096452236175537 0.0007209532195702
2451438.79239933 1.087041258811951 0.000718698836863
2451438.868095059 1.0775290727615356 0.0007158493099268
2451438.944485224 1.0664744973182678 0.0007127285061869499
2451439.0222642794 1.056053102016449 0.000709920132067
2451439.097959947 1.0459227561950684 0.0007070258143357
2451439.1729611387 0.932597219944 0.000674957584124
2451439.2493512216 0.4290860891342163 0.0005086141754873
2451439.3264357396 0.2244163379073143 0.00042272238351865005
2451439.402131328 0.6716365814208984 0.0005947041790932
2451439.478521352 1.0405143499374387 0.0007055610185489
2451439.554911357 1.0504533052444458 0.0007082905503921
2451439.631301343 1.0608690977096555 0.0007112056482583
2451439.707691311 1.0704671144485471 0.00071390660014
2451439.783386806 1.0834287405014038 0.0007174772035795499
2451439.8590822835 1.0927568674087524 0.0007199570536613
2451439.935472197 1.100115656852722 0.0007218110840767
2451440.011862093 1.1002991199493408 0.0007220369298011
2451440.0882519716 1.0988622903823853 0.0007216170779429
2451440.164641833 1.0908353328704832 0.0007194029749371
2451440.241031678 1.0807441473007202 0.0007167674484662
2451440.317421505 1.0682145357131958 0.0007132338942028
2451440.3931168634 1.0588216185569763 0.00071079883491615
2451440.4688122054 1.0393770933151243 0.000705279468093
2451440.5452019842 0.9662688970565796 0.0006850222707726
2451440.6215917463 0.9167453050613404 0.0006706507410854
2451440.697981493 0.9871872663497924 0.0006908206269145
2451440.7743712235 1.0467045307159424 0.0007073484011925
2451440.850760939 1.060844659805298 0.00071128224954
2451440.927150639 1.0697871446609497 0.0007137426291592
2451440.9972902574 1.0803109407424927 0.0007166068535298001
2451441.0799299916 1.0921945571899414 0.0007195817888714
2451441.154930742 1.099219799041748 0.0007215526420623
2451441.2327092835 1.0971330404281616 0.0007212571217678
2451441.309098907 1.0970770120620728 0.0007209940231405
2451441.3847940653 1.0875999331474304 0.0007184541900641501
2451441.4577114056 1.078492760658264 0.0007162226247601
2451441.537573239 1.0664187669754028 0.0007127881108316999
2451441.616046156 1.055025577545166 0.0007094108732417
2451441.6896579037 1.0470635890960691 0.000707238621544
2451441.76465854 0.99509596824646 0.000693186186254
2451441.841048062 0.5314106941223145 0.0005464690038934
2451441.91743757 0.224487230181694 0.000422451790655
2451441.9938270636 0.5660607814788817 0.0005590437795035
2451442.070910993 1.0105159282684326 0.0006971030961721999
2451442.1466060095 1.0491878986358645 0.0007081111543811
2451442.2229954614 1.0581300258636477 0.0007105190306901
2451442.2986904504 1.069961130619049 0.0007137451029847501
2451442.374385425 1.0813894271850584 0.0007168474257923
2451442.4507748354 1.0915402173995972 0.0007196827209554
2451442.5271642325 1.0993282794952393 0.0007218125974759
2451442.6035536155 1.1028776168823242 0.0007228512549772
2451442.6799429855 1.0993330478668213 0.0007219550316222
2451442.7563323416 1.0935895442962646 0.0007203498389571
2451442.832721684 1.0850898027420044 0.0007179257809184
2451442.9084165646 1.0730388760566711 0.0007146664138417
2451442.9841114325 1.0630708932876587 0.0007120035588741
2451443.060500735 1.0502835512161257 0.0007081879884935
2451443.1368900244 0.9799744486808778 0.0006890160148032
2451443.2132793 0.9195157289505004 0.0006714391638524
2451443.289668563 0.9662890434265136 0.0006848650518804
2451443.3660578127 1.0436861515045166 0.0007066969410516
2451443.4424470486 1.0594042539596555 0.0007107459241524
2451443.5181418248 1.0699589848518372 0.0007137406500987
2451443.5938365874 1.0790324211120603 0.0007162190158851
2451443.6702257846 1.090057611465454 0.0007193514029495
2451443.7466149684 1.0957685708999632 0.0007207115995697
2451443.82300414 1.0995770692825315 0.0007217978709377
2451443.899393298 1.0948861837387085 0.0007205463480204
2451443.975782443 1.0878026485443115 0.0007186376024037
2451444.057727148 1.0787469744682312 0.00071607696008865
2451444.1285606944 1.0660685300827026 0.0007127869757823
2451444.206338694 1.055405020713806 0.0007097761263139
2451444.2799500017 1.0463252067565916 0.0007072745938785
2451444.356339083 1.0292612314224243 0.0007025701343081
2451444.4327281513 0.6395354866981505 0.000584127032198
2451444.509117206 0.2236352264881134 0.0004224168078508
2451444.5855062488 0.4590559601783752 0.0005197970895096
2451444.661895278 0.9544943571090696 0.0006812457577325
2451444.73758985 1.045364499092102 0.0007068613485898499
2451444.8132844083 1.053818702697754 0.0007092303130775
2451444.8896734 1.0648025274276731 0.0007122702081687
2451444.9660623786 1.0787127017974851 0.0007160217501223
2451445.042451345 1.090091109275818 0.0007190894102677
2451445.1188402986 1.097640872001648 0.0007213274948298
2451445.1952292393 1.103020429611206 0.0007226758752949
2451445.271618168 1.1028598546981812 0.0007226315210573
2451445.3473126385 1.0969003438949585 0.0007211213523987
2451445.423007097 1.0858956575393677 0.0007180938846431
2451445.499395987 1.0774213075637815 0.0007156579522415
2451445.5757848653 1.0654903650283811 0.0007125122938305
2451445.6521737305 1.0552691221237185 0.000709666754119
2451445.728562583 1.0024480819702148 0.0006952877738513
2451445.8049514233 0.9215497374534608 0.0006719441735185
2451445.8813402504 0.9585335850715636 0.0006825646851211
2451445.9570346214 1.0280847549438477 0.0007023357902652999
2451446.0327289803 1.058518648147583 0.0007106763659976
2451446.10911777 1.0679684877395628 0.0007131970487535
2451446.185506548 1.0791471004486084 0.0007163195405155
2451446.2618953125 1.0882920026779177 0.0007187610026448
2451446.3382840645 1.0957772731781004 0.0007209762115962
2451446.414672804 1.0976662635803225 0.0007213180651888
2451446.4910615315 1.0965389013290403 0.000721011776477
2451446.566755803 1.0901494026184082 0.0007191868789959499
2451446.6424500626 1.080794334411621 0.0007165824063122
2451446.718838752 1.0675103664398191 0.0007132476894184
2451446.7952274294 1.0557873249053955 0.0007098211790435
2451446.8716160944 1.046379327774048 0.0007072989246807
2451446.9480047463 1.036257266998291 0.0007044203230179
2451447.0167545225 0.7864603400230408 0.0006312919140327501
2451447.100782013 0.2392150163650512 0.0004297291161492
2451447.176476186 0.35293175280094147 0.00047826915397305
2451447.252170346 0.8712213635444641 0.0006569626275449
2451447.3285589362 1.0409716367721555 0.0007058785995468
2451447.4049475137 1.049931526184082 0.0007082704105414
2451447.4813360786 1.0622341632843015 0.0007116495980881
2451447.5577246314 1.0737116336822508 0.0007149410084821
2451447.634113171 1.0866817235946655 0.000718375260476
2451447.7105016992 1.095930814743042 0.0007210745825432
2451447.7861957736 1.1028915643692017 0.0007228239264804
2451447.861889836 1.100016713142395 0.0007222923450171
2451447.9382783268 1.098828673362732 0.0007219818071462
2451448.014666805 1.0891889333724976 0.0007195234647952
2451448.0910552717 1.0799949169158936 0.0007170109893195
2451448.1674437253 1.0687214136123655 0.0007138868095353
2451448.2438321677 1.0573775768280027 0.0007109030848369
2451448.320220597 1.0167727470397947 0.0006999356555752
2451448.395914575 0.935321569442749 0.0006775540532543999
2451448.471608541 0.9400649070739746 0.0006786842714063
2451448.547996935 1.023948311805725 0.0007029228145256
2451448.6243853173 1.0577576160430908 0.0007124369149096
2451448.7007736876 1.069047927856445 0.0007160320528782
2451448.777162047 1.0781539678573608 0.0007189430180005
2451448.8535503945 1.0883234739303589 0.0007219299441203
2451448.9299387312 1.0946156978607176 0.0007239991682581
2451449.0056326175 1.1005102396011353 0.0007258364348672001
2451449.0813264935 1.096083641052246 0.0007250791531987
2451449.1577147986 1.0922322273254397 0.0007246205350384
2451449.2341030934 1.0820019245147705 0.0007219190592877
2451449.3104913784 1.0686957836151123 0.0007183927809819
2451449.386879654 1.056626558303833 0.0007154053309932
2451449.463267922 1.0462605953216553 0.0007122555980458
2451449.539656182 1.037980556488037 0.000709474843461
2451449.615349996 0.8353806734085083 0.0006507601938210001
2451449.6910438044 0.314001590013504 0.0004680929996538
2451449.7674320466 0.2666364908218384 0.0004470732528716
2451449.8438202855 0.7852035760879517 0.0006341861444525
2451449.9202085226 1.0370094776153564 0.0007072710432112
2451449.993124568 1.0465298891067505 0.0007106356206349499
2451450.074373879 1.05739164352417 0.0007240556296892
2451450.149373249 1.0696837902069092 0.0007566419080831
2451450.1889562537 1.0729840397834778 0.00077973271254445
2451451.5972837694 1.1004379987716675 0.00073418836109335
2451451.672978082 1.1021199226379397 0.0007262179860845
2451451.748672378 1.0962258577346802 0.0007221370760817
2451451.82575554 1.086433172225952 0.0007183710113167
2451451.901449796 1.074367642402649 0.0007149970333556999
2451451.9778384725 1.0612839460372925 0.000711378554115
2451452.057004897 1.0488459467887878 0.000707922008587
2451452.1313102036 1.039750576019287 0.0007055327878333
2451452.206309932 0.91430002450943 0.0006699949735775
2451452.282698522 0.4086367785930633 0.0005005547427572
2451452.359087091 0.2234952300786972 0.0004223631985951
2451452.4361700797 0.6901375651359558 0.00060073280474165
2451452.5118641653 1.0318076610565183 0.0007030483684502
2451452.5882526715 1.0442895889282229 0.0007065460085868
2451452.6646411573 1.0540602207183836 0.0007091272855177
2451452.7403351823 1.064915120601654 0.0007122466922737
2451452.816029188 1.078303813934326 0.0007160694221965
2451452.8924176157 1.0881441831588743 0.0007186251459643
2451452.9688060237 1.0944386720657349 0.0007204117719084
2451453.045194413 1.0981605052947998 0.0007213301723822
2451453.121582784 1.0972448587417605 0.0007210513576865
2451453.197971137 1.0907663106918335 0.0007193856290541
2451453.2743594716 1.0807932615280151 0.0007167576695792
2451453.350053349 1.07194584608078 0.00071411841781805
2451453.4257472097 1.061984896659851 0.0007115895859897
2451453.502135492 1.0389889478683472 0.0007051432621665
2451453.578523758 0.9690760374069212 0.0006854293169453
2451453.654912006 0.9256823658943176 0.0006732865003868
2451453.7313002385 0.9992227554321288 0.0006941790925338
2451453.8076884537 1.0522910356521606 0.0007088512647897
2451453.884076653 1.0655865669250488 0.0007125702686607
2451453.9597703987 1.0753211379051208 0.0007151890313252501
2451454.035464128 1.0844271183013916 0.0007175644277594
2451454.11185228 1.0954986810684204 0.0007207340677268
2451454.188240416 1.1010133028030396 0.0007222339627332
2451454.2646285365 1.1010478734970093 0.0007221344276331
2451454.341016642 1.0980817079544067 0.000721174525097
2451454.4174047317 1.0885570049285889 0.0007186553557403
2451454.4937928063 1.0775508880615234 0.0007156425854191
2451454.563930935 1.0630358457565308 0.0007115295156836
2451454.6465689116 1.0518345832824707 0.0007087031845003
2451454.7215680685 1.043310046195984 0.0007062907679937
2451454.797956085 0.9872375726699828 0.0006905298214405
2451454.874344086 0.510313093662262 0.0005384445539675
2451454.950732073 0.2236195653676986 0.0004220908158458
2451455.027120045 0.5820205211639404 0.0005644270568154
2451455.103508003 1.0098155736923216 0.0006968373782001
2451455.1792015107 1.0421082973480225 0.0007059063937048999
2451455.2548950054 1.049261450767517 0.0007078726193867
2451455.3312829216 1.0631115436553955 0.0007115159532986
2451455.4076708234 1.0733951330184937 0.0007144623086787
2451455.4840587117 1.0842416286468504 0.000717451213859
2451455.560446586 1.0912964344024658 0.0007193073397502
2451455.6368344463 1.0969600677490234 0.0007207407616078
2451455.713222293 1.094476342201233 0.0007199954707175
2451455.788915692 1.0916153192520142 0.0007192763150669
2451455.864609076 1.08054780960083 0.0007162761758081
2451455.9409968825 1.0720763206481931 0.0007139855297282
2451456.017384676 1.060725212097168 0.000710897729732
2451456.0937724547 1.0490405559539795 0.0007073775632306
2451456.170160221 0.9802427291870116 0.0006886202027089
2451456.2465479732 0.9214625358581544 0.000671538466122
2451456.322935713 0.971656858921051 0.0006859049317426
2451456.398629005 1.0488282442092896 0.0007074980239849
2451456.474322284 1.0631694793701172 0.0007115180487744
2451456.5507099843 1.0724815130233765 0.0007140862289816
2451456.627097671 1.0844497680664062 0.0007172328769229
2451456.703485345 1.093433141708374 0.0007196516380645
2451456.7798730056 1.0991286039352417 0.0007210809271782
2451456.8562606536 1.1037908792495728 0.0007222055573947
2451456.932648288 1.0986359119415283 0.0007209223695099
2451457.0083414773 1.0934194326400757 0.0007195966900326
2451457.0840346534 1.0809874534606931 0.0007161672692745
2451457.1604222497 1.069370985031128 0.0007129721343517
2451457.236809833 1.0569474697113037 0.0007094727479852
2451457.313197404 1.0471781492233276 0.0007068622508086
2451457.389584962 1.0225952863693235 0.0006997901946306
2451457.465972507 0.6217849850654602 0.000576939433813
2451457.5423600394 0.2248889952898025 0.0004214643267914
2451457.6229141504 0.5054705739021301 0.0005361535586416
2451457.693746202 0.957220196723938 0.0006815380183979
2451457.7701336965 1.040096402168274 0.0007048727129586
2451457.8465211787 1.0484318733215332 0.0007073409506119
2451457.9229086475 1.0588688850402832 0.0007101803203113
2451457.9992961045 1.0703654289245603 0.0007133043254725
2451458.075683548 1.0821645259857176 0.0007164889248088
2451458.15207098 1.0900951623916624 0.0007187150185927
2451458.228458399 1.0941780805587769 0.0007197873201221
2451458.304151374 1.094381034374237 0.00071998074417925
2451458.3798443377 1.0897024869918823 0.000718674971722
2451458.456231719 1.0805177688598633 0.0007161002722568
2451458.532619088 1.071566462516785 0.0007135698106139
2451458.6090064445 1.0609228610992432 0.0007108575082384
2451458.6853937884 1.0507349967956543 0.0007079014321789
2451458.7617811197 0.9986373186111448 0.0006932358373887
2451458.8381684395 0.92135751247406 0.0006711375317536
2451458.913861316 0.9613726735115051 0.00068265612935645
2451458.9895541803 1.031524419784546 0.0007025628001429
2451459.0659414628 1.0597983598709106 0.0007104843389242
2451459.142328732 1.0714930295944212 0.0007135011255741
2451459.2187159895 1.0822962522506712 0.0007163928821682
2451459.2951032342 1.0932775735855105 0.000719498260878
2451459.371490467 1.1029431819915771 0.000721895659808
2451459.4478776865 1.103677749633789 0.0007225492736324
2451459.5235704654 1.103589415550232 0.00072224286850535
2451459.599263232 1.0951156616210935 0.0007200038526207
2451459.675650415 1.0842878818511963 0.0007170086028054
2451459.7520375857 1.0728225708007812 0.0007137006614357
2451459.828424744 1.062365174293518 0.0007108887657523
2451459.9048118903 1.049935817718506 0.0007075055036693
2451459.9811990233 1.0402601957321167 0.0007050042040646
2451460.057586145 0.7233121395111085 0.0006099874153733
2451460.1332788253 0.2346842810511589 0.0004259970446582
2451460.2089714943 0.3649730682373047 0.0004821377224288
2451460.285358579 0.8838894963264465 0.0006595810991711
2451460.3617456504 1.0405360460281372 0.0007048631086945
2451460.4381327103 1.049108862876892 0.0007071845466271
2451460.5145197576 1.0586483478546145 0.0007099377689883
2451460.5860458 1.0693880319595337 0.0007128866272978
2451460.667293815 1.0822436809539795 0.0007164402632042
2451460.742986398 1.0886839032173157 0.0007182170811574501
2451460.8186789686 1.0943174362182615 0.0007197671220637
2451460.8950659544 1.0938825607299805 0.0007196826627478
2451460.971452928 1.090171217918396 0.0007185721187852
2451461.0478398893 1.0821852684020996 0.0007163772825151
2451461.124226838 1.0724401473999023 0.0007137301727198
2451461.2006137744 1.06173574924469 0.0007107791607268
2451461.2770006987 1.0516977310180664 0.00070811616024
2451461.3526931833 1.007340669631958 0.00069566621095865
2451461.4283856573 0.9290771484375 0.0006730451714247
2451461.5047725444 0.93137925863266 0.0006742312107235
2451461.58115942 1.0247715711593628 0.0007003238424658
2451461.6575462827 1.058543682098389 0.0007098144269548
2451461.7339331335 1.0687681436538696 0.0007126543205231
2451461.810319972 1.0797865390777588 0.0007156415376812
2451461.8867067983 1.090192437171936 0.0007184443529695
2451461.9623991875 1.0988010168075562 0.0007207870366983001
2451462.038091564 1.1040600538253784 0.0007222366984933
2451462.114478355 1.1039369106292725 0.0007221844280138
2451462.190865134 1.0984296798706057 0.0007207495509646
2451462.2672519004 1.0879795551300049 0.0007178371306508
2451462.343638656 1.077182650566101 0.0007148848380893
2451462.4200253994 1.0638195276260376 0.0007111252052709
2451462.496412132 1.0532691478729248 0.0007081806543283
2451462.5727988533 1.043570637702942 0.0007055123569443
2451462.6484911386 0.8247382640838623 0.0006423362938221
2451462.724183414 0.3013175129890441 0.0004555035557132
2451462.800570104 0.2799701988697052 0.0004456671886146
2451462.8769567837 0.7994277477264403 0.0006340837571769
2451462.9533434534 1.0403218269348145 0.0007045930833555
2451463.029730115 1.0489755868911743 0.0007069397252053
2451463.1061167675 1.056997299194336 0.000709286192432
2451463.182503414 1.07120680809021 0.0007131147431209
2451463.258195629 1.0798070430755615 0.00071541257784695
2451463.3338878397 1.0891507863998413 0.0007179817766882
2451463.4102744707 1.0935856103897097 0.0007191984914243
2451463.4866611003 1.0975065231323242 0.0007201950647868
2451463.5581867634 1.0923945903778076 0.00071865163045
2451463.639434365 1.0835564136505127 0.0007213484495878
2451463.705404646 1.074859619140625 0.00074013444827865
2452174.237941143 0.265491396188736 0.0004028939874842
2452174.282385972 0.5566188097000122 0.000446915422799
2452174.3573866044 1.0346696376800537 0.0006310931639745
2452174.433776117 1.1880515813827517 0.0006909639341756
2452174.510165609 1.1720585823059082 0.0006938360165804
2452174.586555081 1.1463669538497925 0.000697033596225
2452174.6629445334 1.1387217044830322 0.0007008184911683
2452174.7393339667 1.1366510391235352 0.000703678058926
2452174.815028932 1.130678415298462 0.0007066319521981999
2452174.8907238794 1.1131647825241089 0.0007078276830725
2452174.9671132574 1.1027921438217163 0.0007079947390593
2452175.043502617 1.0922282934188845 0.0007065224344842
2452175.1198919592 1.0768733024597168 0.000704253965523
2452175.196281284 1.0572803020477295 0.0007009909604676
2452175.2726705913 1.0361993312835691 0.0006974842399358
2452175.3490598816 1.0204755067825315 0.0006941835745237
2452175.424754707 0.9728877544403076 0.0006827773759141001
2452175.500449517 0.8936020135879517 0.0006607688846997
2452175.576838758 0.8767390847206116 0.0006574941216968
2452175.653227982 0.9550208449363708 0.0006806548917666
2452175.729617191 0.9957075715065 0.0006920614396221
2452175.8060063836 1.0077102184295654 0.0006948545342311
2452175.8823955604 1.0147203207015991 0.0006977181183174
2452175.958784722 1.0192236900329588 0.0007002521306276
2452176.034479421 1.0349629521369934 0.0007030797132755999
2452176.110174105 1.0434052944183347 0.0007046305690892
2452176.186563221 1.040204644203186 0.0007045381935313
2452176.262952321 1.034248113632202 0.0007030167616903
2452176.3393414067 1.0333878993988037 0.0007007544045336
2452176.415730478 1.02303147315979 0.0006975711439736
2452176.492119534 1.0110530853271484 0.0006942626205272
2452176.568508575 1.00217866897583 0.0006915984558872
2452176.6442031562 0.9934812486171722 0.00068914698204025
2452176.7198977238 0.8238670825958253 0.0006400794372893
2452176.796286722 0.3011582493782043 0.0004596983490046
2452176.872675706 0.1908725500106811 0.0004117771168239
2452176.949064676 0.7038469910621643 0.0006025642505846
2452177.025453632 1.005553126335144 0.0006896982085891
2452177.1018425743 1.0137305259704588 0.000692423840519
2452177.178231502 1.0221682786941528 0.0006957271252758
2452177.2539259717 1.0322667360305786 0.0006989103276282
2452177.3296204275 1.0544468164443968 0.0007029748521745
2452177.40531487 1.0818378925323486 0.0007055159658193001
2452177.4823981877 1.0776939392089844 0.0007067481637932
2452177.558787047 1.0754529237747192 0.0007076624897308
2452177.635175893 1.078659176826477 0.0007064694655127
2452177.7115647257 1.0707480907440183 0.0007041877252049
2452177.787953545 1.0594133138656616 0.0007008385728113
2452177.863647907 1.0463917255401611 0.0006977963203098
2452177.9393422557 1.045168399810791 0.0006941827014088
2452178.015731035 1.0222030878067017 0.0006875800900161
2452178.092119801 0.9365813732147216 0.0006637591286562
2452178.168508554 0.9089128375053404 0.0006552218692377
2452178.2448972934 0.9869154691696168 0.0006767111481167
2452178.32128602 1.0373660326004028 0.0006912081735208
2452178.3976747333 1.0526493787765503 0.0006940725725144
2452178.473368991 1.06646066904068 0.0006970387184992
2452178.549063236 1.0747278928756712 0.000699432217516
2452178.6254519103 1.086926221847534 0.000702642428223
2452178.701840572 1.0930393934249876 0.0007037607720121
2452178.7782292212 1.0921958684921265 0.0007037628674879
2452178.854617857 1.0959358215332031 0.0007034995942376
2452178.93100648 1.0889521837234497 0.0007003245991654
2452179.00739509 1.0739730596542358 0.0006974659045226
2452179.083089246 1.0599016547203064 0.0006943182670510501
2452179.1587833893 1.0597470998764038 0.0006914968835189
2452179.235171961 1.0529245138168335 0.0006890466902405
2452179.311560521 0.9534071683883668 0.0006625993410125
2452179.3879490676 0.4597887694835663 0.0004979962250217
2452179.459476514 0.23472454398870463 0.0004022117063868
2452179.5407261234 0.642954647541046 0.000568565679714
2452179.617114632 1.0305428504943848 0.000687321589794
2452179.6928086877 1.0499459505081177 0.0006915585836395
2452179.7685027304 1.061851382255554 0.0006943531916476
2452179.844891202 1.0759438276290891 0.0006979845347814
2452179.921279661 1.0847933292388916 0.000701823097188
2452179.997668107 1.0930402278900146 0.0007046964019536
2452180.0740565406 1.1065294742584229 0.0007071057916618
2452180.150444962 1.1044474840164185 0.0007068733102642
2452180.226833371 1.1088160276412964 0.000707141472958
2452180.302527327 1.1044380068778992 0.00070479224086735
2452180.3782212716 1.0937503576278689 0.0007019652402959
2452180.454609643 1.0767115354537964 0.0006981529295444
2452180.5309980023 1.070413827896118 0.0006954325945116
2452180.6073863492 1.0486164093017578 0.0006899748696014
2452180.6837746836 0.9739441871643064 0.0006701280362904
2452180.7601630054 0.9251266717910768 0.000655025942251
2452180.836551315 0.9819154143333436 0.0006721603567712
2452180.912245173 1.051504373550415 0.0006911907694302001
2452180.9879390197 1.062688231468201 0.0006942375912331
2452181.064327292 1.0716757774353027 0.0006963015184737
2452181.1407155525 1.08782160282135 0.0006991617847234
2452181.2171038007 1.092074632644653 0.0007016815361566
2452181.2934920364 1.091683864593506 0.0007034603040665
2452181.36988026 1.0991537570953367 0.000703926954884
2452181.446268471 1.09354031085968 0.000702436605934
2452181.521962232 1.080393373966217 0.0007004606886766001
2452181.59765598 1.0738914012908936 0.0006976771983318
2452181.6740441546 1.0635477304458618 0.000694366695825
2452181.7504323167 1.0490272045135498 0.0006913863471709
2452181.826820466 1.0401158332824707 0.0006889548385515
2452181.9032086036 1.0028223991394043 0.0006765990983694
2452181.979596729 0.5578377842903137 0.0005380809307098
2452182.0559848417 0.2264776676893234 0.0004024850786663
2452182.1323729423 0.5505233407020569 0.0005326431128196
2452182.208066594 1.0026148855686186 0.0006757553201167999
2452182.283760233 1.0547643899917605 0.0006907535134814
2452182.3601482967 1.0683674812316897 0.0006939055165275
2452182.4365363484 1.0807651281356812 0.0006974393036216
2452182.512924388 1.0908827781677246 0.0007014243165031
2452182.589312415 1.0991245508193968 0.0007045165402814
2452182.66570043 1.1152215003967283 0.0007066221442073
2452182.742088433 1.1169977188110352 0.0007077942718751
2452182.817781987 1.1141119003295898 0.00070712700835425
2452182.8934755293 1.1115380525588987 0.0007057537441141
2452182.9698634953 1.0983710289001465 0.000702460471075
2452183.046251449 1.084004044532776 0.0006994238356128
2452183.1226393906 1.0755740404129028 0.0006960388855077
2452183.19902732 1.0656557083129885 0.0006927631911821
2452183.2754152375 0.9942519664764404 0.0006737915682606
2452183.3518031426 0.9332332611083984 0.0006552431732416
2452183.4274966 0.9742937982082367 0.0006680608785244999
2452183.5031900457 1.0503158569335935 0.0006875143153592
2452183.5795779144 1.0804609060287476 0.0006934925331734
2452183.655965771 1.0838216543197632 0.0006961257895454
2452183.7323536156 1.0910950899124143 0.0006988695822656
2452183.8087414475 1.1039108037948608 0.0007016063318587
2452183.885129268 1.109899878501892 0.0007034008740447
2452183.9615170765 1.1209757328033447 0.0007038007024675
2452184.0372104384 1.1270346641540527 0.00070333870826285
2452184.1129037887 1.1179116964340208 0.000701111042872
2452184.1892915615 1.1115493774414062 0.000698237970937
2452184.2656793226 1.098435640335083 0.0006949067465029
2452184.3420670717 1.0775649547576904 0.0006920197629369
2452184.4184548096 1.0766317844390867 0.000689843611326
2452184.4948425354 1.0746515989303589 0.00068743590964
2452184.5712302504 0.6981059312820435 0.0005736754392273
2452184.64692352 0.27036014199256897 0.000405195300118
2452184.722616779 0.4703530967235564 0.0004910721909254
2452184.7990044607 0.9795487523078918 0.0006600578781217
2452184.875392132 1.0979933738708496 0.0006921439198777
2452184.9517797926 1.1069000959396362 0.0006955963326618
2452185.0281674433 1.136637568473816 0.0006999656907282
2452185.1045550844 1.154872179031372 0.0007040567579679
2452185.180942716 1.0969743728637695 0.0007224315195344
2452185.2274697237 1.0057634115219116 0.0007405345095321
2452187.242024846 0.3966905176639557 0.0004228788893669
2452187.314246438 0.3995847702026367 0.0004500961804296
2452187.390634642 0.9277376532554624 0.0006345935980789
2452187.4670228246 1.0999181270599363 0.0006899027503095
2452187.5434109834 1.0972424745559692 0.0006925606867298
2452187.619799118 1.1064386367797852 0.0006957488367334
2452187.69549279 1.1077239513397217 0.0006995843723416
2452187.771186438 1.1139227151870728 0.0007030500564724
2452187.847574497 1.1120373010635376 0.0007054950110614
2452187.923962532 1.112128496170044 0.0007074184250086
2452187.9996561054 1.1095062494277954 0.00070725573459635
2452188.0767385284 1.103114366531372 0.0007063281955197
2452188.1531264912 1.0918980836868286 0.0007035403978079
2452188.2295144307 1.077579379081726 0.0007007651729509
2452188.305902348 1.0562751293182373 0.0006971313850954
2452188.381595808 1.0448145866394043 0.00069469242589545
2452188.457289247 1.0117647647857666 0.0006831914652138
2452188.5336770997 0.9196037650108336 0.0006597957690246
2452188.6100649326 0.9148744344711304 0.0006598656182177
2452188.6864527445 0.9885299801826476 0.0006807633908465
2452188.7628405374 1.025972843170166 0.0006923218606971
2452188.8392283106 1.0359163284301756 0.0006949920789338
2452188.9156160643 1.0479440689086914 0.0006972739356569
2452188.991309366 1.0588558912277222 0.0007002550992183
2452189.0670026494 1.0595569610595703 0.0007022460340522
2452189.1433903486 1.0658352375030515 0.000703164783772
2452189.2197780297 1.066251277923584 0.0007030085544101
2452189.2961656936 1.0592478513717651 0.0007009746041148
2452189.37255334 1.052398920059204 0.0006981902988627
2452189.4489409695 1.0426230430603027 0.0006951856194064
2452189.5253285826 1.0289361476898191 0.0006914582918398
2452189.601021746 1.0177037119865417 0.0006891433440614
2452189.676714893 1.0124802589416504 0.0006869264761917
2452189.7531024567 0.8299888372421264 0.0006332557532005
2452189.8294900046 0.3093518018722534 0.0004513457824941
2452189.9058775366 0.2227929830551147 0.0004154510097578
2452189.982265053 0.7457675337791443 0.0006064955377951
2452190.0586525532 1.01972496509552 0.0006876499392092
2452190.1350400387 1.0257847309112549 0.0006910243537276
2452190.2107330775 1.0388362407684326 0.0006942356412763999
2452190.2864261013 1.0527478456497192 0.0006973950075916
2452190.3628135417 1.063862919807434 0.0007014539442025
2452190.439200967 1.0774106979370115 0.0007040672353468
2452190.515588378 1.086197018623352 0.0007057393668219
2452190.591975774 1.0876529216766355 0.0007066943799145
2452190.668363156 1.0853677988052368 0.0007055345922708
2452190.7447505235 1.0788525342941284 0.0007035306771285
2452190.820443446 1.068217933177948 0.00070007177419025
2452190.8961363547 1.06343674659729 0.0006971190450713
2452190.9725236795 1.059598684310913 0.00069399230415
2452191.048910991 1.032016038894653 0.0006869868957437
2452191.1252982877 0.9456858038902282 0.0006639019702561
2452191.201685571 0.9241207242012026 0.0006553465500473
2452191.278072841 1.0159791707992551 0.0006783112767152
2452191.354460097 1.0629730224609375 0.0006909951334819
2452191.43015291 1.0784679651260376 0.0006939662853255001
2452191.5058457092 1.0849267244338987 0.0006963937776163
2452191.5822329246 1.095325589179993 0.0006996152224019
2452191.658620127 1.1050879955291748 0.0007017122115939
2452191.735007316 1.1153353452682495 0.000702797260601
2452191.8113944912 1.1167048215866089 0.0007023237412795
2452191.8877816536 1.1120914220809937 0.0007009094697423
2452191.964168803 1.1070536375045776 0.0006987751694396
2452192.0398615105 1.0985842943191528 0.0006951907125767
2452192.115554205 1.0765258073806765 0.0006921693566255
2452192.1919413153 1.0671033859252927 0.0006893856916576
2452192.2683284124 1.067229390144348 0.0006869493518024
2452192.344715497 0.9647941589355468 0.0006579399923793
2452192.4211025685 0.4743121564388275 0.0004901619395241
2452192.497489627 0.2715814113616943 0.0004011887940578
2452192.573876673 0.7040029764175415 0.0005732924910262
2452192.6495692786 1.0738722085952759 0.0006862329028081
2452192.725261872 1.081667184829712 0.0006897200364619
2452192.8016488794 1.0992051362991333 0.0006924074841663
2452192.878035875 1.110418677330017 0.0006967191002331
2452192.9544228576 1.1224737167358398 0.0006998765165917
2452193.030809828 1.144906997680664 0.0007028629188425
2452193.1071967855 1.1519824266433716 0.0007052826695144
2452193.183583731 1.153594970703125 0.0007056165486574
2452193.2599706636 1.149957299232483 0.0007049145060591
2452193.3356631575 1.1386058330535889 0.00070314892218445
2452193.4113556393 1.1275055408477783 0.0007002209313213
2452193.4828815507 1.0918622016906738 0.00069743505446235
2452193.564129418 1.0577667951583862 0.0006941763567738
2452193.6405162895 1.040467858314514 0.0006882198504172
2452193.716903148 0.9712765216827391 0.0006691310554742
2452193.7932899944 0.9146223664283752 0.0006544296629726
2452193.869676829 0.9858975410461424 0.0006720116944052
2452193.945369225 1.0440930724143982 0.0006910177180543
2452194.0210616095 1.0534384250640867 0.000693375186529
2452194.097448407 1.0667376518249512 0.0006960117607377
2452194.173835193 1.0701782703399658 0.0006988584646023
2452194.2502219663 1.0784584283828735 0.0007013716385699
2452194.3266087277 1.0941489934921265 0.0007025972008705
2452194.4029954765 1.0923411846160889 0.0007033857982605
2452194.4793822137 1.0819896459579468 0.0007011874695308
2452194.555074514 1.0839352011680603 0.0006995324220042
2452194.6307668025 1.0752829313278198 0.0006963984924368
2452194.7071535033 1.0560188293457031 0.0006928932853043
2452194.7835401925 1.045505404472351 0.0006898480933159
2452194.859926869 1.0359457731246948 0.0006872020312584
2452194.936313534 0.9846844673156736 0.0006729653687216
2452195.012700187 0.5331782698631288 0.0005298308678902
2452195.0890868283 0.222408577799797 0.0004009393160231
2452195.164779033 0.5554514825344086 0.0005358230264391
2452195.2397768027 0.995994359254837 0.0006757392256986001
2452195.3168578316 1.040987491607666 0.0006894833641126
2452195.393244425 1.0503127574920654 0.0006918275030329
2452195.469631006 1.0627306699752808 0.0006954161217436
2452195.5460175755 1.0753856897354124 0.0006992326816543
2452195.622404133 1.0843125581741333 0.0007023430080153
2452195.6987906783 1.0876342058181765 0.0007043166551738
2452195.774482789 1.0984460711479187 0.00070575517020185
2452195.850174888 1.0922307968139648 0.0007049785344861
2452195.926561398 1.077930927276611 0.0007029263651929
2452196.002947896 1.0718225240707395 0.0007003011414781
2452196.079334382 1.0610510110855105 0.0006974374991841
2452196.155720856 1.0487838983535769 0.0006938727456144
2452196.2321073185 1.038198947906494 0.0006909176590852
2452196.308493769 0.9726862907409668 0.0006728831795044
2452196.3841857854 0.8992224633693695 0.0006540724425576001
2452196.45987779 0.9489166140556335 0.0006688393768854
2452196.536264205 1.01353657245636 0.0006866877665743
2452196.612650608 1.03239369392395 0.0006922017782926
2452196.6890369994 1.0428191423416135 0.0006950449314899
2452196.765423379 1.05699360370636 0.0006977700977586
2452196.8418097463 1.0651290416717527 0.0007002990460023
2452196.9181961017 1.0712473392486572 0.0007023846847005
2452196.9945824454 1.071114420890808 0.0007021865458227
2452197.070274356 1.057468593120575 0.0007019024342298
2452197.145966255 1.0517284870147705 0.0006997211021371
2452197.2223525634 1.0459768772125244 0.0006966881337575
2452197.2987388596 1.0320301055908203 0.0006935506826266
2452197.375125144 1.0207269191741943 0.0006908518262207
2452197.451511417 1.0172244310379028 0.0006878367858007
2452197.527897678 1.0090858936309814 0.0006848271586932
2452197.604283927 0.6155628561973572 0.0005651445826515
2452197.6799757434 0.19552021473646158 0.00040021781751415
2452197.7556675486 0.4149193465709686 0.0004930879804305
2452197.8320537624 0.9139050841331482 0.000659400539007
2452197.9084399645 1.0114452838897705 0.000688262283802
2452197.9848261545 1.0210902690887451 0.0006907048518769
2452198.061212333 1.0324409008026123 0.0006946711218915
2452198.137598499 1.0423413515090942 0.0006977707962505
2452198.2139846543 1.064366340637207 0.000701289915014
2452198.2896763775 1.0649700164794922 0.0007039345509838001
2452198.36536809 1.0743411779403689 0.0007050968124531
2452198.44175421 1.076486110687256 0.0007046200917102
2452198.5181403183 1.061922550201416 0.0007033183355815
2452198.594526415 1.0546170473098757 0.0007004960789345
2452198.670912501 1.041721224784851 0.0006971291732043
2452198.747298575 1.033104658126831 0.0006940439343452
2452198.823684638 1.0260899066925049 0.0006908160867169
2452198.899376271 0.9692211449146271 0.0006769030005670999
2452198.975067893 0.887858510017395 0.0006544301868416
2452199.051453923 0.9039669632911682 0.0006613453733734
2452199.1278399425 0.9945608377456664 0.0006857120315544
2452199.2042259513 1.0207372903823853 0.0006920172017998
2452199.2806119504 1.0256171226501465 0.0006946211797185
2452199.3569979398 1.031706929206848 0.0006973856943659
2452199.4333839193 1.04044508934021 0.0007004640065133
2452199.5090754726 1.054466187953949 0.00070218509063115
2452199.5847670175 1.056571125984192 0.0007033026777207
2452199.6611529724 1.0538537502288818 0.0007024191436357
2452199.737538921 1.0398563146591189 0.0007008552202023
2452199.8139248644 1.0244550704956057 0.0006981512997299
2452199.890310803 1.0213291645050049 0.0006992558483034
2452199.9666967397 1.0118080377578735 0.000703795987647
2452200.043082676 1.0003477334976196 0.0007147307624109
2452200.1194686145 0.9494549632072448 0.0007249795016832
