2451438.1524611763 0.9941248297691344 0.0129584837704896
2451438.2316297223 1.0021885633468628 0.0122302779927849
2451438.3107982776 1.0023553371429443 0.0118751553818583
2451438.3899668385 0.9961596131324768 0.0116104641929268
2451438.4670520197 0.9983139038085938 0.01151536218821995
2451438.5483039673 0.9998870491981504 0.0115208318457007
2451438.6281669913 0.9989008903503417 0.011512539349496299
2451438.705252168 0.9981210827827453 0.0115220472216606
2451438.7851151843 0.9997927844524384 0.011517623439431149
2451438.863589273 0.9996394515037536 0.0115190120413899
2451438.9420633554 1.0019726157188416 0.011515814345329951
2451439.0226208135 1.000386506319046 0.01151778455823655
2451439.100400421 0.9997043609619141 0.01151941344141955
2451439.1795689412 1.0017295479774475 0.01151205692440265
2451439.258042993 1.0005139112472534 0.0115156983956694
2451439.3379059574 1.0035999417304993 0.0115139600820839
2451439.416379992 0.9996741414070128 0.0115065928548574
2451439.495548478 0.9983172416687012 0.0115101467818021
2451439.5740224943 0.9992000460624696 0.011504427529871401
2451439.652496502 1.0009723901748655 0.0115040587261319
2451439.7316649603 0.9976505637168884 0.0115147214382886
2451439.8108334094 0.9962335824966432 0.0115051865577697
2451439.890001849 0.998005211353302 0.01150469109416
2451439.969170279 1.0012693405151367 0.0115137165412306
2451440.0476442394 0.9991668462753296 0.011508667375892349
2451440.126118191 0.9995832443237304 0.011506718583405
2451440.2052865927 0.9998931884765624 0.0115121286362409
2451440.2844549846 1.001073718070984 0.0115123512223362
2451440.363623367 1.0014055967330933 0.011505514383316
2451440.4427917404 0.9991865158081056 0.0115044955164194
2451440.521960104 0.9997761845588684 0.0115040596574544
2451440.6004339987 1.0021238327026367 0.0115076913498342
2451440.6789078848 0.9999173283576964 0.0115041248500347
2451440.75807622 0.9962829351425172 0.0115027343854308
2451440.837244546 0.9995037913322448 0.0115090459585189
2451440.916412863 0.9955099225044248 0.0115019306540489
2451440.9907199587 1.0013037323951721 0.011505635920912
2451441.075443927 1.0007933378219604 0.01150081586092705
2451441.1525288397 1.000666260719299 0.0115074338391423
2451441.232391578 1.0005837082862854 0.011499804910272301
2451441.314337682 1.0013607144355774 0.011501354165375201
2451441.3907281095 1.000249981880188 0.0115071544423699
2451441.469896361 1.0038614869117737 0.01150441588833925
2451441.546286771 0.9995505213737488 0.01150853838771575
2451441.626843922 0.9994390308856962 0.01150352694094175
2451441.705317688 1.0008144378662107 0.0115072149783372
2451441.7844859036 0.9996356964111328 0.0115048503503203
2451441.86365411 1.0031208992004397 0.0115167163312435
2451441.944211223 1.0022022724151611 0.0115120261907577
2451442.0206015804 0.995541572570801 0.011503392830491
2451442.0997697595 1.0006870031356812 0.0115059502422809
2451442.17893793 1.0004754066467283 0.0115131409838795
2451442.2581060915 0.9997759461402892 0.0115108396857976
2451442.3372742436 1.00085186958313 0.0115125216543674
2451442.4164423873 0.9979203939437864 0.0115099838003516
2451442.4956105216 1.000112533569336 0.0115171549841761
2451442.5740841897 1.0005499124526975 0.011520233470946498
2451442.6525578494 0.999247431755066 0.0115296924486756
2451442.731725957 0.9987884759902954 0.01152647100389
2451442.8108940558 1.0029321908950803 0.0115243718028068
2451442.8900621454 0.9970861077308656 0.0115088056772947
2451442.9692302267 1.0013829469680786 0.0115108098834753
2451443.0477038417 0.999629646539688 0.011510501615703099
2451443.1261774483 1.0032356977462769 0.0115079432725906
2451443.2053455026 0.9997265338897704 0.0115110129117965
2451443.284513548 0.9986448287963868 0.0114965103566646
2451443.3636815846 0.9906998872756958 0.0114930579438805
2451443.4428496123 1.0004640817642212 0.0115037187933921
2451443.521323175 1.001182198524475 0.01150978729128835
2451443.5997967287 1.001637578010559 0.0115133132785558
2451443.67896473 1.0007309913635252 0.0115125803276896
2451443.758132722 0.998225212097168 0.0115031022578477
2451443.8373007053 0.9983590245246888 0.0115114459767937
2451443.91646868 0.9989436864852904 0.0115079060196876
2451443.990775455 0.9955009818077086 0.0115020130760967
2451444.0803602473 1.000001311302185 0.0115046016871929
2451444.1532780933 0.9982046186923981 0.01150051830336445
2451444.232446032 1.0015944838523865 0.01150504313409325
2451444.3109195065 1.0045334100723269 0.0115053188055753
2451444.3900874276 1.0012156963348389 0.0114999637007713
2451444.4692553394 0.9967955350875854 0.0115037988871335
2451444.547728787 1.002199947834015 0.01150273391976945
2451444.626202226 1.0019766092300415 0.0115110073238611
2451444.7053701114 0.9991177320480346 0.0115054501220583
2451444.7845379873 0.9986372590065 0.0115063460543751
2451444.8637058544 0.999054193496704 0.0115087768062949
2451444.9428737126 1.001223921775818 0.0115135284140706
2451445.0213471064 1.0007343292236328 0.01150013413280245
2451445.099820492 0.9975794553756714 0.0115026859566569
2451445.1789883226 0.9991295337677002 0.0115050068125128
2451445.2581561445 1.003053307533264 0.0115098571404814
2451445.337323957 0.9992345571517944 0.0115005783736705
2451445.4164917604 1.0010627508163452 0.0115052536129951
2451445.4949651007 1.0026202201843262 0.01150796469300985
2451445.573438431 0.9993529319763184 0.0115098590031266
2451445.6526062074 1.0012600421905515 0.0115127004683017
2451445.7317739734 0.9992815256118774 0.0115016791969537
2451445.810941731 0.9989555478096008 0.0115039534866809
2451445.890109479 1.0020653009414673 0.0115098385140299
2451445.9692772175 0.9991236329078672 0.0115029383450746
2451446.0477504926 0.9947708249092102 0.01150307618081565
2451446.126223759 0.999734103679657 0.0115055590867996
2451446.205391469 1.0013011693954468 0.0115113304927945
2451446.28455917 0.999044358730316 0.0115135731175541
2451446.3637268613 1.002938747406006 0.0115115651860833
2451446.4428945426 1.0000338554382324 0.0115068545565009
2451446.5213677613 1.0021032094955444 0.0115117118693888
2451446.5998409707 1.0016226768493652 0.0115110725164413
2451446.679008623 1.001919865608215 0.0115146413445472
2451446.7581762658 1.002070903778076 0.0115129454061388
2451446.837343899 1.0030503273010252 0.0115150259807705
2451446.916511522 1.0018366575241089 0.0115165328606963
2451446.990817966 0.999226212501526 0.0115071241743862
2451447.0769300954 1.0005749464035032 0.0115087646991014
2451447.1526254257 1.0022330284118652 0.0115131018683314
2451447.2317930087 1.0016514062881468 0.0115138059481978
2451447.310960581 1.0028878450393677 0.0115222418680787
2451447.3901281436 0.9980762600898744 0.0115118538960814
2451447.4686012436 1.0026126503944397 0.011533155106008
2451447.547074333 0.9990071654319764 0.0115269608795642
2451447.6262418637 1.0005512237548828 0.0115278121083974
2451447.7054093843 1.0005483627319336 0.0115286856889724
2451447.784576894 0.997182846069336 0.0115257697179913
2451447.863744393 0.99920654296875 0.0115326177328825
2451447.942911881 1.0001412630081177 0.0115369064733386
2451448.021384907 1.0046657919883728 0.01154738850891585
2451448.0998579212 0.9966393113136292 0.0115424897521734
2451448.179025376 0.9989432096481324 0.011541724205017
2451448.25819282 1.0012401342391968 0.0115512693300843
2451448.337360252 0.999486207962036 0.0115471854805946
2451448.416527673 0.9990077018737794 0.0115481298416852
2451448.495000631 0.9998630881309509 0.01155146118253465
2451448.573473578 1.0030031204223633 0.0115557443350553
2451448.6526409634 0.9921576976776124 0.0115451654419302
2451448.7318083374 0.9982655644416808 0.0115558709949254
2451448.8109756988 0.9997074604034426 0.0115657849237322
2451448.890143048 0.9992876052856444 0.0115629890933632
2451448.9686159343 1.0008441805839539 0.0115642715245485
2451449.047088809 1.0013329982757568 0.0115636773407459
2451449.126256121 1.0015259981155396 0.0115629630163311
2451449.2054234203 0.9991142153739928 0.0115606319159269
2451449.2845907067 1.0008338689804075 0.0115649886429309
2451449.3637579805 1.0015556812286377 0.0115584293380379
2451449.442230792 0.999311715364456 0.01156540913507335
2451449.5207035905 0.9993816614151002 0.0115594351664185
2451449.5998708257 1.0031776428222656 0.0115632871165871
2451449.6790380487 0.9999040365219116 0.0115603888407349
2451449.758205259 0.9968624114990232 0.0115497652441263
2451449.837372458 1.001039981842041 0.0115611497312784
2451449.9165396458 0.99913227558136 0.0115578128024935
2451449.9908456802 1.0031047463417053 0.0116609339602291
2451450.064457259 1.0003827214241028 0.012731126043945499
2451451.585303996 1.0058172345161438 0.01226190244778985
2451451.6526659722 1.0033401250839231 0.0118463421240448
2451451.7318336605 1.0018428564071655 0.0115500604733824
2451451.811695805 0.9992046058177946 0.011491263285279201
2451451.8901690417 0.998683214187622 0.0114993378520011
2451451.9686422767 0.9992531239986421 0.011497077997773851
2451452.046421054 1.0002456605434418 0.0114948167465627
2451452.1269776393 0.9990211725234984 0.0114936418831348
2451452.2054508585 0.9994530677795408 0.0114897135645151
2451452.2846185234 0.9976882338523864 0.0114962663501501
2451452.363786181 0.9984062910079956 0.0114908255636692
2451452.4429538297 1.001621127128601 0.011496702209115
2451452.520732564 0.9995017051696776 0.0114944921806454
2451452.599900195 1.0002816915512085 0.0114993974566459
2451452.6790678166 0.9978246092796323 0.0114897405728697
2451452.758235429 0.9978636503219604 0.0114898448809981
2451452.8374030315 1.0008764266967771 0.0114973718300461
2451452.9158761716 0.9996125102043152 0.011500835418701099
2451452.994349302 1.0003401041030884 0.011488095857203
2451453.073516875 1.0028079748153689 0.0115021644160151
2451453.152684438 1.0011960268020628 0.011499598622322
2451453.2318519913 1.000312089920044 0.0114904511719942
2451453.3110195342 0.9996581077575684 0.0114932348951697
2451453.3901870674 1.0018609762191772 0.0115003669634461
2451453.4686601385 0.9989165067672727 0.011493688914924801
2451453.5471332 0.9959742426872252 0.0114887384697794
2451453.6263007033 0.999039351940155 0.0114954197779297
2451453.705468197 1.003583908081055 0.0114952055737376
2451453.7846356803 1.0014976263046265 0.0114994458854198
2451453.863803154 1.0021673440933228 0.0115031078457832
2451453.9422761663 0.9921272099018096 0.011492083780467451
2451454.020749169 1.0008223056793213 0.0115101039409637
2451454.099916613 1.0019816160202026 0.0115076070651412
2451454.1790840477 1.0009716749191284 0.0115091949701309
2451454.258251473 1.0000629425048828 0.0115027334541082
2451454.3374188878 0.999813199043274 0.0114971445873379
2451454.4158918425 0.9988497495651244 0.01149101648479695
2451454.4943647874 1.0006608963012695 0.0114926062524318
2451454.5679765684 0.9988903403282164 0.0114922216162085
2451454.654088452 0.997674822807312 0.0114899985492229
2451454.731866918 1.0005147457122805 0.0114972358569502
2451454.8110342757 0.9991018772125244 0.0114921759814023
2451454.8895071736 0.9988283514976499 0.0114844581112265
2451454.9679800626 1.0021246671676636 0.0114908656105399
2451455.0471473923 0.9976047873497008 0.0114862816408276
2451455.126314712 1.0019201040267944 0.0114937741309404
2451455.2054820233 0.9993380904197692 0.0114851985126733
2451455.2846493246 0.9974899291992188 0.0114798387512564
2451455.3638166166 1.0019847154617307 0.0114991003647446
2451455.4422894493 0.9956519305706024 0.0114849689416587
2451455.5207622736 1.0011482238769531 0.0114944037050008
2451455.5999295376 0.9974191784858704 0.0114890122786164
2451455.679096793 1.0034071207046509 0.0114890858530998
2451455.7582640387 1.0036654472351074 0.0114918332546949
2451455.8374312753 1.0003799200057983 0.0114891910925507
2451455.9159040535 0.9995356798171997 0.011488961521536101
2451455.994376823 1.000333309173584 0.0114930281415581
2451456.073544032 0.999764084815979 0.0114874150604009
2451456.152711232 1.0009089708328247 0.011493002064526
2451456.2318784227 1.0008448362350464 0.0114860516041517
2451456.3110456043 0.9987910389900208 0.0114850616082549
2451456.389518328 1.0043596625328064 0.01149200741201635
2451456.4679910433 0.998176634311676 0.0114906076341867
2451456.5471581975 1.0028172731399536 0.0114937257021665
2451456.6263253433 0.9901785850524902 0.0114678479731082
2451456.7054924793 1.0013935565948486 0.0114879347383975
2451456.7846596064 0.9995853900909424 0.0114833461120724
2451456.8638267247 1.001309514045715 0.0114849526435136
2451456.9422993856 1.000959575176239 0.0114827011711895
2451457.020772037 0.9990548491477966 0.0114793162792921
2451457.099939128 0.9988857507705688 0.0114854713901877
2451457.1791062094 0.9979732632637026 0.0114838471636176
2451457.258273282 1.0011903047561643 0.0114856511354446
2451457.337440346 0.9984980225563048 0.0114791523665189
2451457.4159129523 0.9994455873966216 0.0114853102713823
2451457.4943855503 1.0003756284713743 0.0114877372980117
2451457.568691453 0.9995548129081726 0.011481070891022651
2451457.652719614 1.002076268196106 0.0114902276545763
2451457.7318866323 1.0002254247665403 0.01148063223809
2451457.811053641 1.0002926588058472 0.011488514021039
2451457.889526194 0.9981268346309661 0.01148514309898015
2451457.9679987375 1.0024073123931885 0.0114906718954443
2451458.0471657193 0.997952163219452 0.0114803230389952
2451458.126332692 0.9961356520652772 0.0114868292585015
2451458.205499655 0.9984711408615112 0.0114778205752372
2451458.2846666095 1.0028246641159055 0.0114932544529438
2451458.3631391074 1.0008809566497803 0.01148411957547065
2451458.4416115964 1.0016324520111084 0.0114889312535524
2451458.5207785233 0.9991572499275208 0.0114827007055282
2451458.5999454404 1.005109429359436 0.0114948656409978
2451458.6791123487 1.000056266784668 0.0114851016551256
2451458.7582792477 1.0021597146987915 0.0114881480112671
2451458.8374461373 1.0008816719055176 0.0114864716306328
2451458.915918571 1.0040891766548157 0.0114875095896422
2451458.9943909957 0.9993898272514344 0.011478254571557
2451459.0735578574 1.0008281469345093 0.0114835733547806
2451459.1527247094 1.003248691558838 0.0114835789427161
2451459.231891552 0.9972075819969176 0.0114737059921026
2451459.3110583853 1.0007680654525757 0.0114781651645898
2451459.3895307635 0.9974281489849091 0.0114729101769626
2451459.468003132 1.001591682434082 0.0114782266318798
2451459.547169937 1.00118088722229 0.0114767933264374
2451459.626336732 0.9989065527915952 0.0114769674837589
2451459.7055035173 1.000529170036316 0.0114814285188913
2451459.7846702933 1.002185940742493 0.0114919571205973
2451459.863142614 0.9993190467357635 0.01149644982069725
2451459.9416149254 1.0020239353179932 0.01150035392493
2451460.0207816716 1.0024913549423216 0.011486304923892
2451460.0999484085 0.997193455696106 0.011485805734992
2451460.1791151357 1.0009047985076904 0.0114878108724951
2451460.2582818526 1.00004506111145 0.0114820599555969
2451460.3374485597 1.0007463693618774 0.0114818457514047
2451460.4159208117 0.9993071556091309 0.01147454138845205
2451460.494393054 0.9992246031761168 0.0114780319854617
2451460.5686986195 0.998397022485733 0.0114773996174335
2451460.652726397 1.0022108554840088 0.0114805828779935
2451460.7318930533 1.002363681793213 0.0114888828247785
2451460.811059699 0.9979367852211 0.0114771537482738
2451460.88953189 0.9983523190021515 0.011475554201751899
2451460.968004071 1.000504493713379 0.0114739341661334
2451461.047170685 0.999086618423462 0.0114767327904701
2451461.126337289 1.0018800497055051 0.0114742014557123
2451461.205503882 1.0013235807418823 0.0114746950566768
2451461.2846704638 0.997942805290222 0.0114731118083
2451461.363142591 1.0005174279212952 0.01147606596350665
2451461.4416147075 0.999860107898712 0.0114742377772927
2451461.5207812563 1.0009757280349731 0.0114777097478508
2451461.599947794 0.9974783658981324 0.0114709343761205
2451461.6791143203 1.0006930828094482 0.0114785218611359
2451461.7582808346 1.002820611000061 0.011478348635137
2451461.836752895 1.0024374723434448 0.011478058993816351
2451461.9152249433 0.9927297234535216 0.0114688761532306
2451461.9943914227 1.0014199018478391 0.0114893615245819
2451462.0735578905 0.9999676942825316 0.011486493051052
2451462.1527243457 0.9998904466629028 0.0114849274978041
2451462.231890789 1.0025421380996704 0.0114788953214883
2451462.311057219 1.0003105401992796 0.011475171893835
2451462.3895291947 1.0002813339233398 0.01147626154124735
2451462.4680011575 1.0006860494613647 0.0114782331511378
2451462.54716755 1.0003883838653564 0.0114811081439256
2451462.6263339287 0.998999536037445 0.0114791318774223
2451462.7055002945 1.0004832744598389 0.0114796757698059
2451462.7846666467 1.0001003742218015 0.011477974243462
2451462.863138544 1.0010963082313538 0.0114804697223007
2451462.9416104276 0.9999536275863647 0.0114780561998486
2451463.020776739 1.000737547874451 0.0114717585965991
2451463.099943036 1.0002042055130005 0.0114770689979195
2451463.17910932 0.998865246772766 0.0114737609401345
2451463.2582755894 1.000673770904541 0.0114794727414846
2451463.336747405 0.9996949732303619 0.01147132460027925
2451463.4152192073 0.9967043399810792 0.011480264365673
2451463.494385438 0.999280333518982 0.0114787053316831
2451463.568690574 1.003105342388153 0.01152007747441525
2451463.6492456635 0.9999372065067291 0.01243066648021335
2451468.311780044 0.9962809085845946 0.021373347379267202
2451468.3937242134 0.9977990686893463 0.02136017289012665
2451468.4680295107 1.0002126693725584 0.0213576816022396
2451468.547195893 0.9996199011802672 0.0213581006973981
2451468.6263622656 0.9991230368614196 0.0213604532182216
2451468.7055286285 1.000744342803955 0.0213477276265621
2451468.784694982 0.9994553923606871 0.0213494170457124
2451468.863166885 0.9986011385917661 0.021346497349441003
2451468.940944337 1.0031673908233643 0.021352964453399098
2451469.0208051037 0.9998138546943665 0.0213544070720672
2451469.09997142 1.005057454109192 0.0213601142168045
2451469.179137727 0.9974590539932252 0.0213462300598621
2451469.2583040246 1.001898407936096 0.0213486477732658
2451469.336775872 1.0026195049285889 0.02135420683771365
2451469.41524771 1.000386357307434 0.0213492456823587
2451469.49441398 1.0033817291259763 0.0213554445654153
2451469.5735802404 0.9992695450782778 0.0213503651320934
2451469.6527464916 0.9996538162231444 0.0213553514331579
2451469.7319127335 0.998080849647522 0.0213651284575462
2451469.810384526 0.99305260181427 0.021341901272535248
2451469.888856309 0.9962700605392456 0.0213511735200881
2451469.9680225234 0.998162508010864 0.0213410016149282
2451470.047188729 0.9970908164978028 0.021349161863327
2451470.1263549253 0.9973522424697876 0.0213654916733503
2451470.205521113 0.9988160133361816 0.0213371459394693
2451470.28399285 0.9966696500778198 0.021341362968087148
2451470.3624645793 0.9975310564041135 0.0213389638811349
2451470.4416307393 0.9989436268806456 0.0213465075939893
2451470.52079689 0.9983991980552672 0.0213369410485029
2451470.5999630312 1.0001277923583984 0.0213402211666107
2451470.6791291637 0.9996564388275144 0.0213420260697603
2451470.758295287 0.9997532963752744 0.0213337484747171
2451470.836766962 0.9992303550243378 0.0213449094444513
2451470.915238627 0.9997864961624144 0.0213505700230598
2451470.9944047234 1.0021848678588867 0.0213259775191545
2451471.0735708103 1.0024709701538084 0.0213438384234905
2451471.152736888 0.9987627863883972 0.0213386807590723
2451471.2319029565 0.9986992478370664 0.0213305056095123
2451471.3103745766 0.9989089667797089 0.02133764699101445
2451471.3888461883 0.9998617172241212 0.0213402342051267
2451471.4666233514 1.003760814666748 0.0213220547884702
2451471.552039333 1.0020400881767273 0.0213633337989449
2451471.625649845 1.002442181110382 0.02133871521800755
2451471.7062047366 0.9995889663696289 0.02131617255508895
2451471.783287425 1.0041872262954712 0.0213317740708589
2451471.86245342 1.0038588047027588 0.0213346220552921
2451471.9416194065 1.002452373504639 0.0213416051119566
2451472.0214798218 0.9977183938026428 0.021335450932383447
2451472.0992569127 1.0017094016075134 0.02132921852171415
2451472.1798117473 1.0042884349822998 0.021335893310606452
2451472.258283258 0.998875081539154 0.0213394202291965
2451472.33675476 1.0033592581748962 0.02133378665894265
2451472.415226252 1.0018599033355713 0.0213283151388168
2451472.4943921724 0.9935430884361268 0.0213221982121467
2451472.573558084 1.0022358894348145 0.0213191397488117
2451472.652723986 1.0006932020187376 0.0213329624384641
2451472.7318898784 0.99844890832901 0.0213442873209714
2451472.810361324 0.9995162785053253 0.021333093754947102
2451472.8888327605 1.0018012523651123 0.0213330499827861
2451472.9679986243 1.003270149230957 0.0213357731699943
2451473.047164479 1.003498077392578 0.0213304534554481
2451473.1263303235 1.0003973245620728 0.0213341023772954
2451473.2054961585 1.0010265111923216 0.0213267672806978
2451473.283967547 0.9959917962551116 0.0213331831619143
2451473.3624389255 0.9981914758682252 0.0213407855480909
2451473.4416047316 0.996967017650604 0.0213422197848558
2451473.5207705274 0.9988420605659484 0.0213291998952627
2451473.5999363135 0.9950227737426756 0.021330764517188
2451473.6791020897 1.0009390115737915 0.0213271174579858
2451473.7582678557 0.9984499216079714 0.021322363987565
2451473.8367391755 0.9981301426887512 0.0213244911283254
2451473.915210485 0.9949744939804076 0.0213298089802265
2451473.9943762207 0.9977736473083496 0.0213315468281507
2451474.0735419462 0.9985899329185484 0.0213375501334667
2451474.152707661 0.9974071979522704 0.0213298629969358
2451474.2318733656 0.9955642819404602 0.0213552396744489
2451474.310344624 0.994455873966217 0.0213401867076754
2451474.388815872 0.9964917302131652 0.0213406402617692
2451474.467981545 0.9981001615524292 0.0213299542665481
2451474.547147207 0.9984481930732728 0.0213286895304918
2451474.62145181 1.0015016794204712 0.0213214103132486
2451474.7068673694 0.9983339905738832 0.0213490184396505
2451474.7839496927 0.999739795923233 0.02133409958332775
2451474.862420876 0.997961401939392 0.0213387683033943
2451474.941586483 1.0034862756729124 0.0213463846594095
2451475.0207520784 1.0003440380096436 0.0213427897542715
2451475.1006120974 0.997628778219223 0.021338359452784048
2451475.179083235 0.9911516308784484 0.0213376563042402
2451475.2582487958 0.9986015558242796 0.0213416870683431
2451475.3367199097 0.9982738196849823 0.02135794609785075
2451475.415191012 1.002480387687683 0.0213365387171506
2451475.494356537 0.9996723532676696 0.021352794021368
2451475.573522049 1.0012500286102295 0.0213555302470922
2451475.652687548 0.99802166223526 0.0213387701660394
2451475.7318530353 1.002826452255249 0.0213733538985252
2451475.8103240756 1.003143072128296 0.021356369368731948
2451475.888795103 1.0019227266311643 0.0213735308498144
2451475.967960551 1.004063844680786 0.0213697776198387
2451476.047125986 1.0008552074432373 0.0213785134255886
2451476.126291407 1.0012598037719729 0.0213768016546964
2451476.2054568147 1.005034565925598 0.0213932003825902
2451476.283927776 1.0011970400810242 0.021408083848655148
2451476.3623987236 1.0026115179061887 0.0213840436190366
2451476.441564091 1.0027248859405515 0.0213944390416145
2451476.5207294454 1.0018843412399292 0.0214164406061172
2451476.5998947863 1.0015298128128052 0.0214133933186531
2451476.679060115 1.0047258138656616 0.0214201249182224
2451476.7582254326 1.0060737133026123 0.0214244350790977
2451476.8366963076 1.0008829832077026 0.021422391757369
2451476.915167175 1.003656268119812 0.0214349068701267
2451476.989471443 0.9996220171451569 0.0218327241018414
2451478.131122037 1.0147942900657654 0.0326455887407064
2451478.179038222 0.9885233640670776 0.0293579939752817
2451478.2582040997 1.00066876411438 0.0264177788048982
2451478.3366755433 0.9975861310958862 0.02417959272861475
2451478.4144525486 0.9977639615535737 0.0224178452044725
2451478.4950073007 0.9969769418239591 0.021453286521136698
2451478.572784298 0.9992254674434661 0.02134100068360565
2451478.6526446007 0.9989079236984254 0.021337067708373
2451478.7318104585 0.998247981071472 0.0213416945189237
2451478.81028187 0.9998486936092377 0.0213562222197651
2451478.8887532717 0.9990978240966796 0.0213329903781414
2451478.9679191015 1.001030683517456 0.0213418807834386
2451479.047084921 1.0005933046340942 0.0213444288820028
2451479.12625073 1.001448631286621 0.0213295891880989
2451479.2054165285 1.0010815858840942 0.0213402155786752
2451479.28388788 1.0009168982505798 0.0213235272094607
2451479.36235922 1.0029608011245728 0.0213281773030757
2451479.4415249866 1.004363179206848 0.0213305726647377
2451479.520690743 1.002946138381958 0.0213276930153369
2451479.599856488 1.001965045928955 0.0213202312588691
2451479.6790222223 1.0025627613067627 0.0213120840489864
2451479.7581879464 1.0006824731826782 0.0213175695389509
2451479.836659224 1.0080992579460144 0.021331395022571052
2451479.915130491 0.9972724318504332 0.0213205181062221
2451479.9942961833 1.0010969638824463 0.0213250331580638
2451480.0734618655 1.0013617277145384 0.0213089734315872
2451480.1526275375 1.0072004795074463 0.0213082507252693
2451480.2317931987 1.0016483068466189 0.0213265717029571
2451480.3102644146 1.0005255341529846 0.02133731637150045
2451480.388735621 1.0011239051818848 0.021326096728444
2451480.4679012517 0.9952004551887512 0.021317133679986
2451480.5470668734 1.0009599924087524 0.0213290490210056
2451480.6262324844 1.0007517337799072 0.0213312208652496
2451480.705398086 1.001838445663452 0.0213274024426937
2451480.7838692428 0.997997373342514 0.0213317805901169
2451480.8623403898 1.002597689628601 0.0213251002132892
2451480.941505962 0.9976150989532472 0.0213244594633579
2451481.0206715246 0.9981180429458616 0.0213346686214208
2451481.0998370773 1.0038273334503172 0.0213227905333042
2451481.1790026207 0.9948505163192748 0.021328117698431
2451481.2533071134 0.9969606995582581 0.02132729720324275
2451481.336639244 0.999416708946228 0.02132295165210955
2451481.415110325 0.9982413649559022 0.0213133357465267
2451481.4942758307 0.998783528804779 0.0213288497179746
2451481.5734413275 1.0020434856414795 0.021326845511794
2451481.652606814 0.998585879802704 0.0213208850473165
2451481.731772292 0.9946975708007812 0.0213119108229875
2451481.8102433262 1.0014289021492004 0.02131050731986755
2451481.888714352 1.0000299215316772 0.0213272888213396
2451481.967879802 0.9972295165061952 0.0213085766881704
2451482.0470452434 1.001987338066101 0.0213112849742174
2451482.126210675 0.9968219399452208 0.0213116109371185
2451482.205376098 0.9996890425682068 0.021304165944457
2451482.2838470787 1.0053412318229675 0.021304874680936302
2451482.3623180497 0.9993380308151244 0.0213115513324737
2451482.441483446 1.000125765800476 0.0213130991905927
2451482.520648833 0.999399185180664 0.0213198848068714
2451482.5998142106 0.998636484146118 0.0213225204497575
2451482.67897958 0.9997517466545106 0.0213114935904741
2451482.75814494 0.9986039996147156 0.0213103741407394
2451482.8366158577 0.9955203235149384 0.0213205814361572
2451482.9150867676 0.9983624219894408 0.0213051717728376
2451482.994252101 1.0002834796905515 0.0213179066777229
2451483.0734174256 0.9918972253799438 0.0212974976748228
2451483.1525827413 0.9969915151596068 0.0213071946054697
2451483.231748048 0.998360812664032 0.0213218424469232
2451483.3102189144 0.9970451295375824 0.02129770070314405
2451483.3886897713 1.0028173923492432 0.0213241204619407
2451483.467855052 0.9993175864219664 0.0213124696165323
2451483.547020324 0.9954770207405088 0.0213009305298328
2451483.626185587 0.9963330030441284 0.0213034860789775
2451483.7053508414 0.999180793762207 0.0213133636862039
2451483.7838216554 1.00171959400177 0.02130017243325705
2451483.86229246 1.0002070665359497 0.0213103182613849
2451483.9414576883 0.9975671768188475 0.0212977398186922
2451484.0206229077 1.0016157627105713 0.0213058404624462
2451484.0997881186 0.9960948824882508 0.0213045943528413
2451484.1789533207 0.9988274574279784 0.0213133282959461
2451484.2581185135 0.997886061668396 0.021307323127985
2451484.3365892665 1.0004160106182098 0.0213202768936753
2451484.4199210303 1.0012058019638062 0.02130316197872155
2451484.494225178 1.0021593570709229 0.0213162004947662
2451484.5733903362 0.9995593428611756 0.0213110204786062
2451484.6525554857 0.9985882639884948 0.0213033910840749
2451484.7317206264 1.003182053565979 0.0213091410696506
2451484.8101913272 0.9990436136722565 0.0212980695068836
2451484.8886620197 1.0031567811965942 0.0213144700974226
2451484.9678271343 1.0041913986206057 0.0213071834295988
2451485.0469922395 1.0011732578277588 0.0212915390729904
2451485.1261573364 1.0018447637557983 0.0213112477213144
2451485.2053224244 1.0007315874099731 0.0213057063519954
2451485.283793073 1.00175940990448 0.0213153604418039
2451485.3622637126 0.9971802234649656 0.0212959386408329
2451485.441428774 1.005553126335144 0.0212986897677183
2451485.5205938267 0.9976325631141664 0.021303404122591
2451485.59975887 1.0014405250549316 0.0212837271392345
2451485.678923905 0.9993200898170472 0.0212950222194194
2451485.75808893 0.9911884665489196 0.0212980862706899
2451485.8365595173 1.0007930397987364 0.0213176822289824
2451485.915030095 0.9980353713035583 0.0213060900568962
2451485.9941950934 1.000988245010376 0.0213068444281816
2451486.073360083 1.002945899963379 0.0213074218481779
2451486.1525250636 1.0047194957733154 0.0212928391993045
2451486.2316900347 1.004927635192871 0.0213127192109823
2451486.310160567 1.0017436742782593 0.0212971065193414
2451486.388631091 1.0036137104034424 0.0212904699146747
2451486.4677960346 1.0010370016098022 0.0213045477867126
2451486.546960969 1.0030988454818723 0.0213039517402648
2451486.626125894 0.9996392130851744 0.021302543580532
2451486.7052908097 1.0008713006973269 0.0213021673262119
2451486.783761287 1.0000569522380829 0.02130780369043345
2451486.862231755 1.0011004209518433 0.0213045440614223
2451486.9413966425 1.0014870166778564 0.0212992019951343
2451487.0205615205 0.9993482828140258 0.0212859530001878
2451487.099726388 1.0005202293395996 0.0212981645017862
2451487.1788912467 0.9943050742149352 0.0213102232664823
2451487.2580560953 1.0030606985092163 0.0212927609682083
2451487.3365265056 1.0007471442222595 0.021293498575687353
2451487.414996906 1.0025476217269895 0.021300233900547
2451487.489995156 0.9984376430511472 0.0213041584938764
2451487.574020962 0.9999819695949553 0.021294788457453202
2451487.652491333 1.0004477500915527 0.0213023591786623
2451487.7316561216 1.003014326095581 0.0212928429245948
2451487.810126472 1.0035149455070496 0.02129612863063805
2451487.888596812 1.0027717351913452 0.021316535770893
2451487.967761569 1.0030211210250854 0.0213160011917352
2451488.046926316 1.002452373504639 0.0213114861398935
2451488.126091052 1.0029820203781128 0.0213215146213769
2451488.205255777 1.0021942853927612 0.0213286206126213
2451488.2837260636 1.0022017359733582 0.02133612055331465
2451488.3621963398 0.9913669228553774 0.0212932638823986
2451488.4413610315 0.9991663694381712 0.0213048551231622
2451488.520525712 0.9998196363449096 0.021319480612874
2451488.599690381 0.999325096607208 0.0213037319481372
2451488.6788550382 0.996484398841858 0.0213228799402713
2451488.758019684 0.9995841979980468 0.0213059466332197
2451488.8364898907 1.0006483793258667 0.02130149397999045
2451488.9149600854 0.9961170554161072 0.0213032849133014
2451488.9941246943 1.0012193918228147 0.0212995111942291
2451489.0732892905 0.9974615573883056 0.0213267151266336
2451489.1524538742 0.999354898929596 0.0213033780455589
2451489.2316184444 0.9993464946746824 0.0213028229773044
2451489.3100885767 1.0010205507278442 0.021316654048860052
2451489.388558695 0.999756157398224 0.0212999321520328
2451489.4677232257 0.998726487159729 0.0213362835347652
2451489.5468877433 0.995366930961609 0.0213127303868532
2451489.626052247 0.9985440373420716 0.0213049128651618
2451489.705216737 1.0002353191375732 0.0212973449379205
2451489.783686788 0.9992757737636566 0.0213051857426762
2451489.862156826 0.9996219277381898 0.0212989654392004
2451489.9413212766 0.9975948929786682 0.0213021468371152
2451490.0142358914 1.001759111881256 0.021303843706846202
2452174.25919246 1.001204490661621 0.0121766300871968
2452174.3244715286 1.0014337301254272 0.0121756251901388
2452174.4036397478 1.000821828842163 0.012179790996015
2452174.4828079534 1.000467538833618 0.012179828248918
2452174.561976146 0.9983848929405212 0.0121710039675235
2452174.6411443246 0.9989195466041566 0.0121714742854237
2452174.719618033 0.9987844526767731 0.012163531500846099
2452174.798091729 1.0004636049270628 0.0121661908924579
2452174.87725987 1.0026394128799438 0.0121662551537156
2452174.9564279984 1.000457525253296 0.0121715059503912
2452175.0355961146 0.9999311566352844 0.012168439105153
2452175.114764219 1.0023934841156004 0.0121745700016617
2452175.193932311 1.0003596544265747 0.0121751837432384
2452175.272405935 0.9990029335021973 0.0121712405234575
2452175.350879547 1.0022923946380615 0.0121790189296007
2452175.4300476047 1.0008383989334106 0.0121827777475118
2452175.5092156515 0.99806147813797 0.0121775278821587
2452175.5883836867 0.9978792667388916 0.0121793309226632
2452175.6675517107 0.9996958374977114 0.0121809588745236
2452175.746025268 1.0006658434867859 0.01218839641660445
2452175.824498814 0.9997087717056272 0.0121829826384782
2452175.903666806 0.9993396997451782 0.0121830077841877
2452175.9828347866 0.9999423623085022 0.0121849356219172
2452176.0620027576 1.0022798776626587 0.0121826967224478
2452176.141170718 1.0006595849990845 0.0121796801686286
2452176.2196442117 1.0003458857536316 0.01217808714136475
2452176.298117696 1.0004029273986816 0.0121796941384673
2452176.377285626 1.00036883354187 0.0121774962171912
2452176.456453545 1.001222014427185 0.0121753988787531
2452176.5356214545 1.0038175582885742 0.0121844774112105
2452176.614789354 1.0000624656677246 0.0121802762150764
2452176.6932627885 0.9925040900707245 0.0121676484122872
2452176.7717362135 1.000372052192688 0.0121809327974915
2452176.8509040833 0.9989222288131712 0.0121791334822773
2452176.930071944 0.9957212805747984 0.0121718430891633
2452177.0092397947 1.0035475492477417 0.0121780158951878
2452177.0884076357 1.000409722328186 0.0121712181717157
2452177.167575468 0.9981846809387208 0.0121739190071821
2452177.246048835 1.0030080080032349 0.0121745020151138
2452177.3245221935 1.0024737119674685 0.0121628558263182
2452177.4029955426 0.999521940946579 0.0121672176755964
2452177.4828577912 0.9987272620201112 0.0121696926653385
2452177.562025576 1.0021491050720217 0.0121672535315155
2452177.6411933517 1.0000050067901611 0.0121636586263775
2452177.719666664 1.0028697848320007 0.0121646025218069
2452177.798139967 1.0024127960205078 0.0121702915057539
2452177.8773077154 1.0020819902420044 0.0121691171079874
2452177.956475454 0.9985005259513856 0.0121663408353924
2452178.035643184 0.9996091127395628 0.0121630690991878
2452178.114810905 0.998373746871948 0.0121586797758936
2452178.1932841633 0.9994870126247406 0.0121586308814585
2452178.2717574122 1.00116229057312 0.0121581079438328
2452178.350925106 1.0022194385528564 0.0121620986610651
2452178.430092791 1.0003405809402464 0.0121648060157895
2452178.509260467 0.998711347579956 0.0121582699939608
2452178.588428134 1.0018180608749387 0.0121617196127772
2452178.667595792 0.9982901811599731 0.0121604315936565
2452178.746068988 0.9993739724159241 0.0121590816415846
2452178.824542176 0.9982911944389344 0.0121564101427793
2452178.9037098074 0.999976336956024 0.0121603468433022
2452178.9828774305 1.000150203704834 0.0121559286490082
2452179.0620450443 1.0015684366226196 0.0121602350845932
2452179.1412126496 1.0033057928085327 0.0121609028428792
2452179.219685794 1.0010126233100891 0.01215715985745185
2452179.298158929 0.9947395324707032 0.0121474768966436
2452179.377326508 0.99650901556015 0.0121568012982606
2452179.4516329123 0.9982019662857053 0.0121557163074612
2452179.53566164 0.9988206028938292 0.0121546164155006
2452179.614829193 1.0001031160354614 0.0121624525636434
2452179.693302285 0.9977692365646362 0.0121564771980047
2452179.7717753686 1.0014066696166992 0.0121573554351925
2452179.8509428957 1.003019094467163 0.0121653927490115
2452179.9301104136 1.0018144845962524 0.0121610974892973
2452180.009277923 1.002137303352356 0.0121560739353299
2452180.088445424 0.9990057945251466 0.0121564911678433
2452180.166918464 1.001140058040619 0.0121582732535898
2452180.2453914965 1.002464175224304 0.0121605060994625
2452180.3245589714 0.9991883039474488 0.0121557880192995
2452180.4037264376 1.0008801221847534 0.0121579831466078
2452180.4828938954 1.0013824701309204 0.0121606467291712
2452180.562061344 1.0011935234069824 0.0121616320684552
2452180.6412287843 1.0018553733825684 0.012161374092102
2452180.719701764 1.0012471675872803 0.012169278692454051
2452180.7981747366 0.995729923248291 0.0121554434299469
2452180.8773421505 1.0002249479293823 0.0121627766638994
2452180.9565095566 1.001445770263672 0.0121606215834617
2452181.0356769534 0.9998595714569092 0.0121600842103362
2452181.1148443413 1.0009233951568604 0.0121610127389431
2452181.19331727 1.0040658712387085 0.0121600404381752
2452181.2717901906 1.002740740776062 0.0121589545160532
2452181.350957553 0.999675214290619 0.0121542736887931
2452181.430124906 0.9985157251358032 0.0121527444571256
2452181.509292251 1.0001909732818604 0.0121590103954076
2452181.5884595867 1.0018717050552368 0.0121623929589986
2452181.6669324636 1.0002253651618958 0.012153355404734601
2452181.745405332 1.0048171281814575 0.0121562322601675
2452181.824572642 0.9988272786140442 0.0121540119871497
2452181.9037399427 0.9994457364082336 0.0121583389118313
2452181.982907235 0.987949252128601 0.0121360383927822
2452182.0620745183 0.998776078224182 0.0121537866070866
2452182.140547343 0.9981061816215514 0.01215500291436905
2452182.219020159 1.0015084743499756 0.0121602108702063
2452182.298187416 0.9997584223747252 0.0121574364602565
2452182.377354664 0.999471127986908 0.0121534382924437
2452182.456521903 0.9977280497550964 0.0121517516672611
2452182.535689133 1.0016967058181765 0.0121528403833508
2452182.6148563544 1.0017473697662351 0.0121641047298908
2452182.6933291173 1.0002840161323547 0.012159642763435799
2452182.7718018717 0.997996747493744 0.0121649401262402
2452182.850969066 0.9989590644836424 0.0121603719890117
2452182.930136251 0.9997024536132812 0.0121619524434208
2452183.0093034273 1.0001711845397947 0.0121642258018255
2452183.0884705945 1.0004284381866455 0.0121614718809723
2452183.166943304 1.0011656880378723 0.01216883352026335
2452183.2454160037 1.001266598701477 0.0121692288666963
2452183.324583144 1.0017006397247314 0.0121666565537452
2452183.4037502743 0.9990732073783872 0.0121657410636544
2452183.482917396 0.9999411702156068 0.0121658304706215
2452183.562084508 1.0040470361709597 0.0121681578457355
2452183.640557163 1.0005812644958496 0.0121734966523945
2452183.7190298084 0.999250590801239 0.0121702728793025
2452183.7981968927 1.0003894567489624 0.0121768377721309
2452183.877363968 1.0023071765899658 0.0121792443096637
2452183.956531034 0.9985599517822265 0.0121809979900717
2452184.03569809 0.9986329674720764 0.0121790478006005
2452184.114865137 0.9999731779098512 0.0121853565797209
2452184.193337727 0.9980062544345853 0.0121855707839131
2452184.2718103076 1.0033310651779177 0.0121982395648956
2452184.3509773263 0.9982786178588868 0.012190693989396
2452184.430144336 0.9993908405303956 0.0122000006958842
2452184.5093113356 1.0021064281463623 0.0122001795098185
2452184.588478327 0.9966019392013548 0.0122012877836823
2452184.6669508605 0.9963740110397338 0.0122046121396124
2452184.7454233854 1.0026665925979614 0.0122171454131603
2452184.824590348 1.0002932548522947 0.0122206723317503
2452184.903757302 1.000765681266785 0.012223046272993
2452184.9829242467 0.99979567527771 0.0122256446629762
2452185.0620911825 0.9976669549942015 0.0122289890423417
2452185.1405636626 1.0026407837867737 0.012242888566106499
2452185.219036135 0.9972939491271972 0.0122438687831163
2452185.2982030455 1.0006484985351562 0.0122541328892111
2452185.377369948 0.99979966878891 0.0122606493532657
2452185.4565368444 1.0017489194869995 0.0122893946245312
2452185.5357037336 1.0042589902877808 0.0124981440603733
2452185.6141761704 1.003604769706726 0.012950527947396
2452185.692648603 1.0004053115844729 0.0135000403970479
2452185.7468154132 1.003468036651611 0.0141579275950789
2452187.2127959263 1.0010495781898499 0.013015339151024801
2452187.271824304 0.9939634799957277 0.01215311139822
2452187.3509917734 0.9989122152328492 0.0121425529941916
2452187.4301592372 1.0028969049453735 0.0121409725397825
2452187.509326691 1.000300049781799 0.0121380826458334
2452187.5884941323 0.9975966215133668 0.0121362041682004
2452187.66696711 1.0019155144691467 0.0121395476162433
2452187.745440073 1.0044403076171875 0.0121407061815261
2452187.8246074724 0.9969327449798584 0.0121348984539508
2452187.903774856 1.0021932125091553 0.0121382176876068
2452187.9822477736 1.0006967782974243 0.0121373408474028
2452188.062109577 1.00076162815094 0.0121370702981948
2452188.1405824646 0.9993411898612976 0.0121295098215341
2452188.2190553364 1.002118706703186 0.012135250493884
2452188.298222644 1.0032637119293213 0.0121308583766222
2452188.3773899362 1.0002161264419556 0.0121365534141659
2452188.4565572143 0.9997305274009703 0.0121317971497774
2452188.535724478 1.0003880262374876 0.0121325673535466
2452188.6141972775 0.9990566372871399 0.01213204301893705
2452188.6926700636 1.0005031824111938 0.0121356779709458
2452188.7718372853 0.9977900981903076 0.012130175717175
2452188.851004494 0.9996346235275269 0.012132910080254
2452188.930171689 0.9974231123924256 0.0121270585805177
2452189.009338871 0.9998103380203248 0.0121279582381248
2452189.087811592 0.9991475641727448 0.0121299363672733
2452189.1662843 1.0014619827270508 0.0121297119185328
2452189.246145893 0.9984129965305328 0.0121249048970639
2452189.3246185766 1.001227021217346 0.0121284965425729
2452189.4037856967 0.9999356865882872 0.0121292788535356
2452189.4829528043 0.99828439950943 0.0121272634714841
2452189.5621199007 0.9988471865653992 0.0121275251731276
2452189.640592537 0.9987033903598785 0.012121131643652899
2452189.7190651624 1.0018674135208128 0.0121252899989485
2452189.798232224 1.0017075538635252 0.0121275587007403
2452189.877399274 1.000893235206604 0.0121249593794345
2452189.9565663137 0.9979627132415771 0.0121187455952167
2452190.035733342 1.0015681982040403 0.0121204024180769
2452190.1142059118 0.9994283318519592 0.01212108461186285
2452190.192678471 0.9994040727615356 0.012119528837502
2452190.271845467 1.0038740634918213 0.0121223405003547
2452190.351012452 1.0002695322036743 0.0121168121695518
2452190.430179427 0.9991230964660645 0.0121190538629889
2452190.509346391 0.9991475939750672 0.0121183358132839
2452190.5878188983 1.0002924799919128 0.01211961312219495
2452190.6662913947 1.000637769699097 0.0121171846985816
2452190.745458328 1.0004525184631348 0.0121156610548496
2452190.824625252 0.9968525767326356 0.0121101764962077
2452190.9037921648 0.999025821685791 0.0121110519394278
2452190.9829590684 1.004862070083618 0.0121181905269622
2452191.0621259613 0.9998104572296144 0.0121122719720005
2452191.140598398 1.0020202994346619 0.0121163497678935
2452191.2190708257 1.0009489059448242 0.0121091054752469
2452191.2982376893 1.0015238523483276 0.0121116926893591
2452191.3774045436 1.001245617866516 0.0121128652244806
2452191.456571388 0.9959165453910828 0.0121077094227075
2452191.5357382228 1.0048109292984009 0.0121163614094257
2452191.6142106024 1.0017558336257935 0.012111818883568
2452191.692682972 1.0004093647003172 0.0121066868305206
2452191.7718497785 1.0020924806594849 0.0121066076681017
2452191.8510165755 1.0017223358154297 0.0121155753731727
2452191.930183363 0.999984860420227 0.0121090291067957
2452192.009350141 1.0025404691696167 0.0121100414544343
2452192.0878224643 1.0005722641944885 0.0121067268773913
2452192.1662947787 1.000558853149414 0.0121092544868588
2452192.2454615287 1.0038341283798216 0.0121096046641469
2452192.3246282698 1.0008012056350708 0.0121095702052116
2452192.4037950016 1.0028795003890991 0.0121089220046997
2452192.482961724 1.0021779537200928 0.012110536918044
2452192.561433993 0.992658644914627 0.01210073381662365
2452192.6399062523 0.9991317987442015 0.0121070090681314
2452192.7190729477 0.9987504482269288 0.0121076609939336
2452192.798239634 1.0002998113632202 0.0121118994429707
2452192.877406311 1.0011125802993774 0.0121100703254342
2452192.956572979 0.9999477863311768 0.0121172880753874
2452193.0357396384 0.9986634850502014 0.0121072456240654
2452193.1142118443 0.999820202589035 0.0121049787849187
2452193.1926840413 1.0001012086868286 0.0121143050491809
2452193.271850674 1.0028117895126345 0.0121116889640688
2452193.3510172972 0.999971330165863 0.0121100600808858
2452193.430183911 1.0028589963912964 0.012112290598452
2452193.514211624 1.000687837600708 0.0121062030084431
2452193.58782267 1.0002562403678894 0.01211186777800315
2452193.6662948136 1.00088632106781 0.0121131623163819
2452193.7454613927 0.9985452890396118 0.0121140861883759
2452193.824627963 0.9995993971824644 0.01211838144809
2452193.9037945243 0.9970650672912597 0.0121157877147197
2452193.982961077 0.998997151851654 0.0121195819228887
2452194.0614331765 0.9991832375526428 0.01211289595812555
2452194.1399052683 0.9984746575355528 0.0121133998036384
2452194.2190717943 0.9989980459213258 0.0121161546558141
2452194.2982383114 0.9974189400672911 0.0121095683425664
2452194.3774048197 0.9988718032836914 0.0121223032474517
2452194.4565713196 0.998691976070404 0.0121254166588187
2452194.53573781 0.9967142939567566 0.0121309664100408
2452194.6142098494 1.001140058040619 0.012129487004131
2452194.6926818797 1.0002121925354004 0.0121256345883011
2452194.7718483442 1.0007541179656982 0.0121117606759071
2452194.8510148004 0.9994118213653564 0.0121126128360629
2452194.930181247 0.9994578957557678 0.0121208755299448
2452195.009347685 1.0029815435409544 0.0121224457398056
2452195.087819672 0.99934121966362 0.012107556220143999
2452195.1662916504 0.9968206882476808 0.0120935318991541
2452195.24476362 0.9943436086177825 0.01208772137761115
2452195.324624465 0.9991047382354736 0.0121031394228339
2452195.4037908595 0.9998786449432372 0.0120994532480835
2452195.4829572444 1.001484513282776 0.0120913004502654
2452195.5614291793 0.9985634982585908 0.0120894936844706
2452195.6399011053 0.9998032450675964 0.0120858727023005
2452195.719067464 1.0033552646636963 0.0120945777744054
2452195.7982338145 1.000046968460083 0.0120889944955706
2452195.8774001556 1.0021976232528689 0.0120934508740901
2452195.956566488 0.9986000061035156 0.0120945814996957
2452196.0350383697 1.0008347034454346 0.0120999878272414
2452196.113510243 0.9989471435546876 0.0120928827673196
2452196.192676549 0.9987891912460328 0.0120870489627122
2452196.271842846 1.0001813173294067 0.0120939556509256
2452196.3510091337 0.998748779296875 0.0120930159464478
2452196.430175413 1.0007253885269165 0.0120973903685808
2452196.509341683 1.0008702278137207 0.0120920659974217
2452196.587813503 1.0014261603355408 0.0120969898998737
2452196.666285314 1.002560257911682 0.0120967458933591
2452196.7454515574 1.0031448602676392 0.0121007096022367
2452196.8246177915 1.0029702186584473 0.0121037634089589
2452196.9037840166 0.9997772574424744 0.0120912361890077
2452196.9829502325 0.9996517300605774 0.0120971295982599
2452197.061421999 1.0009541511535645 0.01209346484392875
2452197.1398937562 1.0016393661499023 0.0120954923331737
2452197.2190599446 0.9989017844200134 0.0120926769450306
2452197.298226124 0.9952325820922852 0.0120883546769618
2452197.3773922944 1.000466227531433 0.0120935076847672
2452197.4565584552 1.001631498336792 0.0120966704562306
2452197.5350301675 0.999076634645462 0.012093814555555499
2452197.6135018696 1.0011541843414309 0.0120946476235985
2452197.692668003 1.0001121759414673 0.01209266949445
2452197.7718341267 0.99868768453598 0.0120951822027564
2452197.8510002415 0.9943178296089172 0.0120859500020742
2452197.9301663465 1.0013864040374756 0.0120952455326914
2452198.0093324417 1.001023769378662 0.0120893493294715
2452198.0878040884 1.0006768703460693 0.012096520047634798
2452198.166275726 1.001028299331665 0.0120942490175366
2452198.2454417935 0.998179852962494 0.0120922895148396
2452198.324607851 1.00071918964386 0.0120996050536632
2452198.403773899 0.999537706375122 0.0121027929708361
2452198.482939937 0.9994066953659057 0.0120989484712481
2452198.5614115275 1.0004940032958984 0.012096108403056801
2452198.6398831075 0.9964454770088196 0.0120980320498347
2452198.7190491175 1.0029734373092651 0.0121040157973766
2452198.7982151173 1.0011603832244873 0.0120996190235018
2452198.877381108 0.9968240261077882 0.0121012236922979
2452198.9565470885 1.002457618713379 0.0121082989498972
2452199.035018621 0.9963974058628082 0.01209496241062875
2452199.1134901443 0.9993252754211424 0.0120974024757742
2452199.1926560965 1.0005992650985716 0.012102541513741
2452199.2718220395 1.003342866897583 0.0121038714423775
2452199.3509879727 0.9987620115280152 0.0120998322963714
2452199.430153897 0.9984163045883178 0.0120996907353401
2452199.5093198125 0.9995121359825134 0.0121008865535259
2452199.5877912818 0.9991201460361481 0.0120959067717194
2452199.6662627435 1.0043495893478391 0.0121067175641655
2452199.745428635 1.0002273321151731 0.0121110854670405
2452199.8245945196 0.997326612472534 0.0122183179482817
2452199.9037603983 1.000890016555786 0.012525089085102
2452199.9829262723 0.9977269768714904 0.0130359465256333
2452200.0613977057 0.9990134239196777 0.013985036406666
2452200.103063953 0.9965977370738984 0.01447247900068755
2452201.747499696 0.9992763996124266 0.013718154747039
2452201.7981940038 1.0027098655700684 0.0137202991172671
2452201.877360442 1.000511646270752 0.0137122264131903
2452201.956526862 0.999291718006134 0.013713002204895
2452202.034998822 0.9987683296203613 0.0137108364142477
2452202.1134707644 1.0000874996185305 0.0137033695355057
2452202.1926371315 1.0002113580703735 0.0137080298736691
2452202.271803481 1.0021826028823853 0.0137025052681565
2452202.3509698138 1.0011770725250244 0.0136944716796278
2452202.4301361297 0.998341739177704 0.013692894950509
2452202.5093024294 0.9995411038398744 0.0136962672695517
2452202.5877742725 0.9968315660953522 0.01369201298803085
2452202.6662461003 0.997818887233734 0.0136915212497115
2452202.7454123544 1.0052133798599243 0.0136880474165081
2452202.824578593 1.0010429620742796 0.0136816864833235
2452202.9037448177 1.0026119947433472 0.013678791001439
2452202.9829110284 1.0006568431854248 0.0136790908873081
2452203.0613827845 1.0002235770225525 0.013680213131010449
2452203.1398545275 0.9927917718887328 0.0136640928685665
2452203.2190206973 1.0002378225326538 0.0136798629537224
2452203.298186854 0.9997525215148924 0.0136800687760114
2452203.3773529977 0.9950209259986876 0.0136690009385347
2452203.4565191288 1.0013784170150757 0.0136787919327616
2452203.534990808 1.0004244446754456 0.013671343214809801
2452203.613462475 0.9991826415061952 0.0136661557480692
2452203.6926285694 0.9965702891349792 0.0136602213606238
2452203.771794652 0.9989959001541135 0.0136624872684478
2452203.850960723 1.0004631280899048 0.0136661948636174
2452203.9301267825 1.000943303108215 0.0136595163494348
2452204.0085983914 0.9988856017589568 0.013661993667483299
2452204.087069989 1.0041862726211548 0.0136608313769102
2452204.1662360146 0.9975133538246154 0.0136567475274205
2452204.2454020292 0.9992151260375975 0.0136609403416514
2452204.3245680323 1.000816822052002 0.0136575466021895
2452204.4037340255 1.0013984441757202 0.0136591671034693
2452204.482900007 0.9991856217384336 0.0136574385687708
2452204.56137154 1.000239074230194 0.0136610250920057
2452204.639843063 1.0036499500274658 0.0136619294062256
2452204.719009014 0.9977975487709044 0.0136531060561537
2452204.7981749536 1.003054141998291 0.0136646432802081
2452204.8773408835 1.0011112689971924 0.0136625403538346
2452204.9565068036 0.9990030527114868 0.0136651685461401
2452205.034978275 0.9970711767673492 0.013663646765053251
2452205.1134497374 1.0008444786071775 0.0136587088927626
2452205.1926156273 1.0023235082626345 0.0136584285646677
2452205.2717815074 0.996547758579254 0.0136498967185616
2452205.3509473773 1.0018907785415647 0.0136642297729849
2452205.430113238 1.0025187730789185 0.0136562129482626
2452205.508584651 1.0003149211406708 0.01366119086742395
2452205.587056055 0.997382879257202 0.013653177767992
2452205.666221887 1.000135064125061 0.0136545710265636
2452205.745387709 1.0011448860168457 0.0136524681001901
2452205.8245535214 0.9938556551933287 0.0136350505053997
2452205.903719324 0.996712565422058 0.0136560499668121
2452205.982885118 1.0007388591766355 0.0136499311774969
2452206.0613564653 0.9969764053821562 0.0136507805436849
2452206.139827804 1.0007989406585691 0.0136491321027278
2452206.21899357 0.998450458049774 0.0136451264843344
2452206.298159327 1.0002254247665403 0.0136509472504258
2452206.3773250743 0.9996487498283384 0.0136473849415779
2452206.4564908124 0.9984658360481262 0.013654408045113
2452206.5349621056 1.0004525780677795 0.013651293236762198
2452206.6134333895 0.9998855590820312 0.0136486599221825
2452206.6925991005 1.000307559967041 0.0136483404785394
2452206.7717648027 0.9979932904243468 0.0136467302218079
2452206.8509304957 0.9973628520965576 0.0136441681534051
2452206.9300961797 1.0004000663757324 0.0136447846889495
2452207.008567419 0.9959224760532378 0.013643788173794701
2452207.0870386497 1.0008399486541748 0.0136446543037891
2452207.166204307 1.0029020309448242 0.0136470207944512
2452207.245369956 1.0002413988113403 0.0136413723230361
2452207.3245355957 0.999075710773468 0.0136397378519177
2452207.403701226 0.9945176243782043 0.0136401075869798
2452207.4828668484 0.9989207983016968 0.0136353224515914
2452207.561338026 1.0050233006477356 0.01365026179701085
2452207.6398091954 1.0055545568466189 0.0136404437944293
2452207.7189747915 0.999292016029358 0.0136431697756052
2452207.8030014224 1.0003724694252014 0.01364227291196575
2452207.8773059566 1.003962159156799 0.0136521710082888
2452207.956471526 1.0019474029541016 0.0136470636352896
2452208.034942652 1.003545343875885 0.013642790261656
2452208.1134137698 1.0003533363342283 0.0136376228183507
2452208.192579313 1.002036452293396 0.0136369662359356
2452208.2717448478 0.9988436698913574 0.0136374123394489
2452208.350910374 1.001887798309326 0.013630885630846
2452208.4300758913 0.991011142730713 0.0136209391057491
2452208.5085469657 0.997636467218399 0.01363303791731595
2452208.5870180316 1.000871658325195 0.0136379580944776
2452208.6661835234 1.0045090913772583 0.0136371795088052
2452208.7453490063 1.001327395439148 0.0136317647993564
2452208.8245144803 1.0020071268081665 0.0136348586529493
2452208.903679946 1.0027451515197752 0.0136303873732686
2452208.982845403 1.0006132125854492 0.0136309098452329
2452209.0613164175 0.9989335834980012 0.01362846512347455
2452209.1397874234 0.9989544153213502 0.0136282918974757
2452209.2189528546 1.0016191005706787 0.0136338993906974
2452209.298118277 1.000094652175903 0.0136306229978799
2452209.377283691 1.0020169019699097 0.0136309331282973
2452209.456449096 0.9990372061729432 0.0136396354064345
2452209.5349200596 1.0007855296134949 0.0136307678185403
2452209.6133910143 0.9978920817375184 0.0136302225291728
2452209.692556394 0.9979730248451234 0.0136305382475256
2452209.7717217645 1.0020409822463987 0.0136315179988741
2452209.8508871263 1.0020791292190552 0.0136334598064422
2452209.9300524797 0.9992333650588988 0.013629000633955
2452210.0085233916 1.001169502735138 0.0136307892389595
2452210.086994295 1.0016658306121826 0.0136316679418087
2452210.166159622 0.9991613030433656 0.0136266387999057
2452210.245324941 0.9982955455780028 0.013626417145133
2452210.3244902506 1.0017629861831665 0.013632008805871
2452210.403655552 1.0010138750076292 0.0136275952681899
2452210.4828208443 0.9997048974037168 0.0136329364031553
2452210.5612916956 0.9998070597648621 0.01362937502562995
2452210.6397625385 0.9971376061439512 0.0136216199025511
2452210.7189278044 0.9993577003479006 0.0136338761076331
2452210.798093062 1.0013234615325928 0.0136386305093765
2452210.8772583106 1.000106930732727 0.0136265279725193
2452210.95642355 0.9995749592781066 0.0136284250766038
2452211.034894349 1.0044769048690796 0.013636311981826951
2452211.1133651393 0.9965306520462036 0.0136283515021204
2452211.1925303526 1.0033669471740725 0.0136315897107124
2452211.2716955566 0.998511493206024 0.013634449802339
2452211.3508607517 0.9996576905250548 0.0136329624801874
2452211.4300259384 0.9980932474136353 0.0136300362646579
2452211.508496684 1.0001885294914246 0.0136349461972713
2452211.586967421 0.9996295571327208 0.0136380270123481
2452211.666132581 1.003880262374878 0.0136348959058523
2452211.7452977314 1.002760887145996 0.0136385085061192
2452211.8244628725 0.9998266696929932 0.0136393830180168
2452211.9036280047 0.9983858466148376 0.013645077124238
2452211.9827931277 0.997312605381012 0.0136436447501182
2452212.061263811 0.9976291358470917 0.013642725534737051
2452212.139734485 1.002027988433838 0.0136466640979051
2452212.218899581 0.9993090629577636 0.0136481514200568
2452212.2980646677 1.0016995668411257 0.0136540159583091
2452212.377229745 1.0013539791107176 0.0136541510000824
2452212.456394814 1.0038305521011353 0.0136621734127402
2452212.5348654427 0.9959693849086764 0.013656433671712851
2452212.6133360625 1.003326654434204 0.0136634558439254
2452212.692501104 0.9986984133720398 0.0136720091104507
2452212.7716661356 0.9982043504714964 0.0136720538139343
2452212.850831159 1.0002381801605225 0.0136738577857613
2452212.9299961734 1.003800868988037 0.0136806908994913
2452213.008466749 1.0010024309158325 0.0136814191937446
2452213.086937316 1.0019255876541135 0.013693643733859
2452213.166102305 0.99577134847641 0.0136935766786336
2452213.2452672855 1.0017952919006348 0.0137029169127345
2452213.324432258 0.9994239807128904 0.0137069383636116
2452213.4035972236 0.998120665550232 0.0137141235172748
2452213.4827621817 1.000445246696472 0.0137200150638818
2452213.5612327047 1.0026524662971497 0.01372852269560095
2452213.6397032226 0.9980986714363098 0.0137347821146249
2452213.718868166 0.9887368083000184 0.0137325497344136
2452213.798033107 1.000494360923767 0.0137503882870078
2452213.8521985924 0.9923635721206664 0.0137552535161376
2452215.4660595176 1.002653956413269 0.0136620188131928
2452215.5348085347 0.9993778765201569 0.01366139622405165
2452215.6132796183 1.0014152526855469 0.0136557249352335
2452215.692445119 1.0008753538131712 0.0136540802195668
2452215.771610601 0.9999811053276062 0.0136486273258924
2452215.850776065 0.9949591755867004 0.0136465178802609
2452215.9299415112 0.998496174812317 0.0136431287974119
2452216.0084125064 1.0019882917404175 0.01364453602582215
2452216.0868834853 1.001763105392456 0.0136386938393116
2452216.1660488807 1.000207781791687 0.0136284129694104
2452216.24521426 1.000827074050903 0.0136310141533613
2452216.3243796234 0.9956167936325072 0.0136208776384592
2452216.4035449717 0.9932671189308168 0.0136135490611195
2452216.4827103047 0.99923437833786 0.0136203449219465
2452216.5611811904 1.0016679763793945 0.01362392678856845
2452216.639652062 1.0007864236831665 0.0136185949668288
2452216.7188173523 0.9973983168601988 0.0136194936931133
2452216.797982629 0.9985864162445068 0.0136179393157362
2452216.8771478916 1.0015243291854858 0.0136221637949347
2452216.9563131416 1.0021685361862185 0.0136205041781067
2452217.0347839464 1.0022938251495361 0.01361611066386095
2452217.113254739 1.0002650022506712 0.0136139709502458
2452217.192419951 0.9998739957809448 0.0136193800717592
2452217.2715851506 0.999179720878601 0.0136215751990675
2452217.3507503383 1.0034607648849487 0.0136243281885981
2452217.429915514 0.999739110469818 0.0136171719059348
2452217.508386247 1.001288115978241 0.01361824804916975
2452217.5868569682 1.0028821229934692 0.0136198885738849
2452217.66602211 0.9972950220108032 0.0136137129738926
2452217.74518724 1.00276780128479 0.0136164603754878
2452217.8243523594 1.0003621578216553 0.0136134466156363
2452217.903517468 1.0008292198181152 0.0136116286739707
2452217.982682565 1.0027837753295898 0.0136159975081682
2452218.061153222 1.0007057189941406 0.013609418179839801
2452218.139623868 1.0009366273880005 0.0136094475165009
2452218.218788934 1.0020545721054075 0.0136112114414572
2452218.29795399 1.0005732774734497 0.013610491529107
2452218.3771190355 0.99876606464386 0.0136118540540337
2452218.456284071 1.0004703998565672 0.013610990718007
2452218.5347546665 1.0014882087707517 0.01360559090971945
2452218.6132252524 1.0020132064819336 0.0136075112968683
2452218.6923902584 0.9997668862342832 0.0136093907058238
2452218.7715552547 1.001904845237732 0.0136012556031346
2452218.850720241 0.997486650943756 0.0136046335101127
2452218.9298852184 0.999221920967102 0.0136082898825407
2452219.008355756 0.9932440519332884 0.01359733846038575
2452219.086826285 0.998827874660492 0.01360335201025
2452219.165991233 0.9988009929656982 0.0136073501780629
2452219.245156173 0.9993058443069458 0.0136102121323347
2452219.324321103 0.9984852075576782 0.0136015210300683
2452219.4034860237 1.0020289421081543 0.0136074600741267
2452219.4826509356 1.000869870185852 0.0136101283133029
2452219.5611214093 0.9972240030765533 0.0136003829538822
2452219.6395918746 1.0008680820465088 0.0136096375063061
2452219.718756759 0.9993719458580016 0.0136160897091031
2452219.797921635 1.002133011817932 0.0136064775288105
2452219.877086502 0.9996851682662964 0.0136088589206337
2452219.95625136 1.0043278932571411 0.0136142177507281
2452220.0347217806 1.0017260909080503 0.01361972512677305
2452220.1131921927 0.9986304640769958 0.0136155756190419
2452220.1923570246 1.0004384517669676 0.0136139718815684
2452220.2715218477 0.9983891248703004 0.0136125655844807
2452220.3506866624 1.002234935760498 0.013607557862997
2452220.429851468 0.997530162334442 0.0136047331616282
2452220.5083218375 1.0009643733501434 0.0136112077161669
2452220.586792198 1.0006409883499143 0.0136102177202701
2452220.665956978 1.0008207559585571 0.0136062428355216
2452220.74512175 0.9950875043869016 0.0136021571233868
2452220.824286513 0.9991308450698853 0.0136043597012758
2452220.903451268 1.0038822889328003 0.0136047238484025
2452220.9826160143 1.0038269758224487 0.0135981598868966
2452221.061086325 1.0002972483634949 0.013595167081803
2452221.139556627 1.0020829439163208 0.0135968476533889
2452221.2187213483 1.0005842447280884 0.0135998632758855
2452221.297886061 0.9969884753227232 0.0135940052568912
2452221.3770507653 1.0007200241088867 0.0135959181934595
2452221.451354472 0.9985820055007932 0.0135939437896013
2452221.5346857226 1.0018588304519653 0.01359357777982945
2452221.6131559755 0.9978917837142944 0.0135960392653942
2452221.692320647 0.991338074207306 0.0135833574458956
2452221.7714853105 1.0010350942611694 0.0135938059538602
2452221.8506499655 1.002063870429993 0.0135940806940197
2452221.9298146125 0.997354507446289 0.0135965123772621
2452222.008979251 1.00040864944458 0.0135956350713968
2452222.0874494547 0.9992570281028748 0.0135970162227749
2452222.165919651 1.0017719268798828 0.0136020891368389
2452222.245084265 0.999023199081421 0.0136024747043848
2452222.324943297 0.9988344013690948 0.01360334036871785
2452222.4034134685 0.999960958957672 0.0135983014479279
2452222.4825780583 1.001243472099304 0.0135951004922389
2452222.561048214 1.002036452293396 0.013598104007542099
2452222.639518361 0.998141884803772 0.0135897602885961
2452222.7186829266 1.00408673286438 0.0135962748900055
2452222.797847484 1.0019454956054688 0.0135869979858398
2452222.877012033 1.0033974647521973 0.0135983703657984
2452222.956176574 0.9978680610656736 0.0135876992717385
2452223.034646681 1.000395447015762 0.0135931875556707
2452223.11311678 1.0027474164962769 0.0135959815233945
2452223.192281297 0.999019742012024 0.0135882487520575
2452223.271445805 1.001487135887146 0.0135840019211173
2452223.3506103056 0.9966879487037658 0.0135819250717759
2452223.429774798 0.997797966003418 0.0135804899036884
2452223.508939282 1.0002592802047727 0.0135833537206053
2452223.587409333 1.0037367939949033 0.013588979840278601
2452223.6658793758 0.9989274144172668 0.0135852498933672
2452223.7450438356 0.999000608921051 0.0135840140283107
2452223.824208287 0.9964103698730468 0.0135799646377563
2452223.9033727306 0.9972174167633056 0.0135785909369587
2452223.9825371657 0.9990524649620056 0.0135821616277098
2452224.061007168 1.0009871125221252 0.0135871204547584
2452224.1394771626 1.0005363225936887 0.0135837076231837
2452224.218641573 1.0001835823059082 0.0135781615972518
2452224.2978059757 0.997215986251831 0.013573526404798
2452224.37697037 0.9961047172546386 0.0135739697143435
2452224.456134756 0.9987248182296754 0.0135816624388098
2452224.5346047096 0.9991116523742675 0.013580514118075301
2452224.6130746547 1.0003489255905151 0.0135764740407466
2452224.6922390163 0.9991773962974548 0.0135766109451651
2452224.771403369 0.9981958866119384 0.0135817797854542
2452224.850567714 0.99698668718338 0.0135744381695985
2452224.9297320503 1.0007505416870115 0.0135793564841151
2452225.0088963783 1.0006321668624876 0.0135823199525475
2452225.0880606975 1.0028071403503416 0.0135816438123583
2452225.1658361615 1.0019036531448364 0.0135797997936606
2452225.2450004644 0.9988661408424376 0.0135797662660479
2452225.324164759 0.9977464079856871 0.0135798715054988
2452225.4033290446 1.0009162425994873 0.0135858887806534
2452225.482493322 0.9990901350975036 0.0135808372870087
2452225.560963168 1.0000970363616943 0.013585893437266301
2452225.6394330044 0.9992794394493104 0.013585458509624
2452225.7185972566 0.998542845249176 0.0135828712955117
2452225.7977615003 1.0025004148483276 0.0135881956666708
2452225.8769257353 1.0002559423446655 0.0135898990556597
2452225.9560899613 1.0012154579162595 0.0135928355157375
2452226.034559756 0.9980430901050568 0.01359381619840855
2452226.1130295424 0.99791818857193 0.0135969277471303
2452226.192193743 0.9972808361053466 0.0135959340259432
2452226.2713579354 0.9987995028495787 0.0135956220328807
2452226.3505221186 0.9999358654022216 0.0135991564020514
2452226.429686294 0.999628484249115 0.0136011615395545
2452226.5088504604 1.0043867826461792 0.0136024206876754
2452226.587320196 1.0013014078140259 0.01361257815733545
2452226.6657899236 0.9988091588020324 0.0136065278202295
2452226.7449540654 1.002232551574707 0.0136017827317118
2452226.8241181993 1.0008246898651123 0.0136030642315745
2452226.9032823252 1.001575589179993 0.0135939698666334
2452226.9824464438 0.9925936460494996 0.0135872913524508
2452227.0609161328 0.9976521730422974 0.01359799224883315
2452227.1393858152 1.003113865852356 0.013595669530332
2452227.2185499137 0.9997057914733888 0.0135888643562793
2452227.2977140066 0.9996414184570312 0.0135908825322985
2452227.3768780953 0.9966122508049012 0.013591656461358
2452227.4560421803 1.003529071807861 0.013597123324871
2452227.5352062644 1.0010826587677 0.0135950781404972
