2451517.403231679 0.9082954525947571 0.0006186612299642999
2451517.480316622 0.8899050354957581 0.0005817163619212
2451517.559484977 0.9030511975288392 0.000567172828596
2451517.638653358 0.940496265888214 0.0005667367368005
2451517.7171273003 0.983795166015625 0.0005703437200280999
2451517.7956012576 1.02088463306427 0.0005730025004595
2451517.874769687 1.0526559352874756 0.000576683320105
2451517.954632585 1.0759825706481931 0.00058022965095
2451518.0331065683 1.098671317100525 0.0005842369282618
2451518.1115805553 1.1205720901489258 0.0005880097451154
2451518.1900545447 1.1371541023254397 0.0005908631137572
2451518.2699174546 1.1461035013198853 0.00059249092009845
2451518.3490859047 1.1531700491905212 0.0005937057430855
2451518.4268654324 1.1542259454727173 0.0005937840323895
2451518.5053394185 1.1547611951828003 0.0005941044655628
2451518.584507861 1.1491800546646118 0.0005928741884417
2451518.663676301 1.1391431093215942 0.0005906760925427
2451518.742844736 1.1265064477920532 0.0005879283417016
2451518.8213187074 1.1080521941184998 0.00058412196813145
2451518.899792674 1.0817517042160034 0.0005782162770628
2451518.978961095 1.0537431240081787 0.0005719083710573
2451519.058129511 1.0299878120422363 0.000566421309486
2451519.136603461 1.0006643533706665 0.0005595543188974
2451519.215077406 0.96198433637619 0.0005502239800989
2451519.2942458037 0.9081591963768004 0.0005370343569666
2451519.373414196 0.8477275371551514 0.0005214227130636
2451519.452582582 0.7897676825523376 0.0005059324321337
2451519.531056501 0.7477936446666718 0.00049497879808765
2451519.6095304145 0.7442618608474731 0.0004938908969052
2451519.6886987803 0.7709147334098816 0.0005012938636355
2451519.7678671395 0.827182948589325 0.0005169401410967
2451519.8463410325 0.8996389210224152 0.0005358444177545
2451519.9241204592 0.9658546149730682 0.0005524896259884501
2451520.003983257 1.018926739692688 0.000565635622479
2451520.0831515878 1.0487841367721555 0.0005726761883124
2451520.1623199116 1.0751395225524902 0.0005791486473754
2451520.2407937692 1.0938424468040466 0.00058374193031335
2451520.31926762 1.1096178293228147 0.0005875556380487
2451520.398435922 1.128530979156494 0.0005920709809288
2451520.4727430055 1.1381202936172485 0.00059433863498265
2451520.5560780456 1.149217903614044 0.0005965361197013
2451520.6345518664 1.1542785167694092 0.0005976256215944
2451520.713720139 1.152906894683838 0.0005972573999315
2451520.792888404 1.1468805074691772 0.0005961692659184
2451520.872056661 1.137379765510559 0.0005940916598774
2451520.9505304527 1.1251395344734192 0.000591438205447
2451521.029004236 1.1081680059432983 0.0005873556947335
2451521.1081724707 1.0865143537521362 0.0005824053660035
2451521.1873406977 1.0615932941436768 0.0005765492678619
2451521.266508917 1.0394392013549805 0.0005713290302082
2451521.34498267 1.0126095414161682 0.00056473890435875
2451521.423456416 0.9744717478752136 0.0005554749513976
2451521.502624612 0.9346020221710204 0.000545683898963
2451521.5817927998 0.8904122114181519 0.0005345433019101
2451521.6602665223 0.8561857044696808 0.0005257131706457
2451521.7387402374 0.8483421206474304 0.0005238619050942
2451521.8179084016 0.8675497174263 0.0005285353399813
2451521.8970765583 0.9021856188774108 0.0005375793552957
2451521.976244707 0.9462494254112244 0.0005485549918375
2451522.0547183906 0.9845825135707855 0.00055810637422835
2451522.133192066 1.01870059967041 0.0005662343464791
2451522.2123601907 1.0441967248916624 0.0005725937662646
2451522.291528308 1.0682721138000488 0.000578232051339
2451522.370001959 1.088934600353241 0.0005828530702274
2451522.448475603 1.106505274772644 0.0005871797911822
2451522.527643696 1.1202980279922483 0.0005902224220335
2451522.60681178 1.1327730417251587 0.0005932988133281
2451522.6859798566 1.136659026145935 0.0005941948620602
2451522.7637590114 1.1390507221221924 0.0005947755998931
2451522.8429270713 1.134608030319214 0.00059366034111
2451522.9220951227 1.124523043632507 0.000591434421949
2451523.001263167 1.113182544708252 0.0005889013409614
2451523.0797367455 1.0960397124290466 0.00058482057647775
2451523.1582103157 1.0719720125198364 0.0005789749557152
2451523.2373783346 1.0437160730361938 0.0005724313668906
2451523.3165463447 1.017196774482727 0.0005663272459059
2451523.3957143463 0.9901297688484192 0.0005597317358478
2451523.4741878835 0.955798327922821 0.0005511351919266999
2451523.5526614124 0.9118627309799192 0.0005398871144279
2451523.6269681975 0.8612511157989502 0.00052692883764385
2451523.7109973566 0.7975173592567443 0.0005101576680317
2451523.78947086 0.7470070421695709 0.0004963024985045
2451523.8679443547 0.7257500886917113 0.0004904323723167
2451523.9471122967 0.7417510151863098 0.0004947870620526
2451524.02628023 0.7973127365112304 0.0005103302537463
2451524.105448154 0.8673984408378601 0.0005290298722684
2451524.1839216147 0.9350197017192841 0.0005462123954202501
2451524.2623950657 0.992667496204376 0.0005606618942692
2451524.3415629636 1.030787229537964 0.0005699683679267
2451524.4207308525 1.0569195747375488 0.0005762800574302
2451524.499204277 1.0748841762542725 0.0005808466521557
2451524.577677693 1.0940347909927368 0.0005853218608535
2451524.6568455547 1.1131480932235716 0.0005896981456317
2451524.736013408 1.1233665943145752 0.0005921904812566
2451524.8151812507 1.133600115776062 0.0005948761827312
2451524.8936546305 1.1355983018875122 0.00059529571444725
2451524.9721280006 1.133407711982727 0.0005949172191321
2451525.051295816 1.1287602186203003 0.0005941170384176
2451525.130463622 1.117228627204895 0.0005916855297982
2451525.2096314183 1.1065934896469116 0.000589212286286
2451525.2881047507 1.0954411625862122 0.000586762180319
2451525.3665780737 1.0821837186813354 0.000583974411711
2451525.445745841 1.0655063390731812 0.0005801631486974
2451525.524913599 1.042801022529602 0.0005748813855461
2451525.603386892 1.0178396105766296 0.0005693050043191501
2451525.681860176 0.9831456542015076 0.0005611276137642
2451525.7610279033 0.9392582178115844 0.0005505483713932
2451525.8401956204 0.8910686373710632 0.0005390524165704
2451525.9193633273 0.8499505519866942 0.0005289917462505
2451525.9978365703 0.8325562179088593 0.0005247206136118
2451526.0763098025 0.8335339426994324 0.0005253366543911
2451526.1554774777 0.8643507957458496 0.0005336686153896
2451526.234645142 0.9053100347518922 0.000544442271348
2451526.3131183423 0.9476466774940491 0.00055518938461315
2451526.391591532 0.9861026406288148 0.000564727699384
2451526.4707591636 1.00915789604187 0.0005707255913875
2451526.5499267834 1.0268757343292236 0.0005753125878982
2451526.6290943916 1.0454894304275513 0.0005799811333417
2451526.7075675353 1.0624354481697083 0.0005843812250531501
2451526.790901835 1.0808217525482178 0.00058840963174585
2451526.865208241 1.0949687957763672 0.0005919546238146
2451526.944375802 1.0995255708694458 0.0005936732050031
2451527.0228488976 1.1006377935409546 0.00059408365632405
2451527.101321981 1.0986899137496948 0.0005938702379353
2451527.180489504 1.091538429260254 0.0005925438017584
2451527.2596570128 1.0775974988937376 0.0005898998933844
2451527.338824509 1.0629911422729492 0.0005867349100299
2451527.4172975393 1.0397964119911194 0.0005816298362333
2451527.4957705564 1.016222596168518 0.0005764332017861
2451527.5749380104 0.9955461621284484 0.0005719214095734
2451527.654105449 0.9697709679603576 0.0005661657196469
2451527.7325784224 0.9389246404170991 0.0005592062370851001
2451527.81105138 0.8923263549804686 0.0005477417726069
2451527.8902187725 0.8358529806137086 0.0005340846255421
2451527.969386149 0.7702945470809937 0.000517439271789
2451528.0485535082 0.7142876386642456 0.0005029533058404
2451528.1270263996 0.675495058298111 0.00049279321683565
2451528.2054992733 0.6810898184776306 0.0004945095279254
2451528.2846665788 0.717898964881897 0.0005050664185546
2451528.3638338647 0.7811447381973265 0.0005222542094998
2451528.44300113 0.8470847010612487 0.0005395606276579
2451528.5214739256 0.9063083529472352 0.0005547435139305499
2451528.5999466996 0.9478881955146788 0.0005650620441883
2451528.6791139 0.9771442413330078 0.0005727969110012
2451528.758281077 1.0038543939590454 0.0005795072647742
2451528.83675378 1.0277447700500488 0.00058536659344095
2451528.9152264586 1.0443809032440183 0.0005895030917599
2451528.9943935582 1.0562533140182495 0.0005926938029006
2451529.051338297 1.0650336742401123 0.0005941570852883
2451535.016667117 1.0422581434249876 0.0005632861866615
2451535.0666674753 1.0531620979309082 0.0005679177120327
2451535.1458347035 1.051836371421814 0.000574296049308
2451535.2250019233 1.0534294843673706 0.0005797880585305
2451535.303474685 1.060492217540741 0.0005848105065524
2451535.3819474396 1.068812131881714 0.0005893071647733
2451535.4611146348 1.0796204805374143 0.0005928972386755
2451535.5402818215 1.0832605361938477 0.0005942679708823
2451535.6194489994 1.088112235069275 0.0005954634398221
2451535.6986161694 1.0911768674850464 0.0005959663540124
2451535.7763944333 1.0851967334747314 0.000594402430579
2451535.855561586 1.0758048295974731 0.0005916332593187
2451535.934728731 1.0616366863250732 0.0005880669923499
2451536.0132014183 1.0414756536483765 0.0005829764704685
2451536.091674098 1.0228437185287476 0.0005777678452432
2451536.1708412166 1.0026557445526123 0.0005727579118683
2451536.250008327 0.9807562828063964 0.0005665911594405
2451536.329175429 0.9478744864463806 0.0005580821307376
2451536.407648074 0.9076809883117676 0.0005476823134813
2451536.48612071 0.8575656414031982 0.0005343715893104
2451536.5701489216 0.7940455377101898 0.0005168274510651499
2451536.644454853 0.7426451444625854 0.0005033182678744
2451536.723621911 0.7186741828918457 0.0004964515101164
2451536.8020945126 0.7287731170654296 0.000498745474033
2451536.8805671055 0.7749538421630859 0.0005101169226691
2451536.959734137 0.8406273126602173 0.0005270648398436
2451537.0389011595 0.9105362296104432 0.0005443647969514
2451537.1173737254 0.9727103412151336 0.0005593317328020501
2451537.195846283 1.0175424814224243 0.0005699169705621
2451537.2750132782 1.0499275922775269 0.0005773001466877
2451537.3541802648 1.072649359703064 0.0005823294632136
2451537.433347242 1.094712734222412 0.0005868598236702
2451537.511819763 1.1105539202690125 0.00059037969913325
2451537.5902922745 1.1206382513046265 0.000592760159634
2451537.6694592237 1.131027579307556 0.0005947134341113
2451537.7486261637 1.1437485218048096 0.0005973109509795
2451537.827098647 1.1496009826660156 0.0005987759795970499
2451537.9055711217 1.1476432085037231 0.0005981969297863
2451537.984738033 1.1398048400878906 0.000596028228756
2451538.0639049346 1.1320948600769043 0.0005942623247392
2451538.1430718265 1.1206353902816772 0.0005913481581956
2451538.221544262 1.1075554490089417 0.00058846725733015
2451538.300016688 1.0912693738937376 0.0005846225540153
2451538.3791835504 1.071644902229309 0.0005795929464511
2451538.458350403 1.0466840267181396 0.0005739845801144
2451538.5368227987 1.0174694061279297 0.00056690946803425
2451538.6152951852 0.9781951308250428 0.0005572629161179
2451538.6944620064 0.9325543642044068 0.0005460911197587
2451538.773628818 0.8906959295272827 0.0005357332411222
2451538.8527956186 0.8613521456718445 0.0005281929625198
2451538.9312679633 0.8568990528583527 0.00052706227870655
2451539.009740297 0.8793884515762329 0.0005327565013431
2451539.088907066 0.9210065603256224 0.0005431735771708
2451539.1680738237 0.9623706936836242 0.0005541768623515
2451539.24724057 0.999397873878479 0.0005632938118651
2451539.3257128606 1.030019998550415 0.0005706883093807499
2451539.404185139 1.053990364074707 0.0005766645190306
2451539.483351852 1.0753114223480225 0.0005816773045808
2451539.562518552 1.0917962789535522 0.0005860290839336
2451539.636824129 1.103866159915924 0.0005887770385015
2451539.7201574733 1.1174749732017517 0.0005917014495935
2451539.7986296937 1.1242988109588623 0.0005933557404205
2451539.877796346 1.1289671659469604 0.0005948589532636
2451539.9569629855 1.1302520036697388 0.0005954085499979
2451540.035435168 1.1262046098709106 0.00059465199592515
2451540.1139073377 1.1126596927642822 0.0005919896066188
2451540.193073938 1.0990638732910156 0.0005892297485843
2451540.2722405246 1.0785346031188965 0.000585070811212
2451540.350712654 1.0583624243736267 0.00058038832503365
2451540.4291847693 1.0384290218353271 0.0005760416970588
2451540.5083513134 1.0133686065673828 0.0005705883959308
2451540.5875178427 0.9789657592773436 0.0005630172672681
2451540.6666843565 0.9386399388313292 0.0005531000788323
2451540.745156412 0.883743554353714 0.0005394251784309
2451540.823628451 0.8239397406578064 0.000524609175045
2451540.902794917 0.7602869868278502 0.0005079265101812
2451540.9819613653 0.7143616080284119 0.0004959500511176
2451541.060433354 0.7084605097770691 0.00049478438450015
2451541.138905325 0.7399663925170897 0.0005035051726736
2451541.218071719 0.7985889315605164 0.0005197199643589
2451541.297238094 0.8685226440429686 0.0005382532253861
2451541.3764044475 0.9312192797660828 0.0005542712751775
2451541.454876339 0.9767619371414185 0.00056589150335635
2451541.533348209 1.0079351663589475 0.0005731853307224
2451541.6125144977 1.0303670167922971 0.0005789505084976
2451541.6916807625 1.049806833267212 0.0005838786019012
2451541.770847002 1.0735130310058592 0.0005897050141356
2451541.849318776 1.085575222969055 0.0005930842016823
2451541.9277905226 1.0952093601226809 0.0005959580303169
2451541.985429045 1.105506420135498 0.0005984069721307
2451544.0111138336 1.098683476448059 0.0006207767874002
2451544.056947144 1.105519652366638 0.0006184630328789
2451544.1354193296 1.1190654635429382 0.0006163432844913999
2451544.215280404 1.1245263814926147 0.0006147818057797
2451544.2944470346 1.1244252920150757 0.0006131948903203
2451544.3729192205 1.1188132762908936 0.0006095537391956501
2451544.451391404 1.1077076196670532 0.0006049569346942
2451544.5305580297 1.0884451866149902 0.0005997658590786
2451544.6090302076 1.070728838443756 0.0005952654173597
2451544.688196826 1.053959608078003 0.0005910188192501499
2451544.766668996 1.0336968898773191 0.0005862587713636
2451544.845835605 1.002553105354309 0.0005789641872979
2451544.92500221 0.9666792154312132 0.000570076459553
2451545.004168809 0.9193453192710876 0.0005590770160779
2451545.0826409585 0.8648702502250671 0.00054503887076855
2451545.1611131025 0.8046070933341981 0.0005298622418195
2451545.240279684 0.7474613189697266 0.0005150798824615
2451545.3194462596 0.7094870805740356 0.0005050864419899
2451545.3979183845 0.7260579168796539 0.0005088628386146501
2451545.476390504 0.7739618420600891 0.0005209540831856
2451545.5555570596 0.8372468948364259 0.0005366234108805
2451545.6347236084 0.9048017263412476 0.0005527794128283
2451545.71389015 0.964650809764862 0.0005668757366947
2451545.792362242 1.0118907690048218 0.00057819517678575
2451545.8708343264 1.0371205806732176 0.0005834772018715
2451545.950000847 1.0625216960906982 0.0005893253255635
2451546.0291673606 1.084061622619629 0.0005942165153101
2451546.1076394236 1.1029443144798279 0.00059834757121275
2451546.186111479 1.1207627058029177 0.0006019452703185
2451546.2652779706 1.1291590929031372 0.0006037675775587
2451546.342361126 1.1328781247138977 0.0006046444468665001
2451546.4263887014 1.1317813396453855 0.0006043499452061
2451546.502082956 1.130325734615326 0.00060411123558875
2451546.5805549743 1.1236830949783323 0.0006027540657669
2451546.6597214276 1.1137909889221191 0.0006003860617056
2451546.738887873 1.0968871116638184 0.0005967076867818
2451546.818054311 1.0851222276687622 0.0005941718118265
2451546.8965262985 1.0666953325271606 0.0005900072574149501
2451546.974998278 1.0398306846618652 0.0005841450765728
2451547.0541646928 1.010148048400879 0.0005775379249826
2451547.1333310986 0.9755746722221376 0.0005692785489372
2451547.2118030554 0.9354659914970398 0.0005601968732662
2451547.2902750038 0.8880148530006408 0.0005490806652233
2451547.3694413863 0.84816974401474 0.0005389672587625
2451547.448607761 0.8287241458892822 0.0005345828249119
2451547.5277741277 0.8348037004470825 0.0005362958763726
2451547.6062460444 0.8659501373767853 0.00054364095558405
2451547.684717953 0.9076412320137026 0.0005534149240702
2451547.7638842957 0.9492563605308532 0.0005633936380036
2451547.8430506303 0.9864405393600464 0.0005720913177356
2451547.921522515 1.017012596130371 0.0005791218718513499
2451547.9999943916 1.0398638248443604 0.0005841210950165
2451548.0791607015 1.0615522861480713 0.0005889540188945
2451548.158327003 1.0810072422027588 0.0005933871725574
2451548.2374932966 1.0964664220809937 0.0005969156627543
2451548.3159651407 1.1050671339035034 0.00059870220138685
2451548.394436977 1.1133984327316284 0.0006005105096846
2451548.4736032453 1.114560842514038 0.0006007394986227
2451548.5527695054 1.117165446281433 0.0006012606318108
2451548.631241317 1.109040915966034 0.0005995373940095
2451548.7097131195 1.0981597900390625 0.000597134057898
2451548.788879355 1.078827738761902 0.0005930560291744
2451548.868045582 1.0626105070114136 0.0005894668283872
2451548.9472118 1.0436192750930786 0.0005851357127539
2451549.0256835697 1.0229660868644714 0.0005804478423669
2451549.1041553305 1.0005306005477903 0.0005755054298788
2451549.1833215235 0.972169816493988 0.0005688159144483
2451549.262487708 0.9236605167388916 0.0005572301452048
2451549.3416538835 0.8688712120056152 0.000544624752365
2451549.4201256107 0.8123854994773865 0.0005307412357069
2451549.4937362494 0.758789986371994 0.0005169514624867001
2451549.5777634787 0.7202224731445312 0.0005070335464552
2451549.65692962 0.7218297123908995 0.0005077979294583
2451549.7354013124 0.7616534829139708 0.0005180728330742
2451549.8138729963 0.8247484564781189 0.0005335576133802
2451549.893039111 0.8953456878662108 0.0005506545421667
2451549.9722052165 0.9570879340171812 0.0005648042424581
2451550.0513713136 1.0011203289031982 0.0005752248107455
2451550.129842962 1.0263028144836426 0.00058124776114705
2451550.208314602 1.0493465662002563 0.0005860004457645
2451550.2874806714 1.072218418121338 0.0005913126515224
2451550.3666467327 1.0898396968841553 0.0005952006322331
2451550.4451183453 1.1101396083831787 0.0005993687664158
2451550.5235899487 1.124173641204834 0.0006027271156199
2451550.602755982 1.1274020671844482 0.000603400869295
2451550.681922006 1.130273699760437 0.0006041488377377
2451550.7610880206 1.131519436836243 0.0006043022731319
2451550.8395595867 1.1258967518806458 0.0006030757213011
2451550.9180311444 1.120123505592346 0.0006018661078996
2451550.9971971307 1.1137868165969849 0.000600574479904
2451551.076363107 1.0944949388504028 0.0005961118149571
2451551.1555290744 1.069499373435974 0.0005908288294449
2451551.2340005934 1.0496174097061157 0.00058632856234905
2451551.3124721027 1.0278998613357544 0.0005814438918605
2451551.39163804 0.9982341527938842 0.0005746611859649
2451551.4708039677 0.9589622616767884 0.0005656035500578
2451551.5492754476 0.9096188843250275 0.00055394016089845
2451551.6277469173 0.8649625778198241 0.0005434863851405
2451551.7069128146 0.8339374065399171 0.0005357134505175
2451551.7860787013 0.8270976543426514 0.0005341863725334
2451551.865244578 0.8441883325576782 0.0005383446114137
2451551.943716007 0.8786251842975616 0.00054690404795105
2451552.022187425 0.9243550300598145 0.0005575601826421
2451552.1013532695 0.9658967852592468 0.0005672050756402
2451552.180519103 0.998622715473175 0.0005749127012677
2451552.258990489 1.0227655172348022 0.000580319087021
2451552.337461864 1.0440555810928345 0.0005850456655025
2451552.4166276646 1.0676045417785645 0.0005904384306631
2451552.495793454 1.0878468751907349 0.0005948870093561
2451552.5749592315 1.1022628545761108 0.0005980440764687
2451552.6582916165 1.1097851991653442 0.0005995563697069
2451552.7319018785 1.1137096881866455 0.0006002834998071
2451552.8110676203 1.1144447326660156 0.000600543397013
2451552.8902333505 1.1068267822265625 0.0005990847712382
2451552.968704631 1.10006445646286 0.0005973453226033
2451553.0471759 1.088539481163025 0.0005949045880697
2451553.126341592 1.0694538354873655 0.0005905373836867
2451553.2055072705 1.0511653423309326 0.0005864916020072
2451553.284672936 1.026173114776611 0.0005808508722111
2451553.363144152 1.0032947659492493 0.0005755869788117
2451553.4416153543 0.9776772260665892 0.0005700181936845
2451553.5207809773 0.9459303021430968 0.0005624452605843
2451553.5999465864 0.8984280824661255 0.0005511964554898
2451553.6791121806 0.8410983085632323 0.0005378844798542
2451553.757583324 0.7815627753734589 0.0005229885573498
2451553.8360544527 0.7389737367630003 0.000512003141921
2451553.9152199994 0.7258711457252502 0.0005085123120807
2451553.99438553 0.7482249140739442 0.0005140404682606
2451554.072856609 0.8058120310306549 0.0005290237895678
2451554.15132767 0.8721999526023864 0.000545191578567
2451554.230493148 0.9326828122138976 0.0005593990790657
2451554.309658607 0.9847123622894288 0.0005716505111195
2451554.3888240466 1.01933753490448 0.0005792946321889
2451554.467295032 1.0445564985275269 0.0005851919122505499
2451554.545765998 1.0682301521301267 0.0005902108969166
2451554.6249313755 1.0857521295547483 0.0005943536525592
2451554.7040967303 1.0994337797164917 0.0005974955274723
2451554.7825676296 1.111823558807373 0.0005999465938657
2451554.8610385056 1.1232892274856567 0.0006025307811796
2451554.940203789 1.1341309547424316 0.0006049023359082
2451555.019369048 1.136480689048767 0.0006054005934856
2451555.0985342804 1.1365900039672852 0.0006054454133845
2451555.177005056 1.1266937851905823 0.0006032070377841
2451555.2554758056 1.113351345062256 0.0006004677270539
2451555.334640962 1.095056653022766 0.0005963688599877
2451555.4138060957 1.0726919174194336 0.0005912208580411
2451555.4929712103 1.052534818649292 0.000586834968999
2451555.538803638 1.0407812595367432 0.0005841297097504
2451557.2478050673 1.1068804264068604 0.0006219025817699
2451557.3068321277 1.1003744602203367 0.0006174529553391
2451557.3853033977 1.0874223709106445 0.00060964957810935
2451557.463774668 1.068670868873596 0.0006023097666911
2451557.542940374 1.04295015335083 0.000594867975451
2451557.622106079 1.0165313482284544 0.0005877999356016
2451557.7005773457 0.9826607704162598 0.00057975231902665
2451557.77904861 0.947768986225128 0.000570751260966
2451557.8582143076 0.9096287488937378 0.0005605115438811
2451557.9373800014 0.8577305674552916 0.0005477082449942
2451558.016545691 0.7980271577835083 0.0005323125515133
2451558.0950169405 0.7471490800380707 0.0005188447539694
2451558.1734881857 0.7199325561523438 0.0005110478959977
2451558.2526538614 0.7328925728797911 0.0005137228872627
2451558.3318195324 0.7806286811828613 0.0005259387544356
2451558.410290762 0.8481425046920776 0.0005411574093159
2451558.488761986 0.9162783026695251 0.0005572802037931
2451558.5679276404 0.975705087184906 0.0005708696553483
2451558.6470932886 1.0130900144577026 0.0005792373558506
2451558.7262589308 1.0361289978027344 0.0005837832577526
2451558.804730131 1.056512176990509 0.0005884726997464501
2451558.8832013253 1.076101541519165 0.0005925007280893
2451558.9623669484 1.095085859298706 0.0005970383645035
2451559.041532565 1.111540675163269 0.000600527098868
2451559.1200037394 1.1222673654556274 0.0006028582574799
2451559.1984749073 1.1282601356506348 0.0006041409797035
2451559.277640504 1.1317012310028076 0.0006047987844794
2451559.3568060934 1.1302469968795776 0.0006043082103133
2451559.435971676 1.1251286268234253 0.0006032874807715
2451559.5144428164 1.115309238433838 0.00060119497356935
2451559.5929139503 1.1003904342651367 0.0005976929678581
2451559.672079512 1.086235761642456 0.0005945184384472
2451559.751245066 1.0658318996429443 0.0005899670068174
2451559.830410613 1.0436954498291016 0.0005848540458828
2451559.9130483256 1.013569951057434 0.00057856412604445
2451559.988047251 0.9816153049468993 0.0005710624682251
2451560.0665183417 0.9405322074890136 0.0005608081701211
2451560.1456838595 0.8931916952133178 0.0005500978440977
2451560.2241549357 0.8540320694446563 0.0005404885450843
2451560.3026260044 0.8311961889266967 0.0005350169958546
2451560.3817915 0.8305694460868835 0.0005347207188606
2451560.460956988 0.8497119545936584 0.0005394003819674
2451560.5401224685 0.8888512253761292 0.000549049291294
2451560.6185935074 0.9346234798431396 0.0005599797586909999
2451560.697064539 0.9754584431648254 0.0005694408318959
2451560.7762299967 1.0067814588546753 0.0005764818633906
2451560.855395447 1.0302484035491943 0.0005819895886816
2451560.9338664557 1.0566485524177551 0.000587732065469
2451561.012337457 1.079803466796875 0.0005930757033638
2451561.091502884 1.0995863676071167 0.0005973074585199
2451561.1706683035 1.1159508228302 0.0006008619093336
2451561.2498337147 1.123462438583374 0.0006025563925504
2451561.328304685 1.1273568272590637 0.00060331422719165
2451561.406775648 1.1277652978897097 0.0006034466205164
2451561.4859410357 1.1230390071868896 0.0006024523754604
2451561.5651064157 1.1139111518859863 0.000600449682679
2451561.644271788 1.0978617668151855 0.000596797442995
2451561.7227427196 1.0770001411437988 0.0005924118449911
2451561.801213643 1.057039737701416 0.0005878186202608
2451561.8803789914 1.0343552827835083 0.0005826959968544
2451561.9595443318 1.0064159631729124 0.0005763150402344
2451562.0380152315 0.9726127982139587 0.00056859623873605
2451562.1164861233 0.9359386563301086 0.0005601268494501
2451562.1956514395 0.8818583488464355 0.0005469462485052
2451562.2748167478 0.8175507187843322 0.0005313528236001
2451562.3539820476 0.7604167461395263 0.0005177301936782
2451562.432452907 0.7252180576324463 0.0005079273832961501
2451562.510923758 0.7211313843727111 0.0005072981584817
2451562.590089034 0.7513988614082336 0.0005146521725691
2451562.6692543007 0.8118762969970702 0.0005299823824316
2451562.7477251273 0.8835663199424744 0.0005475030920933
2451562.826195946 0.946519136428833 0.0005625883350148
2451562.905361188 0.9935845732688906 0.0005733486032113
2451562.984526422 1.0244910717010498 0.0005802400992251
2451563.068552669 1.0538547039031982 0.0005870727472938
2451563.142162432 1.0735683441162107 0.00059143960243085
2451563.2206332088 1.0910091400146484 0.0005950622726231
2451563.2997984085 1.104889750480652 0.0005982294678688
2451563.3789635994 1.1192368268966677 0.0006012201192788
2451563.4588232134 1.1250901222229004 0.0006025825277901501
2451563.5365995243 1.1263843774795532 0.00060283928178245
2451563.615070258 1.1264923810958862 0.0006028205971233
2451563.694235414 1.1241672039031982 0.0006024197209626
2451563.773400561 1.1148693561553955 0.0006003691814839
2451563.8518712684 1.1007211804389951 0.00059747905470425
2451563.930341967 1.085422396659851 0.0005939585389569
2451564.009507087 1.066711664199829 0.0005898437229916
2451564.0886721984 1.0466039180755615 0.000585358007811
2451564.1678373003 1.0245332717895508 0.0005805287510156
2451564.2463079626 0.9984835982322692 0.00057458880473855
2451564.324778616 0.9641123414039612 0.0005665892385877
2451564.40394369 0.9157903790473938 0.0005551890353672
2451564.483108755 0.8714838624000549 0.0005444797570817
2451564.56157938 0.8349965810775757 0.0005357336776796501
2451564.640049996 0.8203592896461488 0.0005322832730598
2451564.7192150317 0.836468994617462 0.0005359108909033
2451564.7983800583 0.8765047192573547 0.0005457847728393
2451564.8775450746 0.9203516840934752 0.0005561033030971
2451564.9560156516 0.9645767211914062 0.0005665829812642
2451565.0344862184 1.0036473274230957 0.0005755798774771
2451565.113651205 1.0317449569702148 0.0005820743390358
2451565.192816181 1.0543665885925293 0.0005869619781151
2451565.2719811467 1.0786837339401243 0.0005923043354414
2451565.3504516724 1.0949944853782654 0.0005961738643236001
2451565.428922188 1.1120202541351318 0.0005997845437377
2451565.508087122 1.1225571632385252 0.0006021897424943
2451565.587252045 1.1276986598968504 0.0006032733945176
2451565.665722528 1.1279329061508179 0.00060336577007545
2451565.7441930003 1.118849754333496 0.0006014364771544
2451565.8233578894 1.1074166297912595 0.0005991012440063
2451565.902522768 1.0885008573532104 0.0005945991142652
2451565.981687634 1.0684950351715088 0.0005902464035898
2451566.06015806 1.0443416237831116 0.00058463588356965
2451566.1337674754 1.0214978456497192 0.00057945217122315
2451566.2177933035 0.9963043332099912 0.0005741409840993
2451566.296958121 0.9700531959533693 0.0005678697489202
2451566.375428498 0.944294273853302 0.0005619296280201
2451566.4538988615 0.9011183381080629 0.0005516963428817
2451566.53306364 0.844845175743103 0.0005379920476116
2451566.6122284047 0.7832236886024475 0.0005226992652751
2451566.691393155 0.7364255189895629 0.0005111650680191
2451566.769863465 0.7124753296375275 0.00050474234740245
2451566.8483337592 0.72991544008255 0.0005089850747026
2451566.9274984663 0.7774040102958678 0.000521432084497
2451567.006663158 0.84772789478302 0.0005387658602558
2451567.085827834 0.9140339493751524 0.0005544461891986
2451567.164298067 0.9738636910915375 0.0005688673991244
2451567.242768283 1.0135728120803833 0.0005779076600447
2451567.321932909 1.0384106636047363 0.0005837146309204
2451567.4010975165 1.05988609790802 0.0005883973208256
2451567.47956768 1.082323133945465 0.000593541044509
2451567.558037825 1.0954899787902832 0.0005961651331745
2451567.637202376 1.113418698310852 0.0006001180154271
2451567.7163669067 1.1255539655685425 0.0006028281641192
2451567.7955314163 1.1351141929626465 0.0006048094364814
2451567.874001479 1.1371933221817017 0.00060524465516205
2451567.9524715194 1.1342406272888184 0.0006044902838766
2451568.0316359615 1.126535415649414 0.0006030741496942
2451568.110105955 1.1201693415641785 0.0006015592371113
2451568.18927035 1.1038323044776917 0.000598113896558
2451568.2677402953 1.0819011926651 0.000593414530158
2451568.3469046406 1.056214690208435 0.0005875208298675
2451568.426068962 1.0324796438217163 0.0005820821388624
2451568.4719009264 1.0151970386505127 0.0005780987557955
2452255.6509574153 0.9144811034202576 0.0005640548770315
2452255.716236272 0.9476699233055114 0.0005619472358375
2452255.7947097924 0.9832049906253816 0.0005601790908258001
2452255.873183312 1.0112842321395874 0.0005596016417257
2452255.952351285 1.035967469215393 0.0005619400762952
2452256.0315192547 1.0617152452468872 0.0005650571547448
2452256.109992764 1.080378234386444 0.0005677631997968501
2452256.188466267 1.0951223373413084 0.0005709324614144
2452256.2676342204 1.1102616786956787 0.0005742223584093
2452256.3468021667 1.1187360286712646 0.0005761610227636
2452256.425970106 1.124037265777588 0.0005773517186753
2452256.504443582 1.1221946477890015 0.0005769513372797001
2452256.5829170514 1.114806890487671 0.0005753760924562
2452256.662084968 1.106009602546692 0.0005733891157433
2452256.7412528764 1.09195077419281 0.0005702703492715
2452256.819726322 1.067364454269409 0.00056469539413225
2452256.898199759 1.0393673181533811 0.000558279629331
2452256.9773676437 1.013331651687622 0.0005523011786863
2452257.056535519 0.9827764630317688 0.0005452278419397
2452257.135703387 0.9547585844993592 0.0005387230194173
2452257.2141767917 0.9141312539577483 0.0005289044347591
2452257.2926501874 0.8651278614997863 0.0005169930518604
2452257.37181803 0.8033100366592406 0.0005014632479287
2452257.4509858643 0.7541098594665526 0.000488719670102
2452257.5294592353 0.7245714366436005 0.00048108339251474997
2452257.607932598 0.7333874106407164 0.0004834130231756
2452257.6871004067 0.7749579548835753 0.0004940181970596
2452257.766268207 0.8438662886619568 0.0005116466782055
2452257.8454359993 0.909290850162506 0.0005277302116155
2452257.9239093284 0.9677404165267944 0.00054161989828565
2452258.0023826496 1.0128666162490845 0.0005520752165466
2452258.0815504165 1.0447405576705933 0.0005594445392489
2452258.160718175 1.0659446716308592 0.0005641920724883
2452258.239885925 1.084754467010498 0.0005684359348379
2452258.318359213 1.1035108566284177 0.0005727332027163
2452258.396832492 1.1191552877426147 0.0005760884960182
2452258.4760002173 1.1285306215286257 0.0005782239604741
2452258.555167934 1.1358147859573364 0.0005798100028187
2452258.633641189 1.1385970711708069 0.0005804548854939
2452258.712114435 1.1390219926834106 0.0005805687396787
2452258.7919765804 1.1330614686012268 0.0005792128504253
2452258.8704498108 1.1254713535308836 0.0005775660392828
2452258.9496174855 1.113749861717224 0.0005749766132794
2452259.0280906996 1.0964069366455078 0.0005710430559702001
2452259.106563905 1.0756336450576782 0.000566323287785
2452259.1857315553 1.0529103279113767 0.0005611415253952
2452259.264899197 1.0272666215896606 0.0005553408991545
2452259.3433723785 0.99408158659935 0.00054777675541115
2452259.421845551 0.9529316425323486 0.0005379810463637
2452259.5010131686 0.9059186577796936 0.0005266677471809
2452259.5801807772 0.8653618097305299 0.0005168589414097
2452259.6593483784 0.8392195701599121 0.0005103969015181
2452259.7378215184 0.838470697402954 0.00051022198749705
2452259.81629465 0.8614256978034973 0.0005158727872185
2452259.8954622266 0.9037185311317444 0.000526372983586
2452259.9746297942 0.9491055607795716 0.0005371624720282
2452260.0531029017 0.9913980662822723 0.0005470665055326499
2452260.131576001 1.0230659246444702 0.0005544474115595
2452260.210743544 1.0474202632904053 0.0005599072901532
2452260.289911079 1.06823992729187 0.0005646407371386
2452260.369078606 1.081964373588562 0.0005677328445017
2452260.4475516723 1.097245454788208 0.0005711470730602501
2452260.526024731 1.1099023818969729 0.0005738057661801
2452260.605192233 1.117043137550354 0.0005755644524469
2452260.6843597265 1.1202796697616575 0.0005760675994679
2452260.76283276 1.1181402206420898 0.0005757992621510501
2452260.841305786 1.1147394180297852 0.0005749337724409
2452260.9204732548 1.104519248008728 0.0005727284005843
2452260.9940851047 1.0899301767349243 0.000569557712879
2452261.0788081675 1.072100043296814 0.0005655735149048
2452261.1572811604 1.0537510514259338 0.00056143116671585
2452261.235754145 1.0308749675750732 0.0005562476580962
2452261.314921572 1.005255103111267 0.0005501369014382
2452261.394088991 0.9735695123672484 0.0005429154844023
2452261.4732564013 0.9352551698684692 0.0005339239141903
2452261.5517293527 0.8866464793682097 0.0005221152096054999
2452261.6302022957 0.834403157234192 0.0005090306513011
2452261.7093696813 0.778787851333618 0.0004951151204295
2452261.788537058 0.7312158942222595 0.0004829786194022
2452261.867009976 0.7218010723590851 0.00048018444795155
2452261.9454828855 0.7501522302627563 0.0004877085448242
2452262.024650237 0.8098450899124146 0.0005030189058743
2452262.1038175803 0.8807957768440247 0.0005207411013543
2452262.1829849146 0.9445260763168336 0.0005361256189644
2452262.2614577906 0.9965369999408722 0.00054823831305835
2452262.3399306573 1.0298409461975095 0.0005559723940677
2452262.419097966 1.0582621097564695 0.000562502129469
2452262.4982652664 1.083329677581787 0.000568130519241
2452262.576738108 1.1011212468147278 0.00057206943165505
2452262.6552109406 1.1155641078948977 0.0005752450670115
2452262.734378215 1.1279240846633911 0.0005778163904324
2452262.81354548 1.1336309909820557 0.0005792506271973
2452262.8927127365 1.1370964050292969 0.0005799464415758
2452262.9711855347 1.1353191137313843 0.00057964914594775
2452263.049658324 1.1265676021575928 0.0005776642938144
2452263.1288255537 1.1155506372451782 0.0005752295837737
2452263.2079927744 1.0999213457107544 0.0005717817111872
2452263.2864655377 1.08895343542099 0.0005692429258487501
2452263.3649382913 1.07533860206604 0.0005662385374307
2452263.444105485 1.0539658069610596 0.0005614071269519
2452263.52327267 1.0340994596481323 0.0005568141932599
2452263.6024398454 1.0082961320877075 0.0005509144393727
2452263.6809125626 0.9703619480133057 0.0005419715889729
2452263.759385271 0.929531455039978 0.000532294565346
2452263.8385524186 0.8851794600486755 0.0005217523430474
2452263.917719557 0.8499036431312562 0.0005130265490151
2452263.9968866855 0.835918128490448 0.0005095165688544
2452264.0753593566 0.8469908535480498 0.0005123331502545
2452264.1538320174 0.8776040077209472 0.0005198920262046
2452264.2329991176 0.9207407236099244 0.0005303774960339
2452264.312166208 0.9590305685997008 0.0005393832107074
2452264.39063884 0.9893122911453247 0.0005465129797812
2452264.4691114626 1.0176587104797363 0.0005531288916245
2452264.5482785227 1.039828538894653 0.0005581288714893
2452264.6274455735 1.0597784519195557 0.0005626486381515
2452264.706612613 1.079162836074829 0.0005670483224093
2452264.7850851957 1.094403624534607 0.00057052873307835
2452264.863557767 1.1038963794708252 0.0005726225790567
2452264.942724776 1.110042095184326 0.0005739429034292
2452265.021891774 1.113483428955078 0.0005747688119299
2452265.1003643144 1.1137562990188599 0.00057481747353445
2452265.1788368435 1.107282638549805 0.0005734155420213
2452265.258003809 1.0975383520126345 0.0005712468991987
2452265.3371707634 1.080003261566162 0.0005671289982274
2452265.416337706 1.0593477487564087 0.0005626697093248
2452265.4948101905 1.037590205669403 0.0005576944095082
2452265.5732826637 1.0188000202178955 0.0005534756346605
2452265.6524495715 0.992100715637207 0.0005472815246321
2452265.731616467 0.9584881663322448 0.0005392683669924
2452265.8100889036 0.9172820448875426 0.0005294016154948501
2452265.8885613284 0.8658362030982971 0.0005166103946976
2452265.9677281864 0.8042297959327698 0.0005015171482227
2452266.046895032 0.7489320635795593 0.0004870993434451
2452266.099672921 0.7326813340187072 0.0004829406097996
2452266.3885623123 0.8845829963684082 0.0005202200845815
2452266.4413401615 0.9256547093391416 0.0005307916435413
2452266.5205069226 0.9782337546348572 0.000544071488548
2452266.5989792235 1.012699782848358 0.00055225301184685
2452266.67745151 1.0392502546310425 0.000558616942726
2452266.756618226 1.0613147020339964 0.0005635161069221
2452266.8357849256 1.08209490776062 0.000568407413084
2452266.914257166 1.1025738716125488 0.0005728856776840499
2452266.99272939 1.1187037229537964 0.0005763471708633
2452267.0718960436 1.12523353099823 0.000577789498493
2452267.1316182455 1.128670334815979 0.0005784850800409
2452272.0469088876 1.0446208715438845 0.0005593828391283
2452272.1191311763 1.0236750841140747 0.0005546188331209
2452272.198297907 1.00149929523468 0.0005494346842169
2452272.2774646305 0.9630107283592224 0.0005403128452599
2452272.3559369 0.9221071004867554 0.000530811259523
2452272.4344091616 0.8801787495613098 0.0005206359783187
2452272.5135758594 0.8504077196121216 0.000513226550538
2452272.5927425493 0.8379680514335632 0.0005101376445963
2452272.6712147864 0.8533097803592682 0.0005138755950610499
2452272.7496870146 0.8890528082847595 0.0005228081718087
2452272.82885368 0.929939329624176 0.0005325897363945
2452272.908020336 0.9699289202690125 0.0005419515073299
2452272.9871869846 1.0086580514907837 0.0005510128685273
2452273.0656591803 1.0339269042015076 0.0005569116910919001
2452273.144131368 1.0526468753814695 0.0005611472297459
2452273.223297992 1.0706069469451904 0.0005652081454172
2452273.3024646067 1.084217190742493 0.0005682552000507
2452273.38093677 1.0956901907920837 0.0005708141252398001
2452273.4594089244 1.1045701503753662 0.0005728702526539
2452273.5385755147 1.1119991540908811 0.0005743684014305
2452273.6177420965 1.1164439916610716 0.0005753523437306
2452273.69690867 1.109222173690796 0.0005737451720051
2452273.7753807916 1.100415825843811 0.0005717010062653
2452273.853158462 1.0901357531547546 0.0005695323343388
2452273.9330194537 1.072534680366516 0.0005655144341289
2452274.012185994 1.0540969371795654 0.0005614018882624
2452274.0906580826 1.032267987728119 0.000556412996957
2452274.169130163 1.0058467388153076 0.0005503224092535
2452274.2434355766 0.9808672368526458 0.0005444856942631001
2452274.327463185 0.9488060474395752 0.0005370880826376
2452274.4066296834 0.9011237025260924 0.0005256101721897
2452274.48510173 0.8418606221675873 0.00051114524831055
2452274.563573769 0.7802028059959412 0.0004956129123456
2452274.6427402417 0.7327499389648436 0.0004830940742976
2452274.721906706 0.7181277871131897 0.0004792658728547
2452274.8010731624 0.7401638031005859 0.000485034281155
2452274.879545167 0.7929287552833557 0.00049876768025565
2452274.958017164 0.8616794943809509 0.0005160337896086
2452275.037183594 0.9293085932731628 0.0005326907266862
2452275.116350016 0.9837229251861572 0.0005453335470519
2452275.194821987 1.017112135887146 0.0005530897178686999
2452275.2732939497 1.0414952039718628 0.0005585813778452
2452275.3524603453 1.066490888595581 0.0005643683252856
2452275.4316267325 1.0873754024505615 0.0005692120175808
2452275.5107931113 1.1062076091766355 0.0005732757854275
2452275.589265039 1.1210289001464842 0.0005765400128438501
2452275.6677369587 1.1276105642318723 0.0005780691863037
2452275.746903311 1.1325851678848269 0.0005790993454866
2452275.8260696544 1.1311408281326292 0.0005788363050669
2452275.9045415474 1.1308391094207764 0.00057871107128445
2452275.983013432 1.1227277517318723 0.0005769438575953
2452276.0621797484 1.1103696823120115 0.0005742638022638
2452276.141346056 1.0980416536331177 0.0005714274593628
2452276.220512355 1.0801060199737549 0.0005674676503986
2452276.2989842035 1.0612952709197998 0.00056325001060025
2452276.3774560434 1.036542892456055 0.000557702849619
2452276.4566223146 1.014093279838562 0.0005524537991732
2452276.535788577 0.980764389038086 0.0005446372088044
2452276.6149548297 0.9397578835487364 0.0005351728177629
2452276.6934266323 0.8967078626155853 0.0005247640656306999
2452276.771898426 0.8571441769599913 0.0005149638745933
2452276.851064651 0.8386883139610289 0.0005103752482682
2452276.930230866 0.8445778489112854 0.0005118920817039
2452277.008702631 0.8717040717601776 0.0005184809269849
2452277.087174387 0.9078288674354552 0.0005274736904539
2452277.1663405737 0.946211040019989 0.0005364485550671
2452277.24550675 0.9849289059638976 0.0005457559018395
2452277.3246729164 1.0190812349319458 0.0005535287782549
2452277.4031446334 1.0454395413398743 0.0005595303373411001
2452277.48161634 1.070460557937622 0.0005652083200402
2452277.5607824763 1.095216989517212 0.0005707300733774
2452277.6399486028 1.1094131469726562 0.0005739264888688
2452277.7184202787 1.120141625404358 0.0005763189983554
2452277.7968919445 1.1245439052581787 0.0005773135926574
2452277.8760580393 1.123409867286682 0.0005770382704213
2452277.9552241233 1.1205499172210691 0.0005764132365584
2452278.0343901967 1.1134964227676392 0.000574757461436
2452278.1128618196 1.1010872721672058 0.0005719878536183
2452278.1913334313 1.0862174034118652 0.0005687389057129
2452278.270499471 1.0640565156936643 0.0005638255970552
2452278.3496654993 1.0415917634963987 0.0005587117630057
2452278.428137077 1.01650470495224 0.00055286387214435
2452278.506608643 0.9900938272476196 0.0005467997398227
2452278.585774636 0.9587056636810304 0.000539420696441
2452278.664940616 0.9157667756080629 0.000529256707523
2452278.744106584 0.8626896142959594 0.0005162936286069
2452278.8225781014 0.806763082742691 0.0005022028635721001
2452278.9010496056 0.7583716511726379 0.0004898275947198
2452278.9802155346 0.7311067581176759 0.0004825413052458
2452279.05938145 0.7342602610588074 0.0004835173895116
2452279.1392417895 0.7775830924510956 0.0004947869456373
2452279.217018802 0.8427356779575348 0.00051111384527755
2452279.2954902383 0.9077000617980956 0.0005270504043437
2452279.374656097 0.9676949977874756 0.0005414833431132
2452279.453821941 1.009013295173645 0.0005509231705218
2452279.532293332 1.0365522503852844 0.00055749178864055
2452279.6107647074 1.0609418153762815 0.0005629912484437
2452279.6899305047 1.0843920707702637 0.0005683425115421
2452279.769096285 1.1059505939483645 0.0005730002885684
2452279.8482620497 1.1209115982055664 0.0005765341920778
2452279.9267333616 1.1283447742462158 0.00057816182379605
2452279.9739550287 1.1320745348930359 0.0005789729475509
2452281.6989383996 0.9881509840488434 0.0005874770286027
2452281.740604786 0.9981526732444762 0.0005869203596375
2452281.819076481 1.0204230546951292 0.0005853000911884
2452281.8982426133 1.0420111417770384 0.0005837599746882
2452281.977408742 1.0578720569610596 0.0005822513485327
2452282.0558804274 1.0682514905929565 0.00058043366880155
2452282.134352107 1.0783476829528809 0.0005790221039205
2452282.2135182214 1.0838693380355835 0.0005779273342341
2452282.292684329 1.0856367349624632 0.0005769487470388
2452282.371850431 1.0805714130401611 0.0005735643208026
2452282.450322086 1.0666476488113403 0.0005689850950147499
2452282.5287937345 1.0471702814102173 0.0005635359557345
2452282.6079598144 1.0288171768188477 0.0005578641430474
2452282.6871258873 1.0055853128433228 0.000551561708562
2452282.765597513 0.9794889092445374 0.0005448595620691
2452282.844069131 0.9542397260665892 0.0005387394921854
2452282.923235181 0.9179256558418274 0.0005301214987412
2452283.002401222 0.8743869066238403 0.0005191559321247
2452283.081567256 0.8213716745376587 0.0005059464019723
2452283.1600388424 0.7698127329349518 0.00049232604214915
2452283.238510421 0.7293446063995361 0.0004813059640582
2452283.31767643 0.7151723504066467 0.0004775802080985
2452283.3968424313 0.7397248744964598 0.0004835048457607
2452283.476008424 0.7982032895088195 0.0004979865043424
2452283.5544799697 0.8692581355571747 0.0005155683029442501
2452283.632951508 0.942292094230652 0.0005329180858097
2452283.7121174764 0.996241331100464 0.0005451162578538
2452283.791283436 1.0259404182434082 0.0005517597892321
2452283.8697549496 1.0507479906082153 0.0005568960041273
2452283.948226455 1.072290062904358 0.0005616583512164
2452284.02739239 1.092426061630249 0.0005658882437273
2452284.1065583173 1.113660454750061 0.0005702053313143
2452284.185724236 1.1283531188964844 0.0005730448756366
2452284.264195709 1.136429786682129 0.0005749629344791
2452284.3426671736 1.1419817209243774 0.0005759725463576
2452284.421833068 1.145343780517578 0.0005760992644354
2452284.5009989543 1.1430901288986206 0.0005753680015914
2452284.5794703946 1.1337663531303404 0.00057313672732555
2452284.657941827 1.1159042119979858 0.000569007534068
2452284.7371076886 1.097647786140442 0.0005649871891364
2452284.8162735417 1.083122491836548 0.0005615832633338
2452284.895439387 1.0637900829315183 0.0005569026106968
2452284.973910787 1.0450206398963928 0.00055240528308785
2452285.0523821786 1.018953800201416 0.0005462851258926
2452285.131547999 0.9816804528236388 0.0005375876789912
2452285.210713812 0.9364418387413026 0.0005268806125968
2452285.2891851794 0.8921794891357422 0.0005161073349881501
2452285.367656539 0.865575611591339 0.0005092350183986
2452285.446822327 0.8568224906921386 0.0005068089812994
2452285.5259881075 0.8666073083877563 0.0005090817576274
2452285.605153879 0.9003763794898986 0.0005172205856069
2452285.6836252064 0.9418126940727236 0.0005271923437248499
2452285.7620965256 0.9818528294563292 0.0005371186416596
2452285.8412622735 1.0187679529190063 0.0005449939053505
2452285.920428013 1.0486669540405271 0.0005518086254596
2452285.999593744 1.0740660429000854 0.0005576888797804
2452286.078065031 1.094397783279419 0.00056190835312005
2452286.1565363104 1.1116230487823486 0.0005656106513924
2452286.2357020173 1.1246044635772705 0.0005687332595698
2452286.3148677163 1.1336854696273804 0.000570967560634
2452286.393338971 1.1424376368522644 0.0005725670198444
2452286.471810218 1.145310401916504 0.0005731509882025
2452286.550975892 1.142240047454834 0.0005723724025301
2452286.6301415586 1.1364877223968504 0.0005715655861422
2452286.709307217 1.1250873804092407 0.0005687099765054
2452286.782917383 1.1051294803619385 0.0005645107594318
2452286.8662496377 1.081361413002014 0.0005594657850451
2452286.9454152714 1.0558141469955444 0.0005533650401048
2452287.024580897 1.0265313386917114 0.0005466680740937
2452287.1030520787 0.9945799708366394 0.00053969508735455
2452287.181523253 0.9677063226699828 0.0005332210566848
2452287.260688854 0.9307129979133604 0.0005242532934062
2452287.3398544467 0.8749790787696838 0.0005107657634653
2452287.419020031 0.8170655369758606 0.0004966672859154
2452287.4974911725 0.7739763259887695 0.00048570780199944997
2452287.5759623055 0.7487896680831909 0.0004792158433701
2452287.6551278653 0.7596894502639769 0.0004820213653147
2452287.7342934166 0.8042445182800293 0.0004937180201523
2452287.8134589596 0.8723165988922118 0.0005107061006128
2452287.8919300595 0.9416206479072571 0.00052783574210475
2452287.9704011516 0.9966514706611632 0.0005407584831118
2452288.04956667 1.031634211540222 0.0005490844487212
2452288.1287321793 1.0584408044815063 0.0005553531227633
2452288.207203246 1.0786117315292358 0.00055987021187315
2452288.2856743047 1.0963784456253052 0.0005640216986648
2452288.364839789 1.1165436506271362 0.000568532210309
2452288.4440052644 1.134468913078308 0.0005727877723984
2452288.5231707315 1.148592829704285 0.0005759707419201
2452288.6016417565 1.1533517241477966 0.0005771256110164999
2452288.6801127726 1.1516952514648435 0.0005767675465904
2452288.759278214 1.1501798629760742 0.0005763898952864
2452288.8384436467 1.1408469676971436 0.0005746593815274
2452288.916914637 1.1283370852470398 0.0005718823813367501
2452288.995385619 1.1135240793228147 0.0005689929239451
2452289.0745510254 1.0942093133926392 0.0005651924875564
2452289.153716423 1.076791763305664 0.0005608311039395
2452289.232881812 1.055404782295227 0.0005565189057961
2452289.3113527587 1.0307829976081848 0.00055109342793
2452289.3898236966 0.9985223412513732 0.000543643545825
2452289.4689890584 0.9519034028053284 0.0005330376443453
2452289.5481544114 0.9074944257736206 0.0005224574706517
2452289.627319755 0.8689430356025696 0.000513307924848
2452289.7057906566 0.8430440425872803 0.0005071066261734
2452289.7842615494 0.8386884331703186 0.0005065278382971
2452289.8634268655 0.8608402609825134 0.0005120856803841
2452289.942592172 0.903360366821289 0.0005224324995651
2452290.0210630368 0.9449740648269653 0.0005327333637978
2452290.099533892 0.9827059507369996 0.0005413414910435
2452290.1786991702 1.0116673707962036 0.0005484098219312
2452290.2578644385 1.0342395305633545 0.0005536229582503
2452290.337029697 1.057237148284912 0.0005589865613728
2452290.4155005133 1.0730260610580444 0.00056284567108375
2452290.4939713203 1.090021014213562 0.0005665225326083
2452290.573136549 1.100540280342102 0.0005689411191269
2452290.6523017674 1.112393498420715 0.0005716956802643
2452290.7307725437 1.1188838481903076 0.00057319339248345
2452290.8092433102 1.115672588348389 0.0005729065160267
2452290.8884084974 1.1076359748840332 0.0005712649435736
2452290.967573674 1.0960969924926756 0.0005685022915713
2452291.0467388397 1.081074833869934 0.0005656897556036
2452291.1252095634 1.062178909778595 0.0005616778507828
2452291.2036802764 1.041514873504639 0.0005568137858062
2452291.2828454087 1.0154739618301392 0.0005510233459062
2452291.3620105297 0.9858890771865844 0.0005440841196104
2452291.441175639 0.9585656523704528 0.0005377109046094
2452291.519646306 0.9196391701698301 0.0005287333624437
2452291.5981169613 0.8654202818870544 0.0005150561337359
2452291.6772820344 0.8085613250732422 0.0005015205242671
2452291.7564470954 0.7544777393341064 0.0004882797074969
2452291.834917713 0.7232820391654968 0.00047965072735675
2452291.9133883184 0.720115065574646 0.0004786895005963
2452291.9925533407 0.7550217509269713 0.0004881261847913
2452292.0717183496 0.8165906667709351 0.0005037162918597
2452292.1508833445 0.8865795135498048 0.0005208524526096
2452292.2293538954 0.9480736553668976 0.0005351502913981
2452292.307824433 0.9909312725067138 0.0005452887853607
2452292.3869893854 1.0257662534713743 0.0005535688251256
2452292.466154323 1.056320309638977 0.0005601134616881
2452292.544624816 1.078780233860016 0.0005648170772474
2452292.623095295 1.0942344665527344 0.0005684308125637
2452292.702260188 1.1046702861785889 0.000571897951886
2452292.781425066 1.1136025190353391 0.0005737763713113
2452292.8390626432 1.107522964477539 0.00057474998175165
2452294.76818912 1.0505570769309998 0.0005962875729892
2452294.83138243 1.0576252937316897 0.0005949122132733
2452294.9105476746 1.0734087228775024 0.0005943721625953
2452294.9897129163 1.081925392150879 0.0005908567109145
2452295.068183723 1.0835986137390137 0.00058672754676075
2452295.146654526 1.0840721130371092 0.0005826645647175
2452295.225819756 1.080167770385742 0.0005788693670183
2452295.3049849807 1.064760684967041 0.0005734494770877
2452295.3841502 1.0488102436065672 0.000568248797208
2452295.462620982 1.0289857983589172 0.0005631251842714
2452295.541091758 1.0037623643875122 0.0005567347398027
2452295.6202569585 0.977585196495056 0.0005495270015671
2452295.699422153 0.955512285232544 0.0005430703167803
2452295.778587341 0.9252085089683532 0.0005350410938262
2452295.85705809 0.8834917843341827 0.00052372351638035
2452295.935528833 0.8279375433921814 0.0005095373489893
2452296.0146939997 0.7665566205978394 0.0004939950886182
2452296.0938591594 0.719709575176239 0.0004816909495275
2452296.1723298803 0.7008002996444702 0.0004765860066981
2452296.250800594 0.7203946709632874 0.0004816730215679
2452296.329965732 0.7762242555618286 0.0004960364894941
2452296.4091308624 0.8509401082992554 0.0005136150866746
2452296.4882959854 0.918570041656494 0.0005300941993482
2452296.56676667 0.9741677641868594 0.0005427510477602
2452296.645237347 1.014567494392395 0.0005519199185073
2452296.7244024477 1.0430737733840942 0.0005583068123087
2452296.803567541 1.069080471992493 0.0005637413123622
2452296.8820381956 1.0897698998451233 0.0005682241171598
2452296.960508843 1.10650634765625 0.0005712759448215
2452297.0396739137 1.1150295734405515 0.0005731176934204
2452297.1188389766 1.1189072132110596 0.0005739940097555
2452297.198004032 1.1253923177719116 0.0005750672426074
2452297.276474649 1.129553198814392 0.0005757079634349
2452297.3549452596 1.1296097040176392 0.0005753596778959
2452297.434804722 1.1256880164146423 0.00057433164329265
2452297.5132753174 1.1162482500076292 0.0005720422486774
2452297.5924403346 1.1030868291854858 0.0005688455421477
2452297.670910915 1.0883923172950745 0.0005652280233334
2452297.7493814877 1.0653281211853027 0.0005598751013167
2452297.8285464826 1.0446037054061887 0.0005547138862311
2452297.90771147 1.0168858766555786 0.0005481950356625
2452297.98618202 0.9839065670967102 0.0005402420938479999
2452298.0646525626 0.9430508613586424 0.0005300770280882
2452298.143817527 0.9021126031875608 0.0005202747415751
2452298.222982485 0.8664983510971069 0.000511075486429
2452298.302147434 0.8485613465309142 0.0005063902353867
2452298.3806179473 0.8559959828853607 0.0005078935064374501
2452298.4590884526 0.8861520290374755 0.0005149075295776
2452298.5382533795 0.9273465871810912 0.0005250532994978
2452298.617418299 0.9689909815788268 0.0005348108825273
2452298.695888782 1.0050092935562134 0.0005427168507594
2452298.7743592574 1.0368014574050903 0.0005497278179973
2452298.853524154 1.0601820945739746 0.0005549167399294
2452298.9326890437 1.0812368392944336 0.000559534993954
2452299.0118539254 1.1034433841705322 0.0005643132026307
2452299.0903243707 1.1148036122322083 0.0005667127552442
2452299.1687948084 1.1274420022964475 0.0005693461862392
2452299.247959668 1.1364089250564575 0.0005707414238713
2452299.3271245193 1.1386574506759644 0.0005714573198929
2452299.4062893633 1.142481565475464 0.0005720243207179
2452299.4847597713 1.1400685906410217 0.0005712281272280499
2452299.562535743 1.1291391253471375 0.0005686068325303
2452299.643089421 1.1148241758346555 0.00056510249851265
2452299.7215598063 1.0980554819107056 0.0005609705112874
2452299.799335756 1.0714526176452637 0.0005557290860451
2452299.882667123 1.0430980920791624 0.0005499853286892
2452299.9576653456 1.0199635028839111 0.0005444918642751
2452300.0368301286 0.988672971725464 0.0005371136940084
2452300.115994904 0.9453510642051696 0.0005266034859232
2452300.194465244 0.8884954750537872 0.00051289494149385
2452300.2729355767 0.8291180133819581 0.0004980182275176
2452300.352100329 0.7767885327339171 0.0004843192582484
2452300.431265074 0.7421136498451234 0.000475681212265
2452300.5097353836 0.7428318560123444 0.00047588194138365
2452300.5882056854 0.7843945026397705 0.0004863848153036
2452300.6673704074 0.8532723188400269 0.0005035371868871
2452300.746535121 0.9277769327163696 0.0005221588071435
2452300.825699827 0.990089237689972 0.0005370590370148
2452300.9041700982 1.0351540446281433 0.00054746516980225
2452300.982640362 1.064315915107727 0.0005541502614505
2452301.0618050448 1.0859655141830444 0.000558991334401
2452301.1409697193 1.1037441492080688 0.0005635031266137
2452301.2201343863 1.1236289739608765 0.0005677591543644
2452301.2986046188 1.1421248316764832 0.0005716337473131
2452301.377074843 1.1587332487106323 0.000575236917939
2452301.456239486 1.1654117107391355 0.0005767029360868
2452301.535404121 1.1653600931167605 0.0005768425180576
2452301.613874322 1.1616630554199219 0.00057640811428425
2452301.692344514 1.1550850868225095 0.000574936333578
2452301.771509125 1.144578218460083 0.0005727518582716
2452301.8506737277 1.128328800201416 0.0005695739528164
2452301.9298383226 1.1105527877807615 0.0005658228183165
2452302.0083084824 1.0828226804733276 0.00055964675266295
2452302.0867786347 1.0559982061386108 0.0005538121331483
2452302.1659432044 1.0352039337158203 0.0005492776399478
2452302.2451077662 1.0097101926803589 0.0005437327199615
2452302.323577893 0.9716874659061431 0.0005351514846552001
2452302.402048012 0.9283869266510008 0.000524727278389
2452302.481212548 0.8835724592208862 0.0005141434958204
2452302.560377076 0.8495474457740783 0.0005059926770627
2452302.639541595 0.8428772687911987 0.0005044806748628
2452302.718011679 0.866983950138092 0.00051060391706405
2452302.796481755 0.9047194719314576 0.0005203381297178
2452302.875646248 0.9447158575057985 0.0005305103259161
2452302.954810732 0.9826529026031494 0.000539691071026
2452303.033975207 1.0124281644821167 0.0005469683092087
2452303.1124452474 1.034162163734436 0.0005522590072359499
2452303.1909152786 1.0552825927734375 0.000557213788852
2452303.2700797264 1.0705419778823853 0.0005613278481177
2452303.3492441643 1.085180163383484 0.0005650108796544
2452303.427714168 1.0980710983276367 0.0005679591267835
2452303.5061841626 1.1067267656326292 0.0005702968919649
2452303.585348572 1.1125088930130005 0.0005720786284655
2452303.664512972 1.1050878763198853 0.0005707975360564
2452303.743677362 1.098497986793518 0.0005695328582078
2452303.822147317 1.091744303703308 0.000568341667531
2452303.9006172623 1.0795444250106812 0.0005662225885316
2452303.979781622 1.0603853464126587 0.0005623004981316
2452304.058945971 1.036112904548645 0.0005575325340032
2452304.1374158855 1.014242172241211 0.0005529407062567001
2452304.216580213 0.9835354089736938 0.00054633000399915
2452304.295050106 0.9495789408683776 0.0005387184792198
2452304.3742144117 0.9108132719993592 0.0005302166100591
2452304.453378706 0.8602272272109985 0.00051831593737
2452304.5318485647 0.8044952750205994 0.00050462328363205
2452304.6103184125 0.7435428500175475 0.0004902767250314
2452304.689482671 0.7022814750671387 0.000479768787045
2452304.768646918 0.6936033368110657 0.0004783139738719
2452304.8478111518 0.7156161069869995 0.0004848879179917
2452304.9262809497 0.7697477638721466 0.0004986411076969999
2452305.004750735 0.8365619778633117 0.0005160056753084
2452305.083220507 0.8979310691356659 0.0005315489834174
2452305.1623846884 0.9493697285652161 0.0005436077481135
2452305.240854433 0.9773390293121338 0.0005509465700015
2452305.322101853 1.0006926655769348 0.0005569017084780499
2452305.3984883022 1.0236549377441406 0.00056205870350815
2452305.477652426 1.0414260625839233 0.0005667692457790999
2452305.5575109567 1.055524468421936 0.0005705776857212
2452305.6359806284 1.0639986395835876 0.00057277883752245
2452305.7144502853 1.0669207572937012 0.0005740516353398
2452305.792919928 1.066694736480713 0.00057444890262555
2452305.874167243 1.0621250867843628 0.000574653793592
2452305.9505535946 1.0638864040374756 0.0005744356312789
