2451438.110799685 0.9966891407966612 0.0004687414621002
2451438.1871896116 0.9971446394920348 0.0004627747402992
2451438.2635795353 0.9972188472747802 0.0004579713859129
2451438.339275 0.9967307448387144 0.00045548241178035
2451438.4170538182 0.996348112821579 0.00045337401388675
2451438.494138172 0.9962145388126374 0.00045317156764205
2451438.568444701 0.9962199330329895 0.00045317264448385
2451438.6455290304 0.99622905254364 0.0004532179154921
2451438.720529988 0.9965484738349912 0.0004532972234301
2451438.7969198376 0.9967119693756104 0.0004533584287855
2451438.872615221 0.996979296207428 0.0004533752216957
2451438.949005042 0.9976872801780701 0.0004535242624115
2451439.0267837546 0.9981460273265839 0.00045365093683354997
2451439.102479094 0.9984686970710752 0.0004537034837994
2451439.1788688716 0.9988877177238464 0.0004537704808171
2451439.2538697296 0.9990527033805848 0.0004538416687864
2451439.33095393 0.9989542365074158 0.00045378800132305
2451439.406649212 0.999136805534363 0.0004538317734841
2451439.483038931 0.999262511730194 0.0004538332868833
2451439.559428636 0.999134123325348 0.0004538849461823
2451439.635818327 0.999139070510864 0.0004538448120001
2451439.7122080033 0.9991237521171568 0.0004538433568086
2451439.7879032143 0.9991304576396942 0.00045388528087634997
2451439.8635984114 0.9992040991783142 0.000453841232229
2451439.9399880464 0.9991031289100648 0.000453838816611
2451440.0163776674 0.999241769313812 0.0004538783687166
2451440.0927672754 0.9996241927146912 0.0004539395449683
2451440.16915687 0.9999194741249084 0.0004539990331977
2451440.245546451 1.0002049207687376 0.0004540994705166
2451440.321241568 1.000202715396881 0.00045401342504185
2451440.396936672 0.9998627305030824 0.000453993154224
2451440.473326214 0.9967270493507384 0.0004533746687229
2451440.549715743 0.99993497133255 0.0004539799410849
2451440.626105259 1.000672698020935 0.0004541463567875
2451440.7024947624 1.0010956525802612 0.0004542293027043
2451440.778884253 1.0015896558761597 0.0004543289251159
2451440.8552737315 1.0022560358047483 0.0004544283729046
2451440.9309687475 1.0026829838752747 0.00045453853090285
2451440.999024807 1.0032393336296082 0.00045461283298205
2451441.083053193 1.0028731822967527 0.0004546178097371
2451441.1580537236 1.0032929182052612 0.0004547403077594
2451441.2344431407 1.0037530660629272 0.000454752735095
2451441.314999241 1.0034847259521484 0.0004547265125438
2451441.389305286 1.0034406781196594 0.00045472005149345
2451441.4643057697 1.003459095954895 0.00045470324403135
2451441.540695139 1.0033109784126282 0.00045470659097185
2451441.6191678424 1.0029305219650269 0.0004545916162896
2451441.693473843 1.0031319856643677 0.00045462869456964995
2451441.769168728 1.002997636795044 0.0004546660638879
2451441.845558051 1.0029239654541016 0.0004546164709609
2451441.923336258 1.0028655529022217 0.0004546297714114
2451441.9976422135 1.0027847290039062 0.0004545877309283
2451442.0740315015 1.0026373863220215 0.00045459007378660004
2451442.1497263303 1.0024545192718504 0.0004545722040347
2451442.2261155955 1.0022642612457275 0.0004545637057162
2451442.3025048496 1.0021353960037231 0.0004545088740997
2451442.3788940925 1.0018961429595947 0.0004544266848824
2451442.455283324 1.0014135837554932 0.0004543511313386
2451442.531672544 1.001389980316162 0.0004543620743788
2451442.607367306 1.0009798407554626 0.0004543460672721
2451442.683062056 1.000787377357483 0.0004543157119769
2451442.7594512436 1.0004061460494995 0.0004542886454146
2451442.835840419 0.9999676942825316 0.0004541802336461
2451442.912229584 0.999347686767578 0.000454083434306
2451442.988618737 0.998027801513672 0.0004537628556136
2451443.0650078803 0.998421311378479 0.0004538914945442
2451443.140702565 0.9978905916213989 0.00045374986075325
2451443.2163972394 0.9973948001861572 0.0004536466440185
2451443.2927863495 0.9969455003738404 0.0004535481857601
2451443.369175448 0.9964436292648317 0.0004534337494987
2451443.4455645364 0.9960803389549256 0.0004533839819487
2451443.5219536135 0.9956563115119934 0.000453277665656
2451443.59834268 0.9955822229385376 0.0004532704479061
2451443.674731735 0.9952935576438906 0.0004532273451332
2451443.7504263343 0.9956487119197843 0.0004533029423328
2451443.826120923 0.9957674741744996 0.0004533130559138
2451443.902509946 0.9960363507270814 0.0004533615137916
2451443.978898959 0.9964854121208192 0.0004534559266176
2451444.0657046414 0.9964388012886047 0.00045346978004085
2451444.1309825056 0.9969439208507538 0.00045358338684305
2451444.2094548214 0.9978366494178772 0.0004536998458206
2451444.2837604554 0.9983876645565033 0.0004538365465123
2451444.35945497 0.9987915158271788 0.0004538904759101
2451444.4358439175 0.9991987347602844 0.0004539793590083
2451444.5122328554 0.999195337295532 0.0004539489455055
2451444.5886217817 0.9995030760765076 0.0004540162044577
2451444.665010698 0.9993576407432556 0.0004539831425063
2451444.7413996034 0.9991734623908995 0.0004539532237686
2451444.817788498 0.9990351796150208 0.0004539453075267
2451444.8934829375 0.9987897276878356 0.00045390430022954997
2451444.969177367 0.9989407062530516 0.0004539306391961
2451445.04556623 0.9990098476409912 0.0004539628280326
2451445.121955082 0.9988466501235962 0.0004539629444479
2451445.198343924 0.999076783657074 0.0004539665824268
2451445.274732754 0.9993054270744324 0.0004540023510344
2451445.3511215746 0.9995757341384888 0.0004540536901913
2451445.42681594 0.999724268913269 0.00045413034968075003
2451445.5025102957 0.9998472929000854 0.0004541825328487
2451445.578899084 1.0000659227371216 0.0004541984235402
2451445.6552878614 1.00029456615448 0.0004542055539786
2451445.7316766283 1.0005532503128052 0.0004542869864962
2451445.808065384 1.0007296800613403 0.0004543509276118
2451445.88445413 1.001339554786682 0.0004544476687442
2451445.9608428646 1.0017646551132202 0.0004545397532638
2451446.0365371457 1.0025418996810913 0.0004546668933471
2451446.1122314166 1.0032737255096436 0.0004548462748061
2451446.188620119 1.0039553642272947 0.0004550172598101
2451446.2650088114 1.0043306350708008 0.000455063796835
2451446.341397492 1.0047909021377563 0.0004551403399091
2451446.417786163 1.0020761489868164 0.0004546205163933
2451446.4941748222 1.002769112586975 0.0004547751741483
2451446.5698690293 1.005440890789032 0.00045526192116079997
2451446.645563225 1.005345106124878 0.0004552715981844
2451446.7219518526 1.0051459074020384 0.0004552595491986
2451446.798340469 1.0048708915710447 0.0004551776219159
2451446.8747290745 1.0044444799423216 0.0004551095480564
2451446.9511176697 1.0041788816452026 0.0004550763405859
2451447.0198673955 1.0038170218467712 0.00045494145888365
2451447.103200385 1.0040143132209778 0.00045506819151339996
2451447.1788945054 1.0039461851119995 0.0004550708690658
2451447.2552830568 1.0037215948104858 0.0004550508747342
2451447.3316715974 1.00350284576416 0.0004550637677311
2451447.4080601265 1.0034900903701782 0.000455047993455
2451447.484448645 1.0031220912933347 0.0004550793964881
2451447.560837152 1.0028927326202393 0.000455016415799
2451447.6372256484 1.0024986267089844 0.0004549747100099
2451447.7129196925 1.0020538568496704 0.00045488942123479996
2451447.7886137264 1.0018121004104614 0.0004548403376247
2451447.8650021898 1.0014110803604124 0.0004548217402771
2451447.9413906415 1.000798583030701 0.000454764580354
2451448.0177790825 1.0005426406860352 0.0004547042481135
2451448.0941675124 1.0000263452529907 0.0004546174895949
2451448.170555931 0.9995046854019164 0.0004545689153019
2451448.2462498983 0.9992613196372986 0.00045455686631605
2451448.321943855 0.9989552497863768 0.0004545209812931
2451448.3983322405 0.9986292719841005 0.0004545201954897
2451448.474720614 0.9986577033996582 0.0004545786650851
2451448.5511089773 0.99837064743042 0.0004545995325315
2451448.627497329 0.998237371444702 0.0004546254349406
2451448.70388567 0.9982489943504332 0.0004546522395685
2451448.780273999 0.9983240962028505 0.0004547019198071
2451448.8559678784 0.9985294938087463 0.0004548001743387
2451448.9316617465 0.9985629320144652 0.0004548407159745
2451449.0080500436 0.9981393218040464 0.0004547983116935
2451449.08443833 0.9988850355148317 0.0004549328004941
2451449.160826605 0.99902206659317 0.0004550376033876
2451449.2372148703 0.9992122054100036 0.000455073750345
2451449.3136031246 0.9993011355400084 0.0004551173769868
2451449.389296931 0.9994773864746092 0.0004551560268737
2451449.464990727 0.9996259212493896 0.0004551153397187
2451449.5413789535 0.9994271397590636 0.0004551578313112
2451449.617767171 0.9990236759185792 0.0004550834419205
2451449.69415538 0.9987276792526244 0.0004550342564471
2451449.7705435823 0.9982322454452514 0.000454861583421
2451449.8469317774 0.9974941611289978 0.0004547255521174
2451449.9233199684 0.9972087740898132 0.0004546551790554
2451449.9941526516 0.9970560669898986 0.0004559180233627
2451450.0747074652 0.996883511543274 0.0004660058475565
2451450.1156793106 0.9968216121196747 0.00047237038961605
2451451.560115262 1.0028827786445618 0.0004636351804947
2451451.599698489 1.0031646490097044 0.0004608405288308
2451451.675392726 1.0030725598335266 0.0004575196362566
2451451.7503925124 1.0030362606048584 0.00045541173312805
2451451.827475616 1.00288188457489 0.0004551564343273
2451451.9031698224 1.0024816393852234 0.0004550241137621
2451451.9795584586 1.0023471117019653 0.00045501829299605
2451452.058724848 1.0015621781349182 0.00045483144640455
2451452.133724572 1.0013453364372253 0.00045479828258974996
2451452.209418723 1.0010575056076048 0.0004547749122139
2451452.2851128587 1.0008930563926697 0.00045470974873745
2451452.36080698 0.9994562864303588 0.0004544932744465
2451452.437889969 0.9968834221363068 0.0004539341607596
2451452.51358406 1.0001138448715208 0.0004545391420833
2451452.5899725775 1.0005558729171753 0.0004546024720184
2451452.66636108 1.0003938674926756 0.0004545983974821
2451452.742749567 1.0005735158920288 0.000454656954389
2451452.8184435996 1.0005480647087097 0.0004546386917354
2451452.8941376177 1.0007306337356567 0.0004546540731098
2451452.9705260615 1.000942945480347 0.0004547022108454
2451453.046914491 1.0008075237274168 0.0004546547716017
2451453.1233029063 1.0008569955825803 0.0004546610580291
2451453.1996913077 1.000510811805725 0.0004545784613583
2451453.2760796947 1.0000855922698977 0.0004545179544948
2451453.3524680687 0.9999253749847412 0.0004544337571132
2451453.428161989 0.9995338320732117 0.0004543654940789
2451453.503855896 0.9991428256034852 0.0004542939714156
2451453.5802442296 0.9989084601402282 0.0004542540118563
2451453.6566325496 0.9984743595123292 0.0004541820671875
2451453.733020857 0.998235523700714 0.0004541591333691
2451453.809409151 0.9979594945907592 0.0004541394300758
2451453.885797432 0.9978439807891843 0.0004541345697361
2451453.961491261 0.9978989362716675 0.0004541275266092
2451454.0371850785 0.9978352189064026 0.0004541199596133
2451454.1135733216 0.9979262351989746 0.0004541842499747
2451454.1899615526 0.9979729652404784 0.0004542517417576
2451454.2663497706 0.9981337189674376 0.0004542016540654
2451454.342737977 0.9982162117958068 0.0004541217349469
2451454.419126171 0.998764395713806 0.0004542687966022
2451454.4955143523 0.9993054270744324 0.0004543260729406
2451454.5656525814 0.9998773038387299 0.0004543952672975
2451454.64829068 1.0006536245346067 0.0004546499985735
2451454.7232899503 1.0010323524475095 0.000454679277027
2451454.799678084 1.001315951347351 0.0004547493590507
2451454.8760662065 1.0015571117401123 0.0004547558492049
2451454.952454317 1.000499248504639 0.0004545805568341
2451455.028842416 1.001597881317139 0.0004547743301372
2451455.1045360668 1.0013337135314941 0.0004547155112959
2451455.1802297053 1.0010392665863037 0.0004546729614958
2451455.25661777 1.0011589527130127 0.0004546809650491
2451455.3330058227 1.0005759000778198 0.0004545545962173
2451455.409393865 1.0002940893173216 0.0004545209812931
2451455.485781895 1.0000284910202026 0.0004544422845356
2451455.5621699146 0.9998304843902588 0.0004544674011413
2451455.638557922 0.9995720982551576 0.0004543941468
2451455.714251483 0.999226152896881 0.00045429186138785
2451455.7899450324 0.9992808699607848 0.0004543334653135
2451455.866333007 0.9995070695877076 0.0004543505783658
2451455.9427209706 0.9992390871047973 0.0004543424583971
2451456.019108923 0.9991847872734068 0.0004543180693872
2451456.095496865 0.9993571639060974 0.0004543591057881
2451456.171884795 0.9992092847824096 0.0004543497052509
2451456.2475782796 0.999389410018921 0.0004543653631117
2451456.323271753 0.9996961355209352 0.0004544173716567
2451456.3996596513 0.9999440908432008 0.0004544351249933
2451456.4760475387 1.0001548528671265 0.0004544936527963
2451456.552435415 1.0003334283828735 0.0004545644624158
2451456.628823281 1.0005470514297483 0.000454582448583
2451456.7052111356 1.0008692741394043 0.0004546469426713
2451456.7809045445 1.0006778240203855 0.0004546129493974
2451456.856597943 1.0006715059280396 0.0004545662377495
2451456.9329857663 1.0005335807800293 0.0004545938863884
2451457.0093735787 1.000483155250549 0.0004545257834251
2451457.0857613804 1.0003836154937744 0.0004545776755549
2451457.1621491713 0.9998310208320615 0.0004544584662653
2451457.2385369516 0.9993243813514708 0.0004543516843114
2451457.3149247216 0.9990673065185546 0.0004543108225334
2451457.3906180463 0.9986942410469053 0.00045425278949545
2451457.466311361 0.998642325401306 0.0004542289825621
2451457.542699099 0.9987487196922302 0.0004542182432487
2451457.623947864 0.9990376234054563 0.0004544133407762
2451457.695474544 0.9993764758110046 0.0004544117546174
2451457.7718622508 0.9994690418243408 0.0004544297407846
2451457.8482499467 0.9997516870498656 0.0004545059928204
2451457.923943199 0.9997655153274536 0.00045454986684484997
2451457.999636441 1.0000100135803225 0.000454595166957
2451458.0760241053 1.000267744064331 0.0004546568961814
2451458.15241176 1.000350832939148 0.0004546192067209
2451458.2287994036 1.0005100965499876 0.0004546339041553
2451458.305187037 1.0004125833511353 0.000454658846138
2451458.3815746596 0.997456967830658 0.0004541031667031
2451458.457962272 0.999228239059448 0.0004543761315289
2451458.5336554414 1.0005419850349426 0.00045462460548144996
2451458.6093486003 1.0003573894500732 0.0004546395794022
2451458.6857361817 0.9999315738677976 0.0004545646952465
2451458.7621237524 0.9997905492782592 0.0004545289848465
2451458.838511313 0.999792218208313 0.0004545651027001
2451458.914898862 0.9997332096099852 0.0004545257543213
2451458.9912864016 0.999830901622772 0.0004545539268292
2451459.0669794986 0.9998117387294769 0.00045452128688335
2451459.1426725853 1.0000346899032593 0.0004545911215245
2451459.219060093 1.0001428127288818 0.0004546524432953
2451459.2954475908 1.0002447366714475 0.0004546512209344
2451459.371835078 1.0003303289413452 0.0004546577692963
2451459.4482225543 1.0007930994033811 0.0004547389980871
2451459.5246100207 1.0009262561798096 0.0004547739808913
2451459.600997476 1.001309514045715 0.0004548479919321
2451459.67669049 1.0016062259674072 0.00045490894990505
2451459.7523834934 1.00182044506073 0.0004550425219349
2451459.828770918 1.0022346973419187 0.0004551118181552
2451459.905158331 1.0026118755340576 0.0004552225000225
2451459.981545734 1.0029916763305664 0.0004552702594082
2451460.0579331266 1.0030726194381712 0.0004552812024485
2451460.134320508 1.003114342689514 0.0004552237514872
2451460.2107078796 1.0029969215393066 0.0004552679893095
2451460.2864008094 1.0026236176490784 0.00045513322402255
2451460.3620937294 1.0024101734161377 0.0004550771554931
2451460.4384810682 1.0019088983535769 0.0004550083249341
2451460.5148683973 1.0013881921768188 0.0004548862634692
2451460.586394705 1.0012067556381226 0.0004549033619696
2451460.6676430223 1.0014967918395996 0.0004549371369648
2451460.744030319 1.001144289970398 0.0004549059085547
2451460.819723175 1.0008200407028198 0.00045486060844264996
2451460.89541602 1.0003107786178589 0.0004547306452877
2451460.9718032843 1.0003464221954343 0.0004547172866296
2451461.0481905374 1.0002635717391968 0.0004547156859189
2451461.12457778 0.9999575018882751 0.0004546788113657
2451461.2009650115 0.9998610019683836 0.0004546585259959
2451461.277352232 0.999492645263672 0.0004546273557934
2451461.353739442 0.9995403885841369 0.0004545787523966
2451461.4294322114 0.999436765909195 0.0004546017153188
2451461.5051249703 0.999520480632782 0.0004545917618088
2451461.581512147 0.998977482318878 0.0004545657720882
2451461.6578993127 0.9992077350616456 0.0004545534902717
2451461.734286467 0.9994893670082092 0.0004546441195998
2451461.810673611 0.9995433092117308 0.0004546714480966
2451461.887060743 0.9998679161071776 0.0004547132703009
2451461.9627534356 0.9998723864555359 0.00045474189391820003
2451462.0384461177 0.9999404549598692 0.0004547890275716
2451462.1148332166 1.0000088214874268 0.0004547646094579
2451462.1912203045 1.0000133514404297 0.0004547864373307
2451462.267607381 0.9997260570526124 0.0004547153366729
2451462.3439944466 0.9994398951530457 0.0004546461859717
2451462.4203815004 0.9989566206932068 0.0004545962729025
2451462.4967685435 0.9985831379890442 0.0004545306437648
2451462.572461148 0.9981508553028107 0.00045443521230480004
2451462.648153742 0.9978229403495787 0.0004543328250292
2451462.724540752 0.997484803199768 0.0004542991227936
2451462.8009277517 0.9973779916763305 0.0004543319519143
2451462.8773147403 0.9975918531417848 0.0004543188842944
2451462.9537017187 0.9976323246955872 0.0004543677496258
2451463.0300886873 0.9984205961227418 0.000454512250144
2451463.105781219 0.9987818300724027 0.00045462012349155
2451463.181473742 0.9990360736846924 0.0004546456912066
2451463.257860683 0.9991877079010008 0.0004547064309008
2451463.3342476166 0.9996178746223447 0.0004547951975837
2451463.4106345433 0.9995723366737364 0.0004547701100818
2451463.4870214644 0.999634563922882 0.0004548543365672
2451463.558547396 0.9997052550315857 0.0004549653822323
2451463.6397952978 1.0009700059890747 0.0004619335231836
2451463.6911828597 1.0030596256256104 0.0004702489532064
2452174.2500897595 1.0010848641395569 0.00044653457007365
2452174.303562304 0.9998760223388672 0.0004463279910851
2452174.37925719 0.9981622993946075 0.00044603549758899996
2452174.454952059 0.996651828289032 0.0004457476898096
2452174.5313413586 0.9951809644699096 0.0004454877926036
2452174.607730641 0.9937474727630616 0.0004452207649592
2452174.6841199067 0.9926449060440063 0.0004449771658983
2452174.760509156 0.9914483428001404 0.0004447673272807
2452174.8368983893 0.9904837012290952 0.0004445829545147
2452174.913287607 0.989480197429657 0.0004443854268174
2452174.9889823617 0.9888918697834015 0.00044426048407325005
2452175.0646771016 0.9883593916893004 0.0004441214259713
2452175.141066273 0.9879981875419616 0.0004440832417458
2452175.2174554304 0.9879407286643982 0.0004440305347088
2452175.2938445723 0.98791366815567 0.0004439985204953
2452175.3702337 0.9869860410690308 0.0004438382165972
2452175.4466228136 0.984506905078888 0.0004433777066878
2452175.5223174673 0.989022433757782 0.0004441887867869
2452175.598012107 0.9901729822158812 0.0004444359801709
2452175.6744011794 0.9910993576049804 0.0004446606908459
2452175.750790238 0.9922047853469848 0.0004448428808245
2452175.827179283 0.9933795928955078 0.0004450943961273
2452175.9035683144 0.9942109584808348 0.0004452745779417
2452175.9799573333 0.995175004005432 0.0004454303416423
2452176.0563463387 0.9959386587142944 0.0004456063325051
2452176.132040886 0.9967254102230072 0.00044571087346405
2452176.2077354216 0.9971427917480468 0.0004457729519344
2452176.2841243893 0.9973706603050234 0.0004458189650904
2452176.360513344 0.9973958134651184 0.0004458403564058
2452176.4369022865 0.9972872734069824 0.0004457747854758
2452176.5132912165 0.996953785419464 0.0004456798487808
2452176.589680134 0.9963782429695128 0.0004455455346032
2452176.665374595 0.9958761632442474 0.00044545994023784997
2452176.741069045 0.9954565167427064 0.0004454044974409
2452176.8174579265 0.995087206363678 0.0004453512374311
2452176.8938467964 0.9949124455451964 0.0004452871799003
2452176.970235654 0.994736850261688 0.0004452495195437
2452177.0466245003 0.994778037071228 0.0004452298453543
2452177.123013335 0.994842767715454 0.0004452735884115
2452177.199402157 0.9953989386558532 0.0004453762667253
2452177.2750965245 0.9958058595657349 0.00044550655002234996
2452177.350790881 0.9967681765556335 0.0004456847091205
2452177.4264852256 0.9978658854961395 0.0004458773473743
2452177.5035684463 0.9991819262504577 0.0004461400967556
2452177.5799572114 1.0008299350738523 0.000446431338787
2452177.656345966 1.0024299621582031 0.000446741702035
2452177.7327347086 1.004341721534729 0.0004470975254662
2452177.8084289976 1.0059066414833069 0.0004474119341466
2452177.884123275 1.007612705230713 0.0004477218026295
2452177.960511985 1.0086625814437866 0.0004478601040318
2452178.0369006833 1.0114667415618896 0.0004483918892219
2452178.1132893707 1.01336932182312 0.0004488104314077
2452178.1896780473 1.0150508880615234 0.0004491185827646
2452178.266066713 1.0163404941558836 0.0004493770538829
2452178.341760925 1.0174729228019714 0.0004495886387303
2452178.4174551265 1.0181570053100584 0.0004497057234402
2452178.4938437594 1.0185388326644895 0.0004498066264204
2452178.5702323816 1.0184218883514404 0.0004497854388318
2452178.646620993 1.018138766288757 0.0004497192567214
2452178.723009594 1.017566442489624 0.0004495873290579
2452178.799398184 1.0166189670562744 0.0004494577297009
2452178.875786763 1.0154184103012085 0.0004491917497944
2452178.9514808897 1.0142549276351929 0.00044898006308354997
2452179.0271750065 1.0127348899841309 0.0004486469260882
2452179.103563554 1.0111063718795776 0.0004483460215851
2452179.1799520906 1.008745789527893 0.0004478835617192
2452179.256340617 1.0064340829849243 0.0004474820452742
2452179.332729133 1.0042042732238767 0.0004470401327125
2452179.4091176377 1.0020822286605835 0.000446617254056
2452179.479950606 0.9996336102485656 0.0004461799398995
2452179.560505735 0.9975326657295228 0.0004457785107661
2452179.636894209 0.9955469965934752 0.0004454222216736
2452179.713282672 0.9934946894645692 0.0004450390988495
2452179.7896711254 0.991925299167633 0.0004447195387911
2452179.866059568 0.9907948970794676 0.0004444758524186
2452179.942448 0.9895021915435792 0.0004442546342033
2452180.018836422 0.988985240459442 0.0004441496566869
2452180.0945303934 0.988188236951828 0.00044397426245265
2452180.170224354 0.9875324368476868 0.0004438578325789
2452180.246612745 0.98698228597641 0.0004437498573679
2452180.3230011254 0.9870019555091858 0.0004437454917933
2452180.3993894956 0.9869365692138672 0.0004437576280906
2452180.4757778556 0.9872081875801086 0.0004437791358213
2452180.552166205 0.9873984456062316 0.0004438362957444
2452180.6278601047 0.9878521263599394 0.00044394844735505003
2452180.7035539947 0.9883603453636168 0.0004440621123649
2452180.7799423137 0.9891001582145692 0.0004441973869688
2452180.856330622 0.9901238679885864 0.000444406614406
2452180.9327189205 0.9911586642265322 0.0004445870872586
2452181.0091072083 0.9920693635940552 0.0004447501269169
2452181.0854954864 0.9930272102355956 0.0004449518746696
2452181.161883754 0.994161069393158 0.0004451655840966
2452181.2375775725 0.9949537217617035 0.00044530336163
2452181.3132713814 0.9953615069389344 0.0004453964938875
2452181.3896596185 0.9924391508102418 0.0004448723921086
2452181.4660478453 0.994754672050476 0.0004452892171684
2452181.542436062 0.9968205094337464 0.0004456526366993
2452181.6188242687 0.996876060962677 0.0004456909955479
2452181.695212465 0.9968900084495544 0.0004456583410501
2452181.7709062127 0.996223121881485 0.00044554450141725003
2452181.846599951 0.9962430000305176 0.0004455365415196
2452181.9229881167 0.995746910572052 0.0004454524314496
2452181.9993762723 0.9956770539283752 0.0004454755980987
2452182.0757644176 0.9958845376968384 0.0004454627924133
2452182.152152553 0.9959751963615416 0.0004454809532035
2452182.228540678 0.9960954189300536 0.0004455208254512
2452182.304928793 0.996595621109009 0.000445619050879
2452182.3806224605 0.9971199631690979 0.0004457026079762
2452182.4563161177 0.997549831867218 0.0004458028415683
2452182.5327042025 0.9983900785446168 0.0004460142517928
2452182.6090922765 0.9991658926010132 0.0004461265343707
2452182.685480341 1.0002636909484863 0.0004463342193048
2452182.761868395 1.0013946294784544 0.0004465599486138
2452182.8382564387 1.0030196905136108 0.0004469212144613
2452182.9139500353 1.0041305422782898 0.0004471293941605
2452182.9896436227 1.005631923675537 0.0004474819579627
2452183.066031636 1.0071595907211304 0.000447743514087
2452183.1424196395 1.008701205253601 0.0004480415373109
2452183.2188076326 1.01024329662323 0.0004483702068682
2452183.295195616 1.012042999267578 0.0004486959951464
2452183.3715835884 1.0135418176651 0.0004489805141929
2452183.447971551 1.014758825302124 0.0004492668958846
2452183.523665068 1.015962839126587 0.00044950525625600004
2452183.599358575 1.0170475244522097 0.0004497029585763
2452183.6757465075 1.0178033113479614 0.0004498441703617
2452183.75213443 1.0182032585144043 0.0004499618371482
2452183.8285223427 1.0180909633636477 0.0004500034847296
2452183.904910245 1.0176918506622314 0.0004498436173889
2452183.9812981375 1.0173487663269043 0.0004498740890994
2452184.0569915846 1.0166112184524536 0.0004497683839872
2452184.1326850224 1.0154579877853391 0.0004496133769862
2452184.2090728856 1.0144038200378416 0.0004494249005801
2452184.285460739 1.0126574039459229 0.0004491293511819
2452184.3618485825 1.01093852519989 0.000448819308076
2452184.4382364163 1.009259819984436 0.0004485210229177
2452184.5146242403 1.007360339164734 0.0004482436634134
2452184.5910120555 1.0053460597991943 0.0004478995688259
2452184.6667054263 1.003753662109375 0.0004476257890928
2452184.7423987887 1.0019710063934326 0.000447434518719
2452184.8187865764 0.9999186992645264 0.000447102531325
2452184.8951743552 0.9986589550971984 0.0004469392006285
2452184.9715621257 0.997069537639618 0.000446758873295
2452185.047949888 0.9953554272651672 0.0004465642268769
2452185.1243376425 0.9937930703163148 0.0004464308731257
2452185.2000309555 0.9927228391170502 0.0004463715013116
2452185.275724262 0.9920685291290284 0.0004464638768695
2452185.352111996 0.99126136302948 0.0004465290694497
2452185.4284997247 0.9909614920616148 0.000446718011517
2452185.5048874486 0.9903643131256104 0.0004475433961488
2452185.5812751693 0.9902521967887878 0.0004519602807704
2452185.6576628876 0.9901959896087646 0.00045708680409
2452185.713912025 0.9902878999710083 0.0004626489098882
2452187.2576442296 0.9937575459480285 0.0004510309663601
2452187.3340325574 0.9916773438453672 0.0004453349392861
2452187.4104208695 0.9902562499046323 0.0004450037667993
2452187.4861147236 0.9941514134407043 0.0004456502356333
2452187.561808558 0.994495153427124 0.0004456144524738
2452187.63819681 0.9950594902038574 0.0004456633469089
2452187.7145850407 0.9956980943679808 0.000445676036179
2452187.790973249 0.9966912269592284 0.0004457928007468
2452187.8673614357 0.9976022839546204 0.0004458866897039
2452187.943749601 0.999042510986328 0.0004460545605979
2452188.019443308 1.0000317096710205 0.00044626067392525
2452188.0958314324 1.0013598203659055 0.00044650620839089997
2452188.1715250984 1.00257408618927 0.0004466566606424
2452188.2479131827 1.0040271282196045 0.0004469316336326
2452188.324301247 1.0053735971450803 0.0004471926367841
2452188.4006892927 1.0070043802261353 0.0004474889719858
2452188.47707732 1.0084587335586548 0.0004477783804759
2452188.553465329 1.009907364845276 0.0004480236966628
2452188.6291588848 1.0114983916282654 0.00044831671402785
2452188.704852423 1.0125554800033567 0.0004485436074901
2452188.781240381 1.0136399269104004 0.0004487912810873
2452188.857628322 1.0146692991256712 0.0004489465500228
2452188.934016247 1.015153169631958 0.0004490299033932
2452189.0104041556 1.0153818130493164 0.0004490460851229
2452189.086792049 1.0155785083770752 0.0004491114232223
2452189.1631799266 1.0153112411499023 0.0004490063001867
2452189.238873354 1.0144675970077515 0.00044883877853860003
2452189.314566767 1.0135797262191772 0.0004487176192924
2452189.3909546 1.0127733945846555 0.0004484866803977
2452189.467342419 1.0112100839614868 0.0004481851065065
2452189.5437302236 1.009892821311951 0.0004479434865061
2452189.620118014 1.0081135034561155 0.0004475898458622
2452189.6965057906 1.0063632726669312 0.000447225436801
2452189.772199119 1.004641056060791 0.00044690618233285
2452189.8478924343 1.002732515335083 0.0004465372476261
2452189.924280171 0.9998337626457214 0.0004460233612917
2452190.0006678933 0.9995011687278748 0.0004458987968973
2452190.0770556033 0.9977266192436216 0.0004455705638974
2452190.1534433 0.9962028264999389 0.0004452884604688
2452190.229830984 0.9944573640823364 0.0004449525440577
2452190.3062186553 0.9933939576148986 0.0004447316459845
2452190.381911881 0.992267906665802 0.0004444893274921
2452190.457605094 0.9911898374557496 0.0004442747158464
2452190.533992728 0.9906593561172484 0.0004441483470145
2452190.61038035 0.9900807142257688 0.000444028613856
2452190.68676796 0.9896354675292968 0.0004439736949279
2452190.7631555577 0.989578664302826 0.0004439205513335
2452190.8395431433 0.9893187284469604 0.0004439250333234
2452190.9152362845 0.989454835653305 0.0004439160693436
2452190.9909294145 0.9896925687789918 0.0004439146723598
2452191.0673169647 0.989589512348175 0.0004439056792762
2452191.143704504 0.9898822903633115 0.0004439350450411
2452191.2200920307 0.990191340446472 0.0004439768672455
2452191.296479547 0.9903593659400942 0.0004440584161784
2452191.372867051 0.990686058998108 0.0004440571938175
2452191.449254544 0.9909018874168398 0.0004441309138201
2452191.524947594 0.9912110865116117 0.00044417360913935
2452191.600640633 0.9916184544563292 0.0004442593781277
2452191.6770280926 0.9917746186256408 0.000444273056928
2452191.7534155413 0.9920356869697572 0.0004443194193299
2452191.8298029783 0.9919140934944154 0.0004442822246346
2452191.9061904047 0.9920833110809326 0.0004443726502358
2452191.98257782 0.9922304749488832 0.0004443197685759
2452192.0582707934 0.991955101490021 0.000444317862275
2452192.1339637563 0.9917621612548828 0.0004442087956704
2452192.2103511393 0.9918193221092224 0.0004442862409632
2452192.2867385116 0.9913069605827332 0.0004442145582288
2452192.363125873 0.9911978244781494 0.0004441307974047
2452192.4395132237 0.9910584688186644 0.0004441002092789
2452192.5159005634 0.9913339614868164 0.0004441062919795
2452192.592287893 0.9919520020484924 0.0004442681383807
2452192.6679807818 0.9925822913646698 0.00044438270560925
2452192.74367366 0.9931057691574096 0.0004445393569767
2452192.820060958 0.993740141391754 0.0004446718085091
2452192.8964482453 0.9947962760925294 0.0004448739346116
2452192.9728355226 0.9957507848739624 0.0004450116539373
2452193.0492227892 0.9971951246261596 0.0004452473076526
2452193.125610045 0.9982500672340392 0.0004455028683878
2452193.201302862 0.9995982050895691 0.00044575182255355
2452193.2769956677 0.9999920725822448 0.0004458318871911
2452193.3533828934 0.998354375362396 0.0004455639282241
2452193.4297701083 1.0028361082077026 0.0004463355871848
2452193.511018317 1.004970908164978 0.00044691019866145
2452193.582544508 1.006178855895996 0.0004471697320695
2452193.6589316926 1.007609248161316 0.0004474159504752
2452193.7353188666 1.0089874267578125 0.0004476795729715
2452193.811011602 1.0103313326835632 0.0004479614581214
2452193.8867043275 1.011641263961792 0.0004482123767957
2452193.963091471 1.012667179107666 0.0004484188684727
2452194.039478605 1.0138689279556274 0.0004486524267122
2452194.115865729 1.0147340297698977 0.0004487900005187
2452194.1922528427 1.0152604579925537 0.0004488967824727
2452194.2686399464 1.0155675411224363 0.0004489293787628
2452194.3443326117 1.0153221487998962 0.00044887709373135
2452194.420025267 1.0147650241851809 0.0004487756523303
2452194.496412341 1.0141705274581907 0.0004486327816266
2452194.5727994046 1.0130988359451292 0.0004484652890823
2452194.6491864584 1.0118131637573242 0.000448239268735
2452194.7255735025 1.0103825330734253 0.000447950529633
2452194.8019605363 1.009064555168152 0.0004476497415453
2452194.87834756 1.0074142217636108 0.0004473253793548
2452194.9540401464 1.0059022307395935 0.0004470136336749
2452195.0297327237 1.0043246746063232 0.0004467576218303
2452195.106119718 1.0025863647460935 0.0004464297671802
2452195.182506702 1.0010186433792114 0.0004461044736672
2452195.2588936766 0.999740093946457 0.00044588571472555004
2452195.335280641 0.9982267022132872 0.0004455744056031
2452195.4116675956 0.9970639348030088 0.0004453368601389
2452195.4873601133 0.9958413541316987 0.00044504125253295003
2452195.563052622 0.9947210550308228 0.0004448273393791
2452195.639439547 0.9940083026885984 0.0004446553939487
2452195.7158264625 0.9930455088615416 0.0004444852529559
2452195.7922133678 0.9926151633262632 0.0004443765501491
2452195.8686002637 0.9908963441848756 0.0004440333868842
2452195.9449871494 0.991822838783264 0.0004442348727025
2452196.0213740254 0.9914750456809996 0.0004441600176505
2452196.097066465 0.9914337992668152 0.00044416770106174997
2452196.1727588954 0.9914364218711852 0.0004441798373591
2452196.249145742 0.9913435578346252 0.000444177625468
2452196.325532579 0.9914643764495848 0.0004441500641405
2452196.401919406 0.9917600154876708 0.0004441912460606
2452196.4783062227 0.9918482899665833 0.0004442257049959
2452196.55469303 0.992135524749756 0.0004442791396286
2452196.6303854017 0.9922740161418915 0.00044428714318195004
2452196.7060777643 0.9924724698066713 0.0004443376383278
2452196.782464542 0.992612600326538 0.0004444009682629
2452196.8588513103 0.9926600456237794 0.0004444296355359
2452196.9352380685 0.9928926825523376 0.0004444187507033
2452197.011624817 0.9929403066635132 0.0004444578662514
2452197.0880115554 0.9927977919578552 0.0004444605438038
2452197.164398284 0.9928221702575684 0.0004444659571163
2452197.240090578 0.9926460087299347 0.00044442550279195003
2452197.3157828627 0.9925566315650942 0.0004443797806743
2452197.392169562 0.9924275875091552 0.0004443285288289
2452197.468556252 0.9919828176498412 0.0004442434292286
2452197.5449429313 0.9914339184761048 0.0004441592900548
2452197.6213296014 0.9912980198860168 0.0004440751508809
2452197.6977162617 0.9912087321281432 0.0004440267512109
2452197.773408488 0.9913991689682007 0.00044407680979924996
2452197.849100705 0.9915132522583008 0.0004441474447958
2452197.9254873353 0.991779327392578 0.0004441950004547
2452198.0018739565 0.992841839790344 0.0004443877842277
2452198.0782605675 0.9938538670539856 0.0004445574595592
2452198.154647169 0.995010793209076 0.0004447865067049
2452198.231033761 0.9963668584823608 0.0004450077831279
2452198.3074203436 0.9977657794952391 0.0004453059227671
2452198.383112493 0.9988787472248077 0.00044556628563435
2452198.4588046325 1.000500440597534 0.0004458472249098
2452198.535191186 1.0018861293792725 0.0004461541830096
2452198.61157773 1.003416895866394 0.0004464159428607
2452198.6879642643 1.0052801370620728 0.0004467855324037
2452198.7643507896 1.0066324472427368 0.0004470303538255
2452198.8407373056 1.0083483457565308 0.0004473616718314
2452198.9164293893 1.0099721550941467 0.00044773452100335003
2452198.9921214646 1.011452317237854 0.0004480183124542
2452199.068507953 1.012855052947998 0.0004483034135773
2452199.1448944337 1.0143508911132812 0.0004485426179599
2452199.2212809054 1.0151566267013548 0.0004486984980758
2452199.297667369 1.0131714344024658 0.0004483514640014
2452199.374053824 1.0136164426803589 0.0004484683449845
2452199.4504402727 1.017184138298035 0.000449092593044
2452199.526132291 1.0171721577644348 0.0004490996070671
2452199.601824304 1.0171313285827637 0.0004490776336751
2452199.678210733 1.0160721540451048 0.0004488923295866
2452199.7545971572 1.0153210163116455 0.0004487830738071
2452199.8309835778 1.0139764547348022 0.000449428538559
2452199.9073699955 1.0122829675674438 0.0004527890996541
2452199.9837564128 1.0109423398971555 0.0004573183250613
2452200.060142831 1.0093228816986084 0.0004654778458643
