2451354.1528037814 0.8557929694652557 0.00051572651136665
2451354.22849868 1.1598721742630005 0.0005897125229239
2451354.3041935563 0.7672886848449707 0.0004922634980175
2451354.379888413 1.1604108810424805 0.0005897030932828
2451354.4562776983 0.849105954170227 0.0005141003639437
2451354.531972518 1.1580910682678223 0.00058934735716315
2451354.6076673223 0.9156969785690308 0.0005312857101671
2451354.6833621105 1.0708454251289368 0.0005691594269592
2451354.759056884 1.0950188636779783 0.0005749234114773
2451354.8354460914 0.9715840816497802 0.0005454426864162
2451354.910446391 1.1478140354156494 0.0005871300818398
2451354.9868355724 0.7766999006271361 0.0004949600552208
2451355.062530295 1.1598776578903198 0.00058993740822185
2451355.1382250064 0.8505278825759887 0.0005148163763806
2451355.214614154 1.161943793296814 0.0005903795245103
2451355.2903088443 0.7662686705589294 0.0004922401567455
2451355.3660035236 1.1177901029586792 0.0005803135572932
2451355.443087086 1.0157033205032349 0.0005560674471780001
2451355.5180873 1.0566626191139221 0.0005660717142745
2451355.593781951 1.1016801595687866 0.0005765376263298
2451355.669476592 0.8513037860393524 0.0005151966179254999
2451355.7444767784 1.1605544686317444 0.0005901435215491
2451355.8215602944 0.853876531124115 0.0005156337865628
2451355.8972549094 1.162093698978424 0.00059047571266995
2451355.9729495165 0.7726658582687379 0.0004942950909025
2451356.0486441148 1.1607166528701782 0.0005903186392969999
2451356.1250331504 0.9162668585777282 0.00053176959045225
2451356.198644395 1.1051522493362427 0.00057745075901035
2451356.278505642 1.0204513072967527 0.0005571850924752
2451356.353505762 0.9959535002708436 0.0005514805088751
2451356.428505874 1.144469141960144 0.000586558249779
2451356.5035059783 0.841338276863098 0.0005126458127051
2451356.579894965 1.1602327823638916 0.0005901656695641
2451356.6604506164 0.8041902780532837 0.000502796145156
2451356.731284026 1.1635764837265017 0.000590871903114
2451356.80767299 0.8556721210479736 0.0005163495079614
2451356.883367501 1.1563801765441895 0.0005893595225643
2451356.95975645 0.9175740480422971 0.00053225396550255
2451357.034756501 1.0668798089027405 0.00056862912606445
2451357.1104509896 1.1028869152069092 0.0005772045115008
2451357.186839916 0.9625830054283142 0.0005436050705611
2451357.2625343893 1.1498907804489136 0.0005881378892809001
2451357.3389233006 0.7767585813999176 0.00049546005902805
2451357.41461776 1.163209319114685 0.0005909758037887
2451357.4903122117 0.8485685884952545 0.0005144768510945
2451357.564617767 1.1603507995605469 0.0005904174759052
2451357.641701093 0.7771481573581696 0.0004955591866746001
2451357.718089967 1.1189162135124207 0.00058086571516465
2451357.7937843897 1.0303367376327517 0.0005597856943495
2451357.869478805 1.0520610213279724 0.000565205438761
2451357.943784325 1.114678978919983 0.0005797693156637
2451358.022256502 0.85970339179039 0.0005175459955352501
2451358.0965620084 1.1644814014434814 0.0005910906475037
2451358.172950839 0.8511912822723389 0.0005153025267645
2451358.2486452186 1.1638233065605164 0.00059112979215565
2451358.324339591 0.7707490324974061 0.0004939173813909
2451358.4007284 1.160662293434143 0.000590477255173
2451358.476422758 0.927203357219696 0.0005347911210264501
2451358.5521171093 1.1115490198135376 0.0005791166331619
2451358.6278114533 1.0492892265319824 0.00056479670456605
2451358.7042002333 0.9824492335319519 0.0005483602581079501
2451358.779200121 1.1523960828781128 0.00058854868984775
2451358.85628333 0.8500154614448547 0.0005150790675543
2451358.9312832025 1.1605228185653689 0.0005905904690735
2451359.0069775116 0.7677401602268219 0.0004931416478939
2451359.0833662567 1.1648857593536377 0.00059147982392455
2451359.163921653 0.8248064517974854 0.0005086241581011
2451359.2347548394 1.156726062297821 0.00058963897754435
2451359.3097546776 0.948713332414627 0.0005403315299190501
2451359.3868378373 1.0668199062347412 0.0005689783720299
2451359.462532105 1.10699462890625 0.0005784113600383501
2451359.538226365 0.9571157097816468 0.0005424444098025
2451359.613226176 1.1567670106887815 0.0005897987866774
2451359.6896148645 0.7774818539619447 0.0004958343924954
2451359.766003547 1.1651933193206787 0.0005917660309933
2451359.8416977795 0.8504630625247955 0.0005153676029294001
2451359.917392005 1.1628546714782717 0.0005911021726205
2451359.9930862244 0.7913749516010284 0.00049975852016355
2451360.068780436 1.1151714324951172 0.0005801917286589
2451360.145169084 1.0414891242980957 0.0005629098159261
2451360.2208632827 1.0478726029396057 0.0005644532211590001
2451360.2958630323 1.1165983080863953 0.00058066268684335
2451360.372251659 0.8294210135936737 0.000510058744112
2451360.449334721 1.1692028045654297 0.0005925397272221
2451360.5243344507 0.8547430038452147 0.0005166389164514
2451360.6000286154 1.1652213335037231 0.00059169091400685
2451360.675722773 0.7800492048263549 0.0004967139684595
2451360.752111366 1.1598049402236938 0.0005906544392928
2451360.828499953 0.9316937327384948 0.0005361961084417
2451360.903499649 1.110235810279846 0.0005789869464933
2451360.97919378 1.0558112263679504 0.0005663613555952
2451361.054887905 0.969151496887207 0.0005455020582303
2451361.1284986986 1.1660603284835815 0.0005920501425862
2451361.2104427824 0.8733963370323181 0.0005213780677877
2451361.2826646804 1.1657555103302 0.0005918419337831
2451361.3590532197 0.776805281639099 0.0004958888166584
2451361.4347473113 1.1697572469711301 0.0005926270678173499
2451361.5083580734 0.8694399893283844 0.0005203297187108
2451361.5889132395 1.1650243401527405 0.0005915672227274501
2451361.6666906346 0.8871366679668425 0.0005247546941973
2451361.738218054 1.064487338066101 0.0005685059586539
2451361.813912113 1.114881455898285 0.0005801590450573
2451361.889606166 0.9525201320648192 0.0005412154714576
2451361.9653002126 1.160443127155304 0.0005905914586037001
2451362.0409942525 0.7757185697555542 0.0004957865457981
2451362.1173827276 1.167363166809082 0.0005921336705796
2451362.193076755 0.8533036708831787 0.0005161368462722
2451362.2687707758 1.1675645112991333 0.0005921069532632
2451362.345159231 0.7939176559448241 0.0005004106787964
2451362.4201587993 1.1119765043258667 0.000579597428441
2451362.4965472417 1.0505861043930051 0.0005650726961903
2451362.5722412383 1.0470538735389707 0.00056436259183095
2451362.647935228 1.1188892126083374 0.0005809884751215
2451362.724323652 0.8278405070304871 0.0005095219239592
2451362.80001763 1.1700173616409302 0.00059277348918835
2451362.875711602 0.8598550558090211 0.000517894513905
2451362.9527944475 1.16749906539917 0.0005923030548728499
2451363.0270995274 0.7697569727897645 0.0004942583036608
2451363.1034879214 1.1586332321166992 0.0005905971629545
2451363.179181869 0.9513833820819855 0.0005413630278781
2451363.2548758113 1.1093904972076416 0.0005792571464553
2451363.331264187 1.0575863122940063 0.0005670838872902
2451363.4069581176 0.9652454257011412 0.0005448364245239
2451363.482652043 1.163114070892334 0.0005915064248256
2451363.558345962 0.8533513844013214 0.00051676583825605
2451363.6277899193 1.1737689971923828 0.00059422035701565
2451363.7132059806 0.7696316242218018 0.0004947152920067
2451363.7861221246 1.1711106300354004 0.0005939344700891
2451363.8618160216 0.8613622188568115 0.0005195174308028001
2451363.9368154737 1.1509815454483032 0.0005895979702472
2451364.0132037993 0.9608994722366332 0.0005447317380458
2451364.090980998 1.0672372579574585 0.0005703112692572
2451364.1701470697 1.0951455831527708 0.0005772912409156
2451364.2409798657 0.9446414709091184 0.0005410901503637
2451364.31736817 1.1610876321792605 0.000592372729443
2451364.3916731514 0.7565111219882965 0.0004920967621727999
2451364.468755885 1.1697198152542114 0.0005941932322457
2451364.5444497354 0.8525420427322388 0.00051802163943645
2451364.620143581 1.1673864126205444 0.0005941657582297
2451364.6965318606 0.8028492927551268 0.0005054424982517
2451364.7722256975 1.1122140884399414 0.00058216514298685
2451364.847919529 1.0549771785736084 0.0005691640544682
2451364.9236133564 1.0408037900924683 0.0005662074836436
2451364.999307179 1.1239380836486816 0.0005857541109435
2451365.0756954364 0.8110381364822388 0.0005088958423584
2451365.1513892505 1.169569909572601 0.00059596874052655
2451365.2270830614 0.8541114330291747 0.0005204487824812
2451365.3027768675 1.168106198310852 0.0005959398695267
2451365.3798595476 0.760909914970398 0.0004957453347742
2451365.4548589084 1.1571487188339231 0.0005930527695454
2451365.530552704 0.9587624073028564 0.0005465791036839999
2451365.6062464956 1.106202483177185 0.0005821621743962
2451365.682634723 1.0647639036178589 0.0005732304416596
2451365.7583285086 0.955121248960495 0.0005469430179799999
2451365.834022291 1.1633940935134888 0.0005962920258753
2451365.911799385 0.8678672909736633 0.0005255303694866
2451365.9847154086 1.17020982503891 0.00059796957066275
2451366.058325868 0.7892597317695618 0.0005051353946328
2451366.136797393 1.166286826133728 0.0005969838821329
2451366.2131856005 0.8554832339286803 0.0005215389537625
2451366.290962682 1.161112070083618 0.0005951535422354
2451366.365962008 0.9543676376342772 0.0005462722619995
2451366.4409613325 1.0531920194625854 0.0005697513697668
2451366.5173495305 1.1184910535812376 0.000584851426538
2451366.5916544124 0.9253155291080475 0.00053891676361665
2451366.6735981107 1.1481819152832031 0.0005924342258367
2451366.7451252355 0.7767726182937622 0.000501241418533
2451366.820124548 1.1685762405395508 0.0005969185731373
2451366.896512733 0.8567899465560913 0.0005218103178776
2451366.972206476 1.1708635091781616 0.0005971757054794
2451367.0479002157 0.8182465434074403 0.0005115652456879
2451367.1222050735 1.1027458906173706 0.0005812359740957
2451368.642326054 1.153719782829285 0.0005878270603716
2451368.716630496 0.9749710261821748 0.00054565383470615
2451368.792323787 1.0427753925323486 0.0005622080643661
2451368.868711495 1.1202330589294431 0.0005804414395242
2451368.944404752 0.9301803410053253 0.0005348289560060499
2451369.020097993 1.1692527532577517 0.0005919190589338
2451369.095791219 0.7682825326919556 0.0004925586108583499
2451369.171484431 1.1657428741455078 0.0005912113701924
2451369.247872062 0.8569907546043397 0.0005163534660823
2451369.323565247 1.1703062057495117 0.0005921933916397
2451369.39925842 0.8321643471717833 0.0005100022535771
2451369.47495158 1.1011693477630615 0.0005763350636698
2451369.5506447293 1.0662044286727903 0.0005682096816599
2451369.6270322995 1.0293445587158203 0.0005594420945271
2451369.7027254268 1.1293789744377136 0.0005830837471876
2451369.7784185433 0.7875866889953613 0.0004983018734492
2451369.8548060814 1.166411280632019 0.0005915717920288
2451369.9311936097 0.8564587831497192 0.0005163817550055
2451370.0075811283 1.1713142395019531 0.0005926617304794
2451370.0825797734 0.7672314643859862 0.0004927457193844
2451370.1582728415 1.1490984559059143 0.00058767711743705
2451370.2339658993 0.9709731340408324 0.0005454213824123
2451370.3096589493 1.0998661518096924 0.0005762341606896
2451370.384657558 1.081095278263092 0.0005718755419366
2451370.461045022 0.9320769011974335 0.0005357801273930499
2451370.5367380455 1.1667711734771729 0.0005917543312534
2451370.6131254914 0.855721890926361 0.0005163102759979
2451370.6888184985 1.1595250368118286 0.0005900095275137
2451370.765900359 0.765036702156067 0.0004919443745166
2451370.8422877803 1.1698768138885498 0.0005922328564338
2451370.9165919 0.8530725240707397 0.0005155792459845
2451370.9922848735 1.1448242664337158 0.0005866697174496
2451371.0700611323 0.9592503905296323 0.0005425485433079
2451371.149226244 1.0708719491958618 0.0005694653373211
2451371.220058179 1.1265807151794431 0.0005824707332067
2451371.295751122 0.9207348227500916 0.0005330101412255
2451371.3714440563 1.1665183305740356 0.0005915171932429
2451371.4471369833 0.7673068642616272 0.000492793158628
2451371.522829903 1.1676552295684814 0.0005917356465943
2451371.5992172454 0.852183163166046 0.0005154049140401
2451371.6749101495 1.168879747390747 0.0005921608244534
2451371.7506030463 0.8429332375526429 0.000512930273544
2451371.826990366 1.1002532243728635 0.0005765008972957
2451371.902683248 1.0688504576683044 0.000569085474126
2451371.9783761227 1.023678183555603 0.0005582775920629
2451372.0540689896 1.1307342648506165 0.00058344606077295
2451372.1297618495 0.7738357186317443 0.0004944746033288
2451372.206149132 1.1670721769332884 0.0005917216767556
2451372.2818419775 0.8517651259899139 0.00051534356316545
2451372.357534815 1.1667160987854004 0.0005916039226576
2451372.433922075 0.7580556869506837 0.0004903048393316
2451372.509614899 1.1450376510620117 0.0005867750733159
2451372.586002145 0.9723340272903442 0.0005459648091345501
2451372.6610005246 1.0926159024238586 0.0005747070536016999
2451372.736693327 1.078969359397888 0.0005713825230486
2451372.8130805506 0.9293093085289 0.0005351086147129
2451372.888773339 1.166598379611969 0.00059166297432965
2451372.9644661197 0.8549848794937133 0.0005162234883755
2451373.0401588934 1.1673908233642578 0.0005917752569074999
2451373.115157231 0.7646777629852295 0.00049214839236805
2451373.190849991 1.16294527053833 0.0005909106112085
2451373.265153886 0.8916139304637909 0.00052559206960715
2451373.341541061 1.1328607201576233 0.0005838908546138
2451373.4200115153 0.9830287098884584 0.0005483706481754
2451373.495009818 1.028205156326294 0.0005593142705038
2451373.5727858287 1.1236822605133057 0.0005817578639835
2451373.6519506895 0.9624826908111572 0.0005434200284071
2451373.722782401 1.1663417816162107 0.0005916609079577
2451373.7991695334 0.7720479965209962 0.0004940534709021
2451373.8748622313 1.1668503284454346 0.0005917704256717001
2451373.9491660646 0.8465082645416259 0.0005141649744473
2451374.0262476048 1.16722172498703 0.0005916786321904001
2451374.101940282 0.8511925935745238 0.0005151872173883
2451374.1783273807 1.0945783853530884 0.0005748543189838
2451374.254020044 1.0740795731544495 0.0005702241614926
2451374.3297127 1.0141032934188845 0.0005560532445088
2451374.406099778 1.1301239728927612 0.0005831402959302
2451374.4817924215 0.7698652744293213 0.00049355605733575
2451374.557485058 1.164736032485962 0.0005912717897444
2451374.6331776883 0.8525092601776123 0.00051549845375115
2451374.708870311 1.1667413711547852 0.000591596995946
2451374.7852573553 0.7667470574378966 0.0004926457768306
2451374.8588666823 1.131971836090088 0.0005836577620357
2451374.935948141 0.9947770535945892 0.00055116476141845
2451375.0123351654 1.0897733569145203 0.0005737944156862
2451375.0880277553 1.0819170475006104 0.0005720236222259
2451375.1644147662 0.9161441922187804 0.0005319779156707
2451375.2401073435 1.164387285709381 0.0005912159977014501
2451375.3151054867 0.8527657687664032 0.00051559641724445
2451375.3921869053 1.1654256582260132 0.0005912241176702
2451375.467879463 0.7637011706829071 0.00049173962906925
2451375.542877587 1.163045346736908 0.00059079955099145
2451375.616486851 0.9014643728733063 0.00052806263556695
2451375.6949570975 1.1374788284301756 0.0005850720917806
2451375.7706496296 0.9952618479728701 0.0005513147916644
2451375.846342155 1.0194799900054932 0.0005572704831138
2451375.922729101 1.1326879262924194 0.0005839473451487
2451375.997727188 0.8952318429946899 0.0005266486550681
2451376.0741141215 1.1637389659881592 0.0005909990868531
2451376.1560564614 0.8007575869560242 0.0005016440409235
2451376.2261935426 1.1668940782546997 0.0005916859081479999
2451376.301886031 0.8582357168197632 0.0005169018404558
2451376.3782729395 1.1633623838424685 0.0005909876199439
2451376.4539654152 0.850569486618042 0.0005150825600139001
2451376.529657885 1.0899490118026731 0.0005738625768572
2451376.6053503486 1.0781115293502808 0.0005712600832339
2451376.6810428062 1.007121205329895 0.0005542082944884
2451376.757429684 1.129428505897522 0.0005830262671224
2451376.8331221296 0.7607563138008118 0.00049105461221185
2451376.9088145695 1.1636233329772947 0.0005910854670219
2451376.984507003 0.8526832163333893 0.0005155475810169499
2451377.060199431 1.1632023453712463 0.00059092274750575
2451377.136586279 0.7655752897262573 0.0004924508393742
2451377.214361973 1.1431283950805664 0.0005862726829946
2451377.2879711064 0.9955512881278992 0.0005515118828043
2451377.3643579367 1.0865358114242551 0.0005733023863285
2451377.440050336 1.0810607075691223 0.0005719512701034
2451377.51574273 0.9025214910507202 0.000528477714397
2451377.5921295434 1.1625634431838987 0.0005908499588258
2451377.6671275003 0.851854681968689 0.0005155919934622
2451377.7428198773 1.1657670140266418 0.0005915944348089
2451377.818512249 0.7660043835639954 0.0004927381523884
2451377.89351019 1.1611210107803345 0.0005907478043809
2451377.971285827 0.8692345023155212 0.0005203554756008
2451378.0469781826 1.1357809901237488 0.0005850590241607
2451378.1226705327 0.9982656836509703 0.0005527924513444
2451378.1990573034 1.0194525718688965 0.0005580456345342
2451378.274749643 1.1327879428863525 0.00058459656429475
2451378.3497475535 0.8919697403907776 0.0005265426589175499
2451378.424745459 1.1674006581306458 0.0005926624289713501
2451378.504604334 0.7714761495590211 0.0004951193113811
2451378.56988028 1.1664627790451048 0.0005931326304562
2451378.662933219 0.7979291081428528 0.0005028213490732
2451378.7295980067 1.1651020050048828 0.000592938507907
2451378.8052903134 0.8641470968723297 0.0005207503563724001
2451378.880982615 1.0812619924545288 0.00057414395269
2451378.957369338 1.0781612396240234 0.0005737029132433
2451379.033061631 1.0025757253170013 0.0005559760902542001
2451379.1087539205 1.1351470947265625 0.0005874809576198
2451379.1844462063 0.7602244019508362 0.0004946235858369001
2451379.260138487 1.1627513170242307 0.0005937894457019
2451379.334441915 0.8496276140213013 0.00051824038382615
2451379.412911887 1.1649436950683592 0.0005945730372332
2451379.4879097324 0.7700401544570922 0.0004977051285095
2451379.563601999 1.1298625469207764 0.0005872824112884
2451379.6392942616 0.9989834427833556 0.0005570648354478
2451379.715680946 1.0795341730117796 0.0005760612548328
2451379.7927620513 1.080883741378784 0.0005766380054410001
2451379.8670654567 0.8894227743148804 0.0005308578256517
2451379.9448409807 1.1584116220474243 0.0005953102954663
2451380.01914438 0.8491312563419342 0.0005214312113821
2451380.0934477774 1.1602340936660769 0.0005965741584077
2451380.170528869 0.7605165541172028 0.00049896645941765
2451380.2462211107 1.16234028339386 0.0005971589707769
2451380.3239966226 0.8587509989738464 0.0005243516643531
2451380.398300011 1.130835711956024 0.0005895085050724
2451380.4753810954 0.9937883615493774 0.0005575629766099
2451380.548295633 0.9939481019973757 0.00055804610019545
2451380.6239878656 1.1410503387451172 0.0005925651057623
2451380.7003745213 0.8729783296585083 0.0005287617677822
2451380.777455599 1.1644465327262878 0.00059825173229905
2451380.852453404 0.7611526250839233 0.0005000019154976999
2451380.9295344804 1.1636325120925903 0.0005989362252876
2451381.005226707 0.8493085503578186 0.0005244159547146
2451381.0809189323 1.1595957279205322 0.0005985971074551
2451381.1614721236 0.8063961267471313 0.0005133827798999
2451381.2323033763 1.0753028392791748 0.0005793535965494
2451381.308690019 1.0822736024856567 0.0005807051202282
2451381.384382234 0.9948392808437347 0.00055943877669045
2451381.460074444 1.1399614810943604 0.0005926034646108
2451381.508684117 0.670072078704834 0.0004740857111755
2452088.2760904813 1.174751579761505 0.0006054539699107
2452088.348312985 0.8588586151599884 0.000528288364876
2452088.4240076765 1.1923065185546875 0.0006093948613852
2452088.5003967704 0.7981272935867308 0.0005121108260937
2452088.576091377 1.091004192829132 0.0005859818193129499
2452088.6517859483 1.064708948135376 0.0005795198958367
2452088.727480487 1.0593628883361816 0.00057845964329315
2452088.803869441 1.129947006702423 0.00059502341900945
2452088.879563923 0.7644563317298889 0.0005029287422075
2452088.9552583806 1.1663321256637573 0.00060350410058155
2452089.030952816 0.8637400269508362 0.0005296666058711
2452089.1066472298 1.1934816241264343 0.00060960822156625
2452089.181647179 0.7496069371700287 0.00049891314120025
2452089.2587304423 1.142768383026123 0.0005981308058835
2452089.3344248007 0.9695048332214355 0.00055653267190785
2452089.410119142 1.129501461982727 0.0005951247294433
2452089.486507911 1.0656110048294067 0.0005798779311589
2452089.5622022212 0.9156758189201354 0.00054309636470855
2452089.6378965178 1.1647615432739256 0.0006031426601111
2452089.7135908 0.8585288226604462 0.0005283314385451
2452089.789979512 1.1931636333465576 0.0006096380529925
2452089.865673768 0.7490298748016356 0.0004987404099665
2452089.9413680113 1.1665502786636353 0.0006037039274814999
2452090.0170622426 0.8591961860656737 0.0005284813232719
2452090.09206202 1.1768066883087158 0.0006059969891794
2452090.168450671 0.9695172309875488 0.0005568761262111
2452090.24483931 1.0235754251480105 0.0005697857704944
2452090.320533496 1.1285196542739868 0.0005947710305917501
2452090.396227671 0.943890869617462 0.0005502987769432
2452090.4726162776 1.1849173307418823 0.0006080112652853
2452090.5483104317 0.7399558424949646 0.00049635741743255
2452090.624004576 1.1655689477920532 0.0006034474354237
2452090.7003931515 0.8569148182868956 0.0005280636250972
2452090.7753928346 1.1937302350997925 0.0006099118036217
2452090.85178139 0.8142619132995604 0.0005165531765669
2452090.9274754953 1.0880990028381348 0.000585463742027
2452091.0031695906 1.0694609880447388 0.0005810635630041
2452091.0788636766 1.0505358576774597 0.00057641451712695
2452091.1545577534 1.1389917135238647 0.0005972297512926
2452091.230946262 0.7557539939880371 0.0005005791899748
2452091.3066403205 1.1665478944778442 0.0006037185376044001
2452091.38233437 0.8600270748138428 0.000528881617356
2452091.4587228512 1.192838668823242 0.0006098075537011
2452091.5344168833 0.7419382929801941 0.0004967747663613
2452091.610110906 1.139429807662964 0.0005974978557787
2452091.6858049203 0.9767679572105405 0.0005585397884715
2452091.7614989257 1.1233266592025757 0.0005936949164606
2452091.8378873635 1.0737892389297483 0.000581978878472
2452091.913581352 0.906664103269577 0.0005408610450103
2452091.989275332 1.1668115854263303 0.000603545748163
2452092.064969304 0.8570163547992706 0.0005281024205032
2452092.1406632676 1.1910561323165891 0.0006090442766435
2452092.2177461023 0.7523372769355774 0.0004997700743842499
2452092.2927456093 1.167405605316162 0.0006038268911652
2452092.368439548 0.8621411323547363 0.0005291404668241
2452092.4448279184 1.1780599355697632 0.0006061421590857
2452092.520521841 0.971011608839035 0.0005570315115619
2452092.596215755 1.0189961194992063 0.0005690841935575
2452092.671909662 1.1326796412467957 0.00059599502128545
2452092.74760356 0.9292879104614256 0.0005465631838887
2452092.8239918896 1.1851975917816162 0.0006082407780922
2452092.899685772 0.7421502768993378 0.0004970765148754499
2452092.975379647 1.16484272480011 0.0006032000528648
2452093.051073514 0.8565027117729187 0.0005277691234368499
2452093.1267673727 1.1893383264541624 0.0006088963709771
2452093.203155663 0.8253870010375975 0.000519614724908
2452093.2788495068 1.083298921585083 0.0005843869876116
2452093.3545433427 1.0758086442947388 0.0005828001885674
2452093.4309316096 1.0463327169418335 0.0005754494923166
2452093.5066254297 1.1364222168922424 0.0005969136836938001
2452093.582319243 0.7442711591720581 0.0004973288741894
2452093.6580130486 1.1647143363952637 0.00060330083942965
2452093.733706846 0.8625927567481994 0.0005293833673931
2452093.810095075 1.1870157718658447 0.0006082290783524
2452093.885788858 0.742315948009491 0.0004969436267856
2452093.961482633 1.1314793825149536 0.0005956040695309
2452094.0371764014 0.982841968536377 0.0005600837757810499
2452094.112870162 1.1155722141265867 0.00059190322645
2452094.189258353 1.0754503011703491 0.0005825532134622
2452094.264952099 0.895689457654953 0.00053800494060845
2452094.3406458376 1.162193179130554 0.0006028129137121
2452094.417034007 0.8611027002334594 0.0005290558328852
2452094.492727731 1.187786042690277 0.00060868388391095
2452094.5684214476 0.7499050498008728 0.000499214278534
2452094.6441151574 1.1644777059555054 0.0006033365207258
2452094.71980886 0.8592764139175414 0.000528497621417
2452094.7961969934 1.1681588888168335 0.0006042259046807
2452094.8684184947 1.0167385339736938 0.0005685740034095
2452094.9489732385 1.0229220390319824 0.0005700239562429
2452095.0232780376 1.1334000825881958 0.00059617994702415
2452095.098971705 0.9187833666801452 0.0005442043766379
2452095.1753598033 1.1851752996444702 0.0006082341424189
2452095.251053457 0.7435858249664307 0.00049739918904375
2452095.3267471036 1.1624544858932495 0.0006031160592101
2452095.4031351805 0.8570212721824646 0.0005284429062157
2452095.478828814 1.1872286796569824 0.0006088489608373
2452095.55452244 0.8368909955024718 0.0005232890835031
2452095.6302160593 1.077751100063324 0.0005833047907799001
2452095.705909673 1.0778043270111084 0.0005834438488818
2452095.782297716 1.0365116596221924 0.0005736111779697
2452095.8579913154 1.1393505334854126 0.00059783674078055
2452095.933684909 0.7519018650054932 0.0005002379766665
2452096.009378496 1.163551926612854 0.0006034878024365
2452096.0850720764 0.8548299074172973 0.0005280668265186
2452096.1614600867 1.184316873550415 0.0006085431668907
2452096.237153654 0.7413448393344879 0.00049792139907365
2452096.3128472157 1.1277408599853516 0.0005954121006652
2452096.389235207 0.9829754233360288 0.0005610613734461
2452096.4649287555 1.1113516092300415 0.0005922610871493
2452096.5406222986 1.0800678730010986 0.0005851082969456
2452096.6163158347 0.8843785524368286 0.00053714297246185
2452096.692009365 1.162038803100586 0.0006044061738066
2452096.7683973256 0.8560397624969481 0.0005302394274622
2452096.8440908445 1.1852028965950012 0.0006102774350438
2452096.9197843573 0.7469369769096375 0.0005012493347749
2452096.9961723 1.1622196435928345 0.0006050840602256
2452097.0718658017 0.8605285882949828 0.00053185404976825
2452097.1475592973 1.162895441055298 0.0006058939616195
2452097.2232527873 0.9873926639556885 0.0005644606717396001
2452097.298946272 1.001247763633728 0.0005680224276147
2452097.3753341874 1.13220477104187 0.000599113467615
2452097.451027661 0.9158177971839905 0.00054708999232385
2452097.52672113 1.1831492185592651 0.0006114205461926
2452097.6024145936 0.7411055266857146 0.00050254582311025
2452097.6781080524 1.162077784538269 0.000608509639278
2452097.7544959416 0.8562132716178894 0.0005354626919142
2452097.83018939 1.1836908459663391 0.0006148231914266499
2452097.9058828345 0.8481717109680175 0.0005343726370483
2452097.9822707097 1.075533390045166 0.0005903004202991
2452098.057964145 1.0787184834480283 0.0005911711486987501
2452098.1336575756 1.0273631811141968 0.0005798592464998
2452098.2093510027 1.1403100490570068 0.0006070515373721
2452098.2850444256 0.7417671680450438 0.0005083252908661
2452098.3614322795 1.1626073122024536 0.0006119023892097
2452098.4371256945 0.8532037734985352 0.00053813599515705
2452098.5128191067 1.1818069219589231 0.000618229561951
2452098.5885125147 0.7413788437843323 0.0005138809792697
2452098.66420592 1.1245549917221067 0.0006103919586166
2452098.7405937575 0.9921168684959412 0.0005819088546559
2452098.7850375893 0.7952440977096557 0.0005348063423298
2452102.3377681826 0.9891237020492551 0.0005617041606456
2452102.3849895652 1.1660841703414917 0.0006036205450072
2452102.458599342 0.8525243997573853 0.0005266729276627
2452102.5329035223 1.180580973625183 0.0006070103263482
2452102.6085965387 0.8732503652572631 0.0005318978801369
2452102.6849839604 1.06853449344635 0.0005806467961519
2452102.760676927 1.0879272818565369 0.0005854391201864
2452102.8363698716 1.00586998462677 0.0005655050626955
2452102.9127572253 1.1439374685287476 0.0005985980387777
2452102.9884501295 0.7420563995838165 0.00049695689813225
2452103.064143015 1.1630786657333374 0.0006030231015756
2452103.1398358834 0.8529630303382872 0.00052684263209805
2452103.215528735 1.176876187324524 0.0006059876759536
2452103.291916 0.7435154914855957 0.0004972713068127
2452103.36760882 1.1203243732452393 0.0005930335610173001
2452103.442607197 1.0145627856254578 0.00056754858815105
2452103.518994418 1.088486135005951 0.0005855457857250499
2452103.594687196 1.0933077335357666 0.0005867244908586
2452103.67107439 0.863179624080658 0.0005297321476973
2452103.746767142 1.1614097952842712 0.0006024413451086
2452103.8231543107 0.8613872528076172 0.00052894561667925
2452103.898847038 1.1763801574707031 0.0006060653249733
2452103.9745397544 0.7436846494674682 0.0004973181348759
2452104.050232459 1.161212921142578 0.0006024857284501
2452104.1259251516 0.8909294605255127 0.00053683260921385
2452104.201617834 1.1425268650054932 0.0005981201538816
2452104.278004934 1.007863998413086 0.0005662081530317
2452104.3536975947 0.9845269620418549 0.0005603384925052
2452104.429390245 1.1407029628753662 0.0005976845277473
2452104.5050828857 0.879828691482544 0.0005338024930097
2452104.5807755156 1.1745779514312744 0.0006053987890481
2452104.6571625634 0.7477484941482544 0.0004984841798432
2452104.7328551738 1.1612226963043213 0.00060222408501425
2452104.8085477753 0.8557536005973816 0.0005276124575175
2452104.8849347937 1.1740708351135252 0.0006054835976101
2452104.9606273756 0.8756097555160522 0.00053271825890985
2452105.0363199487 1.0634998083114624 0.0005797565681859
2452105.112012512 1.0898717641830444 0.0005858377262484
2452105.187705066 0.994692265987396 0.0005628236685879
2452105.2640920384 1.1467180252075195 0.0005990787758491
2452105.3397845756 0.7446062862873077 0.0004973156028426999
2452105.4154771026 1.1616660356521606 0.0006024307222105
2452105.4918640484 0.8574454188346863 0.0005279832403175
2452105.5675565586 1.1764142513275146 0.00060584573657245
2452105.64324906 0.7499580979347229 0.0004990810994058
2452105.7189415535 1.1163148283958435 0.00059208206948815
2452105.7946340377 1.0146777629852295 0.0005678266170434
2452105.8710209406 1.0849754810333252 0.0005846134736202
2452105.9467134085 1.0943339467048645 0.000586918904446
2452106.022405868 0.8521428108215331 0.0005264289211481
2452106.09809832 1.1615776419639587 0.0006027101189829
2452106.1737907627 0.8590332865715027 0.0005283665377646
2452106.2501776237 1.175543427467346 0.0006056760903447
2452106.325870051 0.7438550293445587 0.00049734005006025
2452106.4015624705 1.160995841026306 0.000602489511948
2452106.4779493073 0.8935739994049072 0.0005376227200031
2452106.5536417104 1.1393492817878723 0.0005971521895843999
2452106.629334106 1.0176609754562376 0.0005684420466423
2452106.7050264934 0.9779883027076721 0.000558821222512
2452106.7807188733 1.1429747343063354 0.0005982668371871
2452106.8571056705 0.8775331377983093 0.0005333583103492
2452106.9327980354 1.1764313578605652 0.0006060329033061
2452107.008490392 0.753766655921936 0.0004998039803467
2452107.084182741 1.1614355444908142 0.0006025501643307
2452107.159875083 0.8573219180107117 0.0005277444142848
2452107.236261842 1.1766457557678225 0.0006058621802367
2452107.3119541686 0.8882306814193726 0.0005361949151847
2452107.3876464874 1.058417797088623 0.000578218488954
2452107.4640332246 1.0895888805389404 0.0005853332695551
2452107.539725529 0.9936835169792175 0.00056235893862315
2452107.615417826 1.1509095430374143 0.0005997565458528
2452107.691110116 0.7444310784339905 0.00049730337923385
2452107.7668023985 1.1609197854995728 0.0006022680317983
2452107.8431890984 0.8576225638389587 0.000527961703483
2452107.9188813665 1.1757519841194153 0.00060564363957375
2452107.994573628 0.7530784606933594 0.0004995432100258
2452108.0702658817 1.111647129058838 0.00059059646446255
2452108.1452637045 1.0293180346488953 0.00057121666031885
2452108.2223447934 1.0772088766098022 0.0005827989662066
2452108.297342602 1.1026533842086792 0.0005887584993615
2452108.374423676 0.8494519293308258 0.0005256062722764499
2452108.448727047 1.1636719703674316 0.0006027790950611
2452108.528585803 0.8363679647445679 0.00052240767399775
2452108.6015003133 1.1770731210708618 0.0006060594459995
2452108.6771925115 0.7459713518619537 0.00049799430416895
2452108.7528847037 1.155144453048706 0.0006011616205796
2452108.829271313 0.9079685807228088 0.0005412081955
2452108.9049634915 1.1369314193725584 0.00059689959743985
2452108.980655663 1.0251251459121704 0.0005703531205654
2452109.0570422523 0.9765539765357972 0.0005584263708442
2452109.132734411 1.1487382054328918 0.0005997541011311
2452109.208426563 0.8703607916831969 0.000531414814759
2452109.284118709 1.1776820421218872 0.000606304151006
2452109.3598108487 0.7474601864814758 0.0004983005928806
2452109.4361974047 1.1629354953765867 0.0006030097138136
2452109.5118895313 0.8541171252727509 0.0005271994741633
2452109.587581652 1.1759424209594729 0.0006058310973457
2452109.6632737666 0.9004832804203033 0.0005392744787968
2452109.7389658745 1.0547813177108765 0.0005777690093964
2452109.8153524 1.1009396314620972 0.000588625553064
2452109.8910444956 0.985988974571228 0.000560967833735
2452109.9667365854 1.1521929502487185 0.000600706145633
2452110.043123092 0.7464954257011412 0.000498809327837
2452110.119509593 1.1642336845397947 0.0006039279978722
2452110.19381282 0.8544597327709198 0.00052809319458895
2452110.270199309 1.1756287813186646 0.0006064955377951
2452110.34589137 0.7470439672470093 0.0004993694019503
2452110.422277848 1.1111334562301636 0.0005916095105931
2452110.497969897 1.0281242728233335 0.00057224498596035
2452110.573661941 1.072455883026123 0.0005832392489537
2452110.64935398 1.1026643514633179 0.00059069899725725
2452110.725046013 0.8296636343002318 0.0005226033972576
2452110.801432463 1.163801193237305 0.0006048457580618
2452110.8771244856 0.8546264469623566 0.0005297218158375
2452110.952816503 1.1726447343826292 0.0006073776748962
2452111.029202938 0.7504226565361024 0.0005016177892684
2452111.1048949454 1.1570783257484436 0.0006040484877303
2452111.180586948 0.922076404094696 0.0005478343809954
2452111.256278946 1.1307031512260437 0.0005983165174256501
2452111.331970939 1.0342570543289185 0.0005752699216827
2452111.40835735 0.9705825448036192 0.0005604200414381
2452111.484743756 1.1515696048736572 0.0006040951120667
2452111.5597413136 0.8578002452850341 0.0005338125047273
2452111.635433289 1.175825595855713 0.0006112400151323
2452111.711125261 0.7514930963516235 0.0005068581667728
2452111.7875116505 1.1661299467086792 0.0006105951615609
2452111.863203614 0.855801224708557 0.0005364219541661
2452111.9388955743 1.1730505228042605 0.0006132332491688
2452112.0152819525 0.9062252044677734 0.0005497962119989
2452112.0909739058 1.0542439818382263 0.0005866680294275
2452112.1659714337 1.1118944883346558 0.0006012320518493
2452112.242357803 0.976178079843521 0.00056920392671595
2452112.318049747 1.1570159196853635 0.0006113352719694
2452112.3944361103 0.7512068748474121 0.000512255996
2452112.470128049 1.165525197982788 0.0006163936341181001
2452112.5458199866 0.8623514771461488 0.0005475478246808
2452112.6222063433 1.1741931438446045 0.0006254599429666
