2451325.3395660524 0.9999753832817077 0.0009810408810153
2451325.4159564837 0.9997294545173644 0.0009842924773693
2451325.4916524384 0.9998149871826172 0.0009871402289718
2451325.567348378 0.9998149275779724 0.0009902372257784
2451325.643738761 1.0000050067901611 0.0009913988178595
2451325.719434674 0.9999315142631531 0.0009917581337504
2451325.795130575 0.9999922513961792 0.0009934810223057
2451325.870826467 0.999907374382019 0.0009940490126609
2451325.945827891 0.9998531043529508 0.00099277554545545
2451326.0229126792 0.999918818473816 0.0009934202535077
2451326.098608544 0.9999299645423888 0.0009941103053278501
2451326.174304402 0.999885320663452 0.0009946491336449
2451326.2500002524 0.999960720539093 0.0009948263177647501
2451326.3250016384 1.0002429485321045 0.0009953157277777002
2451326.40208639 1.0003139972686768 0.0009965792996808
2451326.4777822215 1.0002321600914001 0.00099800952011715
2451326.553478046 1.0002015829086304 0.0009993922431021
2451326.6298683216 0.9999562501907348 0.0010006250813603
2451326.705564134 0.9998340010643003 0.0010005424264818
2451326.781259941 0.9998269677162168 0.0010004523210227
2451326.8569557425 0.9998938143253326 0.00100056175142525
2451326.932651538 0.9998023509979248 0.0009988760575652
2451327.009041785 0.9996908903121948 0.0009971181862056
2451327.0840431126 0.999468207359314 0.0009974056156352
2451327.1618222618 1.0003535747528076 0.0009982897900044
2451327.2361291223 0.999915212392807 0.0009972578845917502
2451327.3118248903 1.0000001192092896 0.0009947876678779
2451327.3882151097 0.9998832941055296 0.0009945497149601
2451327.463910867 0.999535858631134 0.00099683232838285
2451327.5396066187 0.9999037384986876 0.0009987860685214
2451327.615996822 0.9996540546417236 0.0010003820061683
2451327.691692563 0.9996647834777832 0.0010004910873249
2451327.7666938417 0.9998966753482819 0.0010006476077250499
2451327.8382228343 0.9998291134834288 0.0010004016803577
2451327.918779752 0.9998688101768493 0.0009994589490815
2451327.9951699274 0.9998042583465576 0.0009979265742003
2451328.070865641 1.0000953078269958 0.0009981142939068
2451328.1465613483 0.9998337030410768 0.0009987091179937
2451328.2222570507 0.9997676908969878 0.00099858664907515
2451328.2979527474 1.0000689029693604 0.0009980155155062
2451328.3743428946 0.9995782375335692 0.0009976625442504
2451328.4500385793 0.9993741214275361 0.0009983474737964
2451328.5264287153 0.9996125400066374 0.0009999618050642
2451328.6021243897 0.999761164188385 0.0010022104252129
2451328.677820058 0.9996792078018188 0.00100272567942735
2451328.753515721 1.0000077486038208 0.0010034239385277
2451328.8299058336 1.000052571296692 0.0010040416382253
2451328.9049070296 1.0000131130218504 0.0010036699241027
2451328.981297131 0.9996789693832396 0.0010023664217442
2451329.056992771 0.9998617768287658 0.0010026905802077999
2451329.1319939503 0.9999323785305023 0.00100424746051425
2451329.2090784893 0.999822437763214 0.0010050259297713
2451329.2840796565 0.9996341466903688 0.0010049658594653
2451329.3597752736 0.9998030662536622 0.0010040899505838002
2451329.43616534 0.999896228313446 0.0010039964108727
2451329.5125554004 1.0000683665275574 0.0010049315169453
2451329.588251 1.000119924545288 0.0010071208234876
2451329.663946593 0.9996966123580933 0.0010077738552353999
2451329.740336636 1.0000978708267212 0.0010080154170281999
2451329.815337763 1.0001119375228882 0.0010081415530294
2451329.890338884 0.999789297580719 0.0010074050514958
2451329.964645545 0.9999951720237732 0.0010055950842797
2451330.0452022916 1.0001225471496582 0.00100470433244475
2451330.1195089407 0.9999901056289673 0.0010052216821349498
2451330.194510038 0.9999575316905973 0.0010057463077827499
2451330.270205585 1.000300049781799 0.001005238504149
2451330.3465955798 0.9997407793998718 0.00100388738792385
2451330.422291114 0.9998182058334351 0.0010030801058746501
2451330.4979866426 1.0003447532653809 0.0010035638697445
2451330.5743766194 1.000118851661682 0.0010052532888948
2451330.650072136 1.0001000761985779 0.00100670929532495
2451330.725767647 1.0001180171966553 0.0010065591195598
2451330.8014631514 1.0002986788749695 0.001006307080388
2451330.87715865 1.0002048015594482 0.0010057390900328
2451330.9535485967 1.000038504600525 0.0010043958900496
2451331.029244084 1.0001598000526428 0.00100366951664905
2451331.104939564 1.0004314184188845 0.0010037488536909
2451331.179940585 1.0002297163009644 0.0010042834328487
2451331.2563305073 1.0001312494277954 0.0010037068277597
2451331.332720424 1.0000678300857544 0.0010018992470577
2451331.4084158805 1.0001213550567627 0.0010006360826081999
2451331.484111331 1.0001184940338137 0.0010001918999478
2451331.5598067753 1.0002144575119019 0.00100138643756505
2451331.636196668 1.0004526376724243 0.0010027209646068
2451331.7118921 1.0005055665969849 0.0010027470998466
2451331.7868930735 1.0003981590270996 0.0010021950583904
2451331.863282947 1.0001919269561768 0.0010014590807259
2451331.9396728147 1.0003488063812256 0.0010004399809986
2451332.015368223 1.000138282775879 0.0009989715763367001
2451332.0903691724 1.0001640319824219 0.0009982662159017499
2451332.166759022 1.0004830360412598 0.000998058298137
2451332.2424544124 1.000288486480713 0.0009971546242013
2451332.3181497967 1.0003372430801392 0.0009954199776984
2451332.394539628 1.0003412961959839 0.00099333829712115
2451332.470235001 1.0000388622283936 0.000992284156382
2451332.5473192725 1.000495970249176 0.0009928105282597
2451332.6223201803 1.0002897381782532 0.00099339248845345
2451332.6987099876 1.0000251233577728 0.0009930051164701
2451332.7723219777 1.0002272129058838 0.0009920527227222499
2451332.854267394 1.0002535581588745 0.0009913677349685998
2451332.9257960147 1.0004030466079712 0.0009907510830089
2451333.0014913455 1.0000584721565247 0.00098991492995985
2451333.07718667 1.000441551208496 0.0009895568946376
2451333.152881989 1.0003129243850708 0.0009897565469144999
2451333.228577302 1.000153422355652 0.0009897546842694
2451333.3049670607 1.0003415346145628 0.0009890206856653
2451333.37996791 1.0003650188446045 0.0009877214906737
2451333.456357657 1.000465989112854 0.0009867806220427
2451333.532747398 1.0000203847885132 0.0009868817869573
2451333.608442681 1.0002818703651428 0.00098775036167345
2451333.6841379586 1.000206708908081 0.0009877374395728
2451333.75983323 1.0003058314323425 0.0009875077521428
2451333.835528496 1.0002498626708984 0.0009869248606264
2451333.911918208 1.0003116130828855 0.0009865688625723
2451333.9876134624 1.0002448558807373 0.0009862051228992
2451334.0633087107 1.0003755092620847 0.0009858886478468
2451334.139003953 1.000369668006897 0.0009860701975412
2451334.21469919 1.0002899169921875 0.0009861583821475
2451334.291088873 1.000290870666504 0.0009859993588179
2451334.3667840986 1.0001094341278076 0.0009848686750046501
2451334.4424793185 1.0005115270614624 0.0009844308951869
2451334.518868984 1.0004832744598389 0.0009841680293902
2451334.5945641925 1.0005723237991333 0.0009845436434261
2451334.669564944 1.0002002120018005 0.00098436698317525
2451334.7459545927 1.0004138350486755 0.0009839555132202002
2451334.8216497847 1.0003734827041624 0.0009833814110606
2451334.897344971 1.0000519752502441 0.0009830156923271499
2451334.970262347 1.000368595123291 0.0009825321612879
2451335.051513131 1.0001669526100159 0.00098198896739625
2451335.125124947 1.0003520846366882 0.0009818995604290999
2451335.2008201117 1.00026798248291 0.0009814936202019
2451335.2765152706 1.0007871985435484 0.0009809419861994502
2451335.3577660313 1.000496745109558 0.0009802345884963
2451335.429294474 1.0004255771636963 0.00097965099848805
2451335.5049896166 1.0004712343215942 0.0009792695054784
2451335.5792958527 1.0006946325302124 0.0009789207251742
2451335.657074338 1.0005468726158142 0.0009784562280401002
2451335.732075014 1.0008257627487183 0.00097823858959595
2451335.807770136 1.000457525253296 0.0009781706612557
2451335.8841597033 1.0003595352172852 0.0009779458632692
2451335.959854815 1.0005894303321838 0.0009779091924428502
2451336.035549922 0.9971184134483336 0.0009766350267454
2451336.1112450236 0.9864030480384827 0.00097283412469545
2451336.1869401205 0.987101674079895 0.0009731012978591
2451336.2633296624 0.9995893836021424 0.0009775628568604
2451336.3390247496 1.000609815120697 0.0009778494131751
2451336.414719831 1.000494122505188 0.0009777009254321
2451336.491109359 1.00063157081604 0.0009778914973139
2451336.5668044314 1.0006207823753357 0.00097787257982415
2451336.641805049 1.0003684759140015 0.000977769435849
2451336.718194562 1.000946283340454 0.0009778885287231999
2451336.79388962 1.0005143880844116 0.0009777687955647
2451336.8702791235 1.000632643699646 0.0009776657680049
2451336.9459741726 1.0005895495414734 0.00097786198602985
2451337.021669217 1.0004854202270508 0.0009777827654033
2451337.0973642566 1.0002999901771545 0.0009776806691661
2451337.1730592917 1.0005176067352295 0.0009778077946975
2451337.2494487716 1.0003868341445925 0.000977678108029
2451337.3237548973 1.0004895329475403 0.0009776937658898
2451337.4008388184 1.0002992153167725 0.000977654592134
2451337.477922734 1.0007866024971008 0.0009777643717825
2451337.5529232956 1.0003916025161743 0.0009776607621461001
2451337.6293127513 1.0006829500198364 0.00097777991322795
2451337.705007753 1.0005918741226196 0.0009777876548469
2451337.7807027483 1.0007001757621765 0.0009777582599781
2451337.861258885 1.0006456971168518 0.0009778913808986
2451337.9320927225 1.0006940960884094 0.0009779681568033499
2451338.0077877007 1.0005403757095337 0.0009779622778296
2451338.0834826715 1.000319540500641 0.0009780200780369
2451338.1591776344 1.0005041360855105 0.000978065887466
2451338.2355670384 1.000333786010742 0.0009779684478417
2451338.3112619836 1.0009282231330872 0.00097815564367915
2451338.386956918 1.0005768537521362 0.0009780183900147
2451338.463346289 1.000237226486206 0.0009780020918697
2451338.5140410457 1.0004510879516602 0.00097815389744935
2451339.686961703 1.0000183582305908 0.0009779552929103
2451339.752239487 0.9998647570610046 0.0009780094260349
2451339.828628362 1.0003105401992796 0.0009783640271052
2451339.904322772 1.0000826120376587 0.0009789585601538
2451339.9800171624 0.9997615218162536 0.0009803781285881
2451340.055711536 0.9999443292617798 0.00098231137963005
2451340.1314058946 0.9997382760047911 0.0009836034150794
2451340.207794682 1.0000425577163696 0.0009852115763351
2451340.283489014 0.9997552037239074 0.00098639877978705
2451340.3591833333 0.9999694228172302 0.0009873064700514
2451340.435572086 0.9998629689216612 0.0009878822602331
2451340.511266385 0.9998962581157683 0.0009888228378258498
2451340.5862662313 0.999772697687149 0.0009892775560728499
2451340.662654955 0.9998102486133575 0.0009887700434773501
2451340.7383492272 1.000213384628296 0.0009888743516057
2451340.814737934 1.0001684427261353 0.0009899544529616
2451340.89043219 1.0003228783607483 0.0009901755256578
2451340.966820882 0.9998925328254699 0.0009894589311442502
2451341.041820681 1.0000714659690857 0.00098993832943955
2451341.1175149167 0.9999453425407407 0.0009904507314786
2451341.1939035873 1.0002326965332031 0.0009903406025841
2451341.269597809 1.0005443692207336 0.00099003047216675
2451341.3452920234 1.0001689195632937 0.0009897982235997
2451341.4209862323 1.0004701614379883 0.0009908718639053
2451341.4980693185 1.000332593917847 0.0009918855503201
2451341.5730690723 1.0002087354660034 0.0009929998777806
2451341.6466799355 1.0001810789108276 0.0009928948711603
2451341.727929656 1.0001203417778015 0.0009921521996147501
2451341.800846065 1.0003814697265625 0.0009922111639752
2451341.875845794 1.0000615119934082 0.0009919832227751
2451341.9522344014 0.9999725818634032 0.0009904702892526
2451342.029317444 1.0000590085983276 0.00098997214809055
2451342.1064004805 1.0001853704452517 0.0009908678475767
2451342.1751502105 1.000144362449646 0.00099116604542355
2451342.2557054437 0.9995923042297363 0.00099099805811415
2451342.331399579 0.9999794363975524 0.0009903336176648
2451342.4077881495 0.9996708035469056 0.0009905338520184
2451342.483482273 1.0000377297401428 0.00099190539913245
2451342.55917639 1.000301480293274 0.0009935046546161
2451342.6348705012 0.9999429285526273 0.0009942791657521501
2451342.7105646064 1.000129222869873 0.0009939838200807
2451342.786953147 1.0001347064971924 0.0009935776470229
2451342.86264724 0.9999844729900359 0.0009934453992173
2451342.9383413275 1.000089406967163 0.00099231780041
2451343.01472985 1.0000356435775757 0.0009909250074997
2451343.090423925 0.9998579025268555 0.0009909876971505001
2451343.166117994 0.9995644092559814 0.0009915601694956
2451343.241812058 0.9995709359645844 0.0009912698878906
2451343.3175061145 0.999799072742462 0.000990068539977
2451343.3938946063 1.00004243850708 0.000989957130514
2451343.470283092 1.0004384517669676 0.0009906437480822
2451343.5438938094 0.999902069568634 0.0009918422438204
2451343.6216711644 1.0002025365829468 0.0009930395754054
2451343.69597631 0.9997536540031433 0.0009929376537911
2451343.773059212 0.9998654127120972 0.0009929009247571
2451343.848753227 1.0000448822975159 0.0009931214153765999
2451343.924447235 0.9998689889907838 0.0009926998754963
2451344.0015301183 0.9999866783618926 0.0009914448019116501
2451344.076529674 1.000221312046051 0.0009912005625664498
2451344.1522236653 1.0000152587890625 0.0009917991701513
2451344.2279176493 1.0002636909484863 0.00099166401196265
2451344.305694948 0.9998686015605927 0.0009904202306643
2451344.3786111595 0.9998584389686584 0.0009895181283354
2451344.4556940054 0.9999662041664124 0.0009907019557431
2451344.5286102053 0.999757707118988 0.0009922628523781
2451344.6077763587 1.0003043413162231 0.0009941214229911
2451344.678609227 1.0002864599227903 0.0009943293407559
2451344.7591642477 1.000244140625 0.0009940713644027
2451344.834858183 0.9998314082622526 0.0009944599005392999
2451344.910552112 0.999836266040802 0.0009939610026776
2451344.9869404742 0.999826729297638 0.000992790563032
2451345.062634391 0.9997082948684692 0.0009926803177222501
2451345.1383283013 0.99992036819458 0.000993731780909
2451345.214022206 0.9998135864734647 0.00099391787080085
2451345.289716104 0.9998477697372437 0.0009926687926054
2451345.3661044356 0.9999358057975768 0.000991654000245
2451345.441798322 0.9999190866947174 0.00099201477132735
2451345.5174922016 1.0001503229141235 0.0009936899878084
2451345.593186075 1.0002820491790771 0.0009956808644346498
2451345.6688799425 1.0003690719604492 0.0009962141048163
2451345.745268243 1.0002609491348269 0.0009955418063327
2451345.8209620984 1.0003462433815002 0.0009958738810382
2451345.896655947 1.000106930732727 0.0009955466957762
2451345.973044229 1.0001007318496704 0.0009945444762706
2451346.048738066 1.000094711780548 0.0009942020988090998
2451346.1244318965 1.0004297494888303 0.0009949925588443
2451346.200125721 0.9999660551548004 0.0009955971618181999
2451346.275819539 1.0004777908325195 0.0009941032622009
2451346.35220779 1.0005275011062622 0.0009920271113514
2451346.426512719 1.0006104707717896 0.0009913587709888
2451346.503595396 1.0002577304840088 0.0009921987075358
2451346.5792891905 1.0006088614463806 0.00099340267479415
2451346.6542885397 1.0001189708709717 0.00099369412055235
2451346.7306767595 1.0003673434257507 0.0009927958599291
2451346.806370535 1.0001260042190552 0.0009923599427565
2451346.8827587427 1.0004096031188965 0.0009922940516844
2451346.9598413827 1.0003746151924133 0.00099154445342715
2451347.0327573875 1.0005507469177246 0.0009906039340421
2451347.1112288907 1.0004361867904663 0.00099033507285635
2451347.181367133 1.0005016326904297 0.0009905055630952
2451347.261921938 1.000307559967041 0.0009896237170323
2451347.337615671 1.000389277935028 0.0009880120051093
2451347.420253777 0.9998627305030824 0.0009867352200672
2451347.4896975574 1.0000572204589844 0.0009858652483671
2451347.5709467744 1.0003653764724731 0.0009876032127067
2451347.6424738574 0.9998423457145692 0.0009880644502118
2451347.704973246 1.0000972747802734 0.0009876566473394
2451347.791777945 1.0000540912151337 0.0009874723036773
2451347.8681660746 1.0001442432403564 0.00098810705821955
2451347.9473319473 1.00027334690094 0.0009877664851955501
2451347.995942568 1.0000270307064056 0.0009877115953713
2451348.1230246075 1.0002546310424805 0.0009870725916698
2451348.1813573414 0.999941647052765 0.0009864806197583
2451348.234134574 1.0001612901687622 0.00098558899480845
2451348.336911281 0.9994820952415464 0.0009836285607889
2451348.401493937 0.9995808899402618 0.0009841581922955499
2451348.500798442 0.9997403025627136 0.0009840376442298
2451348.558436717 1.0001474022865295 0.0009845187887548498
2451348.623019358 1.0002989172935486 0.00098529248498375
2451348.7376014534 0.9993871748447418 0.0009849288617260498
2451348.811906199 1.00030779838562 0.0009847829351201
2451348.84454473 0.9998075067996979 0.0009854206582531
2451348.941765881 1.000544250011444 0.000985482649412
2451348.978571029 1.0001732110977173 0.0009846604662016
2451349.0896809013 1.0007227659225464 0.0009838453261181
2451349.140374776 1.0009275674819946 0.0009842102299443501
2451349.222318295 1.000704288482666 0.00098340940894555
2451349.3313448313 1.0009914636611938 0.0009833455551415
2451349.3862053137 1.0002999901771545 0.00098286586580795
2451349.4584267037 1.00082927942276 0.00098235846962775
2451349.537592453 1.0006954669952393 0.00098218274069945
2451349.61398045 1.0007275342941284 0.0009820685954764
2451349.6952294963 1.0009150505065916 0.0009817841928452
2451349.7653675573 1.0001399517059326 0.00098147732205685
2451349.841061102 1.0003503561019895 0.0009812358766794
2451349.9174490785 1.000565528869629 0.0009808050235733
2451349.9931426137 1.0000268518924713 0.00097984442254525
2451350.0688361437 1.0001826286315916 0.0009796327212825
2451350.144529669 1.0004082322120667 0.0009791587362997
2451350.220223189 1.0002552270889282 0.000978858792223
2451350.29661114 1.0005029439926147 0.0009786880109459
2451350.3729990856 1.0004154443740845 0.0009786762529984
2451350.447998155 1.000328779220581 0.0009785883594304
2451350.5243860907 1.0005565881729124 0.0009787156013771
2451350.6000795863 1.0000660419464111 0.0009785402799025
2451350.6757730767 1.0006593465805051 0.0009786443552002
2451350.7514665634 1.0002952814102173 0.00097862852271645
2451350.8271600446 0.989730417728424 0.0009746638243086
2451350.9028535215 0.9869098663330078 0.0009737947839311501
2451350.9785469933 0.988012969493866 0.0009742075926624
2451351.0549348965 1.0005794763565063 0.0009788856841623
2451351.131322795 1.0008485317230225 0.0009791778866201
2451351.207016254 1.0004883408546448 0.00097923085559155
2451351.2827097084 1.0006277561187744 0.0009792555356398
2451351.3590975935 1.0006529092788696 0.0009795199148356
2451351.434096604 1.000194430351257 0.0009796078084036
2451351.5104844803 1.0011041164398191 0.0009799879044294
2451351.585483482 1.0006526708602903 0.0009802780114114
2451351.662565785 1.0006923079490662 0.0009806824382394001
2451351.736870343 1.0005327463150024 0.0009809756884351
2451351.8146470715 1.0009411573410034 0.0009816224919632
2451351.8896460566 1.0003151893615725 0.0009819124825298
2451351.9653394707 1.0006797313690186 0.0009825519518926501
2451352.0424217507 1.000554442405701 0.0009830627823248
2451352.116726286 1.000465452671051 0.00098382733995085
2451352.1979751643 1.0005658864974976 0.0009846589528024
2451352.2688075146 1.000083327293396 0.0009856690885499
2451352.344500903 1.0000813603401184 0.00098692299798125
2451352.420194285 1.0002641677856443 0.0009882682934403
2451352.4965820946 1.0000085830688477 0.0009894800605252
2451352.5722754616 1.0001840591430664 0.0009914456168188999
2451352.6479688194 1.0001322031021118 0.0009936688002198
2451352.7243566015 1.000188946723938 0.0009960661409422
2451352.7993555027 1.0001273155212402 0.000998138799332
2451352.8576879725 1.000533103942871 0.0010006915545091
2452061.857397473 1.001129984855652 0.0009675488108769
2452061.9011480827 0.9999686479568479 0.0009674171742517
2452061.9726768276 0.9997755885124208 0.0009674471803009
2452062.0490667135 0.9999412298202514 0.0009674886823631
2452062.124762114 0.999772846698761 0.0009674274188000501
2452062.2004574896 0.9997746944427488 0.0009674298344179
2452062.2768472945 1.0000258684158323 0.0009675465989857
2452062.3525426257 0.9997209906578062 0.00096746443887235
2452062.4282379393 1.000166654586792 0.000967526633758
2452062.503933236 1.0002373456954956 0.00096755131380625
2452062.5796285183 1.000172734260559 0.0009676195331849
2452062.6560182385 1.0000878572463987 0.0009675551555119
2452062.7317134934 1.000092089176178 0.0009674552129581
2452062.8074087366 1.0004709959030151 0.0009676791378296
2452062.8831039676 1.0002650618553162 0.00096763015608295
2452062.9587991885 1.0000407695770264 0.0009675171459093
2452063.03518885 1.0001187324523924 0.0009675813489593
2452063.11088405 1.0000466704368591 0.0009674923203419499
2452063.1865792405 0.9999533891677856 0.0009676248882897
2452063.262968872 0.9999173879623412 0.0009675768669694
2452063.3386640437 1.0001992583274841 0.0009676321060396
2452063.4143592073 0.9999164342880248 0.0009676381596364
2452063.490054361 0.9998323619365692 0.00096762145403765
2452063.5657495065 0.999872386455536 0.0009676353656686
2452063.6421390944 0.9999639987945556 0.000967682688497
2452063.717834223 1.0000560879707336 0.0009677053603809
2452063.7935293443 0.9998250007629392 0.0009676915360614
2452063.869224457 0.9999860525131226 0.00096778044826345
2452063.944919562 1.000316858291626 0.0009679899085313
2452064.0213091094 1.0002046823501587 0.0009679503273218
2452064.097004199 1.000121533870697 0.0009679658687673
2452064.1726992805 1.0001471042633057 0.0009678801288828
2452064.2490888047 0.9997090697288512 0.0009678783826529
2452064.324783871 0.999992847442627 0.00096792759723025
2452064.40047893 0.9997989535331726 0.0009679817594587
2452064.476173982 1.0001990795135498 0.00096807035151865
2452064.5518690264 1.000028133392334 0.0009681385708972
2452064.628258513 1.0000646114349363 0.0009681260562501
2452064.7039535423 0.9999588429927826 0.00096813726122485
2452064.7796485643 0.9998628497123718 0.0009682170348241
2452064.8553435793 0.9998310804367068 0.0009681692463345
2452064.9310385874 1.0000048875808716 0.0009683183161541
2452065.007428037 0.9998930692672728 0.0009683413663879
2452065.083123031 1.000139832496643 0.00096832989947865
2452065.158818017 1.000062108039856 0.0009683538228273
2452065.2352074455 1.0001356601715088 0.0009685867116786
2452065.3109024176 1.0000916719436643 0.0009685039112809499
2452065.3865973824 1.0001683235168457 0.0009686133125796
2452065.4622923406 0.9995346069335938 0.0009684741380624
2452065.537987292 1.00007164478302 0.0009687643614597
2452065.6143766847 0.9999634623527528 0.0009686987614259
2452065.690071622 1.0003070831298828 0.0009687554847913999
2452065.7657665517 0.99988055229187 0.0009688646532595
2452065.841461475 1.0000951886177063 0.0009688817663117499
2452065.9171563913 1.000048279762268 0.0009691233281046
2452065.9935457488 0.999751091003418 0.0009690796723589
2452066.069240651 0.9998423755168915 0.00096928808488875
2452066.1449355464 0.9996942281723022 0.0009692729800008
2452066.221324884 0.9998990893363952 0.0009694460313767
2452066.2970197657 0.9997844099998473 0.00096971736638805
2452066.37271464 0.9997718930244444 0.0009697889909148
2452066.448409509 1.000052809715271 0.0009700956579763
2452066.5241043693 1.0001122951507568 0.0009701711824163
2452066.6004936723 0.9999995827674864 0.0009702937095426
2452066.67618852 0.9999478161334989 0.0009706016571726
2452066.751883361 1.0002923011779783 0.0009708591969683
2452066.8275781954 0.9998241066932678 0.0009709945588837999
2452066.9032730227 0.999917984008789 0.000971263856627
2452066.9796622917 1.0001627206802368 0.0009716197382658
2452067.055357106 0.9999209940433501 0.0009719558875076
2452067.131051913 0.9994717240333556 0.0009721701499074
2452067.207441162 0.9993830919265748 0.0009725815034471
2452067.283135955 0.9995453357696534 0.0009729778685141
2452067.358830743 0.9998949766159057 0.0009733173064887
2452067.4345255243 1.0002326965332031 0.0009738253138493499
2452067.510220298 1.0003305673599243 0.0009743200498633
2452067.5866095135 1.000208616256714 0.0009750724420882
2452067.6623042747 1.0002043843269348 0.00097570178331805
2452067.7379990295 0.9999846816062928 0.0009759686654433
2452067.8136937777 1.000089406967163 0.00097633505356495
2452067.889388519 0.999797523021698 0.0009766014991328
2452067.9657777017 1.000213384628296 0.0009768200106918
2452068.0463335593 0.9996566772460936 0.0009769200114533
2452068.1171671525 0.999600887298584 0.000977307325229
2452068.1935563157 0.9996874332427976 0.0009779066313058
2452068.2692510253 0.9998857975006104 0.0009780700784176
2452068.3449457283 0.9999617934226988 0.0009778846288099
2452068.420640425 1.0001331567764282 0.0009779898100532002
2452068.4963351157 1.000252366065979 0.0009788710158318
2452068.572724247 1.0001778602600095 0.0009802192216739
2452068.648418925 1.0000863671302795 0.00098117277957495
2452068.7241135966 1.000133395195007 0.0009816085221245
2452068.7998082624 0.9997793138027191 0.0009819989209063
2452068.8755029216 1.0002784729003906 0.0009827795438468
2452068.9518920216 0.9999557733535768 0.0009828683687373
2452069.0275866687 0.9999286532402039 0.0009831646457314001
2452069.1032813103 0.9998012781143188 0.0009839767590165
2452069.179670392 1.000156283378601 0.0009854299714788
2452069.2553650206 0.9999259114265441 0.0009858735138550002
2452069.3310596445 1.0001014471054075 0.0009860059944912
2452069.406754262 1.000145673751831 0.0009867697954177
2452069.482448873 0.9999902844429016 0.0009896563133224
2452069.558837925 0.9999133944511412 0.0009934828849509
2452069.6345325247 1.0000826120376587 0.0009976378642022
2452069.710227119 0.9999311566352844 0.0010003646602854
2452069.786616153 0.999829888343811 0.0010025626979768
2452069.86161629 0.9998612999916076 0.0010054523590952
2452069.9380053137 1.0002528429031372 0.0010070556309074
2452070.013699885 0.9998408555984497 0.0010074563324451
2452070.0893944516 1.0001444816589355 0.0010096286423504
2452070.1657834575 1.0000499486923216 0.0010143996914848
2452070.2414780133 1.0000482201576233 0.001017456583213
2452070.3171725636 1.0004459619522097 0.0010178227676078
2452070.3928671083 1.000136911869049 0.0010181709658354
2452070.4685616484 1.000356674194336 0.0010232519125565
2452070.544950628 1.0006481409072876 0.0010343515314161
2452070.6206451585 1.0009050369262695 0.0010503476369194001
2452070.676895219 1.0009890794754028 0.0010603519622236
2452075.1852296335 0.9997926950454714 0.0009679443319328
2452075.2449515034 1.0000609159469604 0.0009680446237325
2452075.323423233 0.9997865259647367 0.0009677305060904
2452075.3991171718 1.0002316236495972 0.0009678457863628
2452075.4755055257 0.9999005198478698 0.0009678386850282
2452075.5511994176 1.000016838312149 0.0009679787617642
2452075.626893289 0.999867796897888 0.0009679027134552
2452075.703281582 0.9997713565826416 0.0009678388014435
2452075.7789754183 0.9998100101947784 0.000967850734014
2452075.8546692394 1.000185251235962 0.0009679392096586
2452075.930363047 1.000267446041107 0.00096792262047525
2452076.0067512784 1.0000067353248596 0.00096789616509335
2452076.082445059 1.0001430511474607 0.0009678433416411
2452076.158138827 1.000340223312378 0.00096794453565955
2452076.233832584 0.99992436170578 0.0009677329217083
2452076.30952633 1.0000029504299164 0.00096775311976665
2452076.3852200652 1.0000953674316406 0.0009678852511569
2452076.4616082283 0.9998847842216492 0.0009677447960712
2452076.537301943 0.9998874664306641 0.0009677613852545
2452076.6129956483 0.9998237490653992 0.0009678825153969
2452076.689383782 0.9999939799308778 0.0009678032947704
2452076.765077468 0.9999457597732545 0.00096784989000295
2452076.840771146 1.0000008344650269 0.0009678422939032
2452076.9164648145 0.9998783767223358 0.00096781275351525
2452076.9921584744 0.9998942613601683 0.0009677920606918
2452077.0685465634 0.9999676942825316 0.0009678696515038
2452077.144240206 0.999988317489624 0.00096781214233485
2452077.2199338404 1.0000520944595337 0.0009678528294898
2452077.295627467 1.0001541376113892 0.0009678689530119001
2452077.371321085 0.999767541885376 0.0009678069036453
2452077.447709132 0.9999507069587708 0.0009678638889454
2452077.5234027337 1.0001856088638303 0.000967957341345
2452077.5990963285 0.9998100399971008 0.0009679140639491
2452077.675484352 0.9999204277992249 0.0009678647620603
2452077.75117793 0.9998489022254945 0.0009678590868133501
2452077.8268715013 1.0000889301300049 0.0009678070200607
2452077.9025650644 1.0002817511558535 0.0009679739596322
2452077.97825862 0.9999187588691713 0.0009678676142357
2452078.0546466047 0.9997257590293884 0.0009678740170784
2452078.130340145 0.9996232092380524 0.00096779936575325
2452078.2060336783 1.0000766515731812 0.0009678317001089
2452078.281727204 1.0003229975700378 0.00096788877272045
2452078.357420722 0.9999728202819824 0.0009679352515377
2452078.433808669 1.0000491142272947 0.0009679158101789
2452078.5095021725 1.0001257061958313 0.0009679933136794001
2452078.585195669 0.9999587535858152 0.0009678575443103
2452078.661583594 1.0001121759414673 0.0009679338545538
2452078.7372770756 0.9998570680618286 0.0009678561764303499
2452078.8129705503 0.9999441504478456 0.0009678575443103
2452078.8886640174 1.0001070499420166 0.0009678648493718
2452078.964357478 1.000053644180298 0.0009679563227109
2452079.0407453673 0.9999577403068542 0.0009678118512965
2452079.116438813 1.0000354051589966 0.00096790169482115
2452079.1921322523 1.0001587867736816 0.0009677922935225
2452079.2678256845 0.9998584985733032 0.0009678590286057
2452079.3435191098 1.0001535415649414 0.0009679383365437
2452079.419906963 0.9999075531959531 0.0009678835049271
2452079.495600374 1.0000338554382324 0.0009678233473095501
2452079.5712937783 1.0000990629196167 0.0009677884518168
2452079.64768161 0.9997723698616028 0.0009677659836597
2452079.723375001 1.000181496143341 0.0009677865018602001
2452079.799068385 1.000017523765564 0.0009677869384177
2452079.874761761 0.9994854629039764 0.0009677558846305501
2452079.950455131 1.0000867843627927 0.0009677662164904
2452080.026842929 0.9998932480812072 0.0009677438065409
2452080.1025362853 1.0001059770584106 0.0009678161877672499
2452080.178229635 0.9995999336242676 0.0009677296620793
2452080.254617412 0.9998736977577208 0.0009677484049461
2452080.330310748 0.9999157190322876 0.0009678994538262001
2452080.4060040778 1.000239372253418 0.0009681436931714
2452080.4816974006 0.9998137652873992 0.0009682895324658
2452080.557390717 1.0002925395965576 0.0009686659323051
2452080.6337784603 1.000089168548584 0.0009688395657576
2452080.709471763 1.0001587867736816 0.00096930030849755
2452080.7851650603 0.999971866607666 0.0009694236796349
2452080.86085835 0.9998527467250824 0.0009696027846075
2452080.9365516333 0.9998773932456968 0.0009696556953713
2452081.0129393437 1.000092387199402 0.0009699173970147
2452081.089327048 0.9999788999557496 0.0009701053495518
2452081.1594648436 0.9997060894966123 0.00097022289992305
2452081.2414080035 0.9998913705348969 0.00097070031915785
2452081.316406821 1.0000208020210266 0.00097054895013565
2452081.392100066 1.0000947713851929 0.000970632827375
2452081.4677933045 0.999881386756897 0.0009708234283607
2452081.543486537 0.9997699856758115 0.0009715355117805
2452081.619874196 1.0001022815704343 0.0009723208495415
2452081.695567416 0.9999728500843048 0.0009730971942190001
2452081.77126063 0.9997942447662352 0.0009738079970702
2452081.846953837 1.0000151991844177 0.0009746275027282
2452081.9226470385 0.9994676113128662 0.0009749472374096
2452081.9990346665 0.999624490737915 0.0009754143538884
2452082.0747278556 0.999762624502182 0.0009762478584888999
2452082.150421039 0.9997795224189758 0.0009770956821739
2452082.226808649 1.000239610671997 0.0009774051140993
2452082.3025018205 0.9999694526195525 0.0009773112251423
2452082.378194986 0.9998610019683836 0.0009776478400453
2452082.4538881453 0.9998268485069274 0.0009785092552192
2452082.5295812986 1.0000919103622437 0.0009807354072108
2452082.605968879 0.9999735355377196 0.000984072103165
2452082.681662021 1.0000360012054443 0.00098742113914335
2452082.7573551578 1.0003192424774168 0.0009897766867652
2452082.8330482882 1.0003507137298584 0.00099286047043275
2452082.9087414136 1.0000617504119873 0.0009960014140233
2452082.9851289657 1.0001957416534424 0.0009981320472434
2452083.06082208 0.9998573362827301 0.00100062764249735
2452083.136515189 1.0002615451812744 0.0010038594482466
2452083.2129027243 1.0000708103179932 0.0010056614410132
2452083.2885958226 1.0002868771553037 0.0010059293126687
2452083.364288915 0.9995266795158384 0.0010055669117718
2452083.4399820026 0.999705284833908 0.0010075823520309499
2452083.5156750856 1.0000183582305908 0.0010137353092432
2452083.592062595 0.9996147751808168 0.0010249357437714
2452083.6677556676 0.9995089471340179 0.0010364232002757
2452083.7434487357 0.9996907711029052 0.0010461630299687
2452083.819141798 0.9994404315948486 0.00105640088440845
