2451410.937839629 0.9972380697727202 0.0013386369100771502
2451411.0239539994 0.9988235533237458 0.0013381969183683
2451411.098262355 0.9992827773094176 0.0013379349838942
2451411.1739596394 0.9999179840087891 0.00133802986238145
2451411.2503513806 1.0004653334617615 0.0013379290467128
2451411.3260486363 1.0005638599395752 0.0013379252050071
2451411.4010514077 1.0002799034118652 0.0013378058793023
2451411.4774431037 1.0013407468795776 0.0013378740986809
2451411.5538347843 1.001154541969299 0.0013380645541474
2451411.62883751 1.000793695449829 0.001338122296147
2451411.7052291604 1.00104558467865 0.0013382887700572
2451411.7809263254 1.0008231401443481 0.0013383234618231
2451411.8566234754 1.001299738883972 0.0013383354526013
2451411.9330150792 1.0010862350463867 0.0013385050697252
2451412.00801773 1.0018080472946167 0.0013386526843532
2451412.084409304 1.0017473697662351 0.0013386550126597
2451412.160800862 1.001432180404663 0.00133836211171
2451412.232331126 1.0014236569404602 0.00133828306570645
2451412.3163618087 1.002165675163269 0.0013385200873017
2451412.3892809814 1.001847505569458 0.0013383350451476
2451412.462200141 1.00271475315094 0.0013382043689489
2451412.539980564 1.0021612644195557 0.0013383555924519
2451412.6149831 1.001776933670044 0.0013384337071329
2451412.6920690266 0.9925385117530822 0.00133407395333045
2451412.7684604703 1.0022788047790527 0.00133833329891785
2451412.8434629664 1.0015466213226318 0.00133835646556685
2451412.919159916 1.001044511795044 0.0013381377793848
2451412.9955513207 1.0021814107894895 0.0013382752658799
2451413.0712482445 1.001763105392456 0.0013378231087699
2451413.1469451548 1.0009471178054807 0.0013376986607909
2451413.2233365197 1.0010411739349363 0.0013376241549849
2451413.301116805 1.0045175552368164 0.0013373761903494
2451413.374730277 1.0046796798706057 0.0013369544176384
2451413.451121603 1.0040180683135986 0.0013368163490667
2451413.5268184505 1.0038971304893491 0.00133690336951985
2451413.6025152854 1.0038118362426756 0.0013364453334361
2451413.6789065744 1.0036067962646484 0.0013362272875383
2451413.754603385 1.0037445425987244 0.00133607484167435
2451413.830300183 1.0033422708511353 0.0013359291478991
2451413.903913572 1.0025978088378906 0.0013358074938878
2451413.983082676 1.0029219388961792 0.0013350620865821
2451414.0580849717 1.002094030380249 0.0013349460205063
2451414.133087257 1.000702142715454 0.0013350691879168
2451414.210172927 1.000366449356079 0.0013346481719054
2451414.2858696547 1.0010844469070437 0.0013349150540307
2451414.3608719055 1.0005738735198977 0.0013345483457669
2451414.4365686094 1.0004862546920776 0.00133447354892265
2451414.514348698 1.0001030564308167 0.0013343950267880999
2451414.589350914 0.998600035905838 0.00133414816809815
2451414.6650475836 0.9988142251968384 0.0013339993311092
2451414.7414387073 0.9986098408699036 0.0013340823352336
2451414.8171353545 0.9985860288143158 0.00133412331342695
2451414.892831991 0.9966525435447692 0.0013334050308912
2451414.9720009384 0.9966797232627868 0.0013326393673196
2451415.044919695 0.9982819855213165 0.00133330374956125
2451415.121310762 0.9972706437110901 0.00133328652009365
2451415.1983962823 0.9965051412582396 0.0013333070091903
2451415.2727039345 0.9974054992198944 0.0013332777307368
2451415.3484005043 0.9963580965995787 0.0013332583475857
2451415.424097064 0.9963862895965576 0.0013332953094504
2451415.499793612 0.9965911507606504 0.0013331521768122
2451415.576184613 0.996980369091034 0.0013332507805898
2451415.6518811397 0.9968616366386414 0.0013335426920093
2451415.7275776556 0.9973660111427308 0.0013333742972463
2451415.803968624 0.9968484044075012 0.0013333768583834
2451415.8796651186 0.9965649247169495 0.00133305398048825
2451415.9553616024 0.9969904422760008 0.0013329685898497
2451416.0317525384 0.9968443512916564 0.001332958578132
2451416.1074490007 0.9969278275966644 0.00133283628383645
2451416.1831454528 0.997178316116333 0.0013329407665878
2451416.259536357 0.9973031878471376 0.0013329745270311
2451416.3352327878 0.9975168406963348 0.00133296422427515
2451416.410929208 0.9981296658515928 0.0013332853559404
2451416.4873200804 0.998166799545288 0.0013335506664589
2451416.563016479 0.9980677664279938 0.0013336849515326
2451416.6387128676 0.9988238215446472 0.0013339929282665
2451416.714409246 0.9987999796867371 0.0013338792487047001
2451416.790105614 0.9988617300987244 0.0013336314586922
2451416.8664964335 0.9991344809532164 0.0013336457777768
2451416.937331548 1.0000202655792236 0.0013338174903765
2451417.019278041 1.0014857053756712 0.0013338435674086
2451417.0866408274 1.0010221004486084 0.0013338602147996
2451417.1692817598 0.9886037707328796 0.0013284506276249
2451417.242894681 1.000938892364502 0.0013342287857085
2451417.322757745 1.0002181529998777 0.0013342481106519
2451417.399148491 1.00078684091568 0.0013342800666578001
2451417.475539227 1.001186490058899 0.0013341949670575
2451417.549846569 1.00100040435791 0.0013345695333555
2451417.625542823 1.0012467503547668 0.00133459776407105
2451417.700544606 1.0007736682891846 0.00133464165264735
2451417.779018683 1.0004706382751465 0.0013345667393878
2451417.8540204456 1.0009363889694212 0.001334605156444
2451417.9283277374 1.0011348724365234 0.0013347464846446499
2451418.006107322 1.000898540019989 0.00133478094357995
2451418.0811090544 1.0007761120796204 0.00133483763784165
2451418.1568052364 1.0007585287094116 0.0013349349610507
2451418.232501409 1.0001495480537415 0.0013349364744499
2451418.308892031 1.0003954768180847 0.0013347956119104999
2451418.384588183 1.000645875930786 0.001334955682978
2451418.4575064853 1.000325322151184 0.0013348687789402499
2451421.224228306 0.9973600506782533 0.0012774678179994
2451421.2679790733 1.0009542107582092 0.001279087329749
2451421.344369295 1.004299879074097 0.001290775835514
2451421.4207595075 1.004906415939331 0.0013044127263128
2451421.496455255 1.004578709602356 0.0013149756123310998
2451421.5728454497 1.0032808184623718 0.0013219174579717
2451421.6485411795 0.991597294807434 0.00132258515805
2451421.724236901 1.0010377168655396 0.0013318911078385501
2451421.799932615 1.00015127658844 0.0013354828115552
2451421.8763227775 1.000041127204895 0.0013378846924751
2451421.9520184766 0.9995473623275757 0.00133991637267165
2451422.0277141687 0.9995837211608888 0.001341208233498
2451422.1041043107 1.0000184774398804 0.0013420484028756
2451422.1797999907 1.0001497268676758 0.0013470976846292
2451422.2554956656 1.0008754730224607 0.0013645006110891
2451422.3318857914 1.00104558467865 0.0013858153251931
2451422.407581458 1.0008028745651245 0.00140369590371845
2451422.4777214774 1.0000054836273191 0.0014246758073568
2451424.5645662006 1.0028640031814575 0.0013400693424046
2451424.6083171247 1.0038496255874632 0.0013401987962424
2451424.684707617 1.0033683776855469 0.0013397217262536
2451424.760403638 1.0032584071159363 0.0013394432025961001
2451424.8360996447 1.0024092197418213 0.0013391808606684
2451424.908323344 1.0016725063323977 0.001338790054433
2451424.9881860726 1.0026613473892212 0.00133887410629535
2451425.064576493 1.0018814206123352 0.0013387632207012999
2451425.140272439 1.0010571479797363 0.0013385384809225
2451425.2159683695 1.001031756401062 0.0013381763128563502
2451425.291664284 1.0010833740234375 0.001338111818768
2451425.368054641 1.000372052192688 0.0013382596662268
2451425.4437505235 0.9996129870414734 0.0013377820141613
2451425.519446391 0.9998450875282288 0.0013377427821978
2451425.5965311574 0.9989815056324006 0.00133765523787585
2451425.671532536 0.9983404576778412 0.001337562687695
2451425.7465338996 0.9990125596523284 0.00133738981094205
2451425.8229241623 0.999169647693634 0.00133762723999095
2451425.8986199526 0.9986766576766968 0.0013372563989832
2451425.9750101846 0.9993942975997924 0.0013373207766562
2451426.0507059456 0.9988416731357574 0.00133740005549035
2451426.1264016917 0.9883487224578856 0.0013333556707948
2451426.202791879 0.9985216259956362 0.0013374963309615
2451426.278487596 0.9985120892524717 0.00133737002033735
2451426.3541832995 0.9991657733917236 0.0013375313719734
2451426.430573444 0.9985789060592652 0.001337552210316
2451426.5062691187 0.9985498487949371 0.00133755721617485
2451426.5819647796 0.9991039037704468 0.0013376957504078
2451426.658354882 0.999214231967926 0.0013379339361563
2451426.734050516 0.9995367228984833 0.00133798847673455
2451426.8097461364 0.9997089505195615 0.0013379985466599
2451426.886136199 0.9998220205307008 0.0013384270714595
2451426.9618317923 0.9999329447746277 0.00133841449860475
2451427.0375273726 0.999776303768158 0.0013383656041696
2451427.113917395 1.0001872777938845 0.0013384642079472
2451427.1896129493 0.9998200237751007 0.0013386165956034502
2451427.2653084914 1.0003080368041992 0.0013386749196797
2451427.3410040205 0.9999288022518158 0.0013386101927608
2451427.4166995366 1.0004388093948364 0.0013385893544182
2451427.4930894948 1.0006771087646484 0.0013385693309828
2451427.5625349 1.0016663074493408 0.0013385412748903
2451427.645174919 1.0005211234092712 0.0013383915647864
2451427.7208703854 1.000300407409668 0.0013383952900767
2451427.79656584 0.9999308586120605 0.0013385015772655
2451427.872261282 1.00006103515625 0.0013383679324761
2451427.9486511652 0.9997549057006836 0.0013383401092141
2451428.0250410363 1.0002590417861938 0.0013383419718593
2451428.099347536 0.9995316863059998 0.0013383003533817498
2451428.1764318366 0.999002695083618 0.0013382108882069
2451428.252127218 0.9989661276340485 0.0013382080942392
2451428.3278225884 0.9896712005138397 0.0013347942149266
2451428.4042124 0.9984011650085448 0.001337781897746
2451428.4799077464 0.9980615973472595 0.00133769708918405
2451428.5556030814 0.9988294839859008 0.00133780145552
2451428.631992858 0.9984281063079833 0.0013378308503888
2451428.706993717 0.9981406331062316 0.0013378632720559
2451428.7833834696 0.9980787634849548 0.0013375047128647
2451428.8590787584 0.9980596601963042 0.0013374154223128498
2451428.934774036 0.9980593919754028 0.0013376362621784
2451429.0111637535 0.997713267803192 0.0013374605914577
2451429.0868590083 0.997274488210678 0.001337488356512
2451429.1625542515 0.9969139099121092 0.0013371886452659
2451429.238943935 0.9973704814910888 0.0013375954004004
2451429.3146391558 0.9967842400074005 0.0013373104156926
2451429.390334365 0.996703326702118 0.0013374240370467
2451429.466724015 0.9969404339790344 0.0013372979592531
2451429.5424192017 0.9967249929904938 0.0013372175162657501
2451429.6181143774 0.9970839619636536 0.0013372354442253
2451429.6945039933 0.99710875749588 0.0013372779358178
2451429.7701991466 0.9971450269222257 0.00133729644585395
2451429.845894289 0.9970274567604066 0.0013374384725466
2451429.9222838716 0.9967988133430482 0.0013374316040426
2451429.997978992 0.9970386922359467 0.0013373420224525
2451430.0736741014 0.9977003931999208 0.0013377992436289
2451430.15006365 0.9977313280105592 0.0013373275287449
2451430.225758738 0.9989016950130463 0.00133741501485925
2451430.301453814 0.999186635017395 0.0013375725829973
2451430.3778433297 0.9993996620178224 0.0013377520954236
2451430.4535383848 1.0001180171966553 0.0013376140268519
2451430.529233428 0.9996436834335328 0.0013375499984249
2451430.60978961 0.9945878982543944 0.0013368685031309
2451430.6806234834 0.9976896047592164 0.0013382979668676
2451430.7570129447 0.9980475902557372 0.0013386260252445
2451430.8327079443 0.9984847605228425 0.00133847713004795
2451430.908402934 0.9984745979309082 0.0013386812061071
2451430.9847923624 0.9983804225921632 0.0013387679355219
2451431.06048733 0.99894317984581 0.0013387521030381
2451431.1361822877 0.9988646507263184 0.0013388446532189
2451431.2125716833 0.9992827773094176 0.001339160837233
2451431.2882666187 0.9996133148670197 0.0013392440741881
2451431.363961544 0.9997859001159668 0.0013393543194979
2451431.440350907 1.0001847743988037 0.0013395228888839
2451431.51604581 1.0011600255966187 0.0013397905277087998
2451431.5917407027 1.0009008646011353 0.001339629292488
2451431.668130033 1.0011340379714964 0.0013400001917034
2451431.743824905 1.0012144446372986 0.00133994652424005
2451431.819519765 1.0013432502746582 0.0013400135794654
2451431.895909063 1.0012131929397583 0.0013402202166616
2451431.9716039025 1.0016977787017822 0.0013403230695984499
2451432.0472987313 1.0015413761138916 0.001340280752629
2451432.1229935484 1.0020112991333008 0.00134043965954325
2451432.198688356 1.0022358894348145 0.0013406139332801
2451432.2750776005 1.0021759271621704 0.0013408601516857
2451432.350772386 1.0021701455116272 0.0013408604427240498
2451432.426467161 1.0024124383926392 0.0013410275569185
2451432.5028563733 1.0026671886444092 0.00134122883901
2451432.5785511266 1.003502905368805 0.0013412020634859
2451432.65424587 1.0040937662124632 0.001341106602922
2451432.7306350498 1.004318118095398 0.0013411720283329
2451432.806329772 0.9937422275543212 0.00133741972967975
2451432.882024483 1.0046358108520508 0.0013410126557573
2451432.9584136303 1.006703495979309 0.0013410992687568
2451433.0341083203 1.0063573718070984 0.00134139781584955
2451433.109802999 1.005899429321289 0.0013411371037364
2451433.1861921144 1.006205916404724 0.0013411437394097
2451433.2618867722 1.0062730908393858 0.0013412389089353
2451433.33758142 1.0057193040847778 0.0013412360567599
2451433.413970502 1.0057837963104248 0.0013408870436251
2451433.4896651283 1.006364345550537 0.0013409273233264
2451433.5604986222 1.0060937404632568 0.00134069164050735
2451433.641054348 1.0037858486175537 0.0013409036910160999
2451433.7167489426 1.0031689405441284 0.0013406514190137
2451433.793137972 1.0031315088272097 0.0013407254591584
2451433.8688325444 1.0027888417243958 0.0013406441430561
2451433.944527107 1.0027538537979124 0.0013402780750766
2451434.020916104 1.0025997161865234 0.0013402659678831
2451434.096610645 1.0023658275604248 0.0013400692841969001
2451434.172305175 1.0020557641983032 0.0013397969305515
2451434.24869414 1.0021058320999143 0.0013398149749264
2451434.3243886493 1.0014713406562803 0.0013395376154221
2451434.400083148 1.0015169382095337 0.0013391957618296
2451434.476472081 1.000356674194336 0.0013388943625614
2451434.552166559 1.000616192817688 0.0013388995430431501
2451434.627861026 1.0004338026046753 0.0013385399943217
2451434.7042499273 1.0002647638320925 0.0013386253267526
2451434.7799443738 0.999827355146408 0.00133842229843135
2451434.85563881 0.9997857809066772 0.0013380229938775
2451434.93202768 0.9994012117385864 0.0013380271848291
2451435.0077220956 0.9983705878257749 0.00133745768107465
2451435.0834165006 0.9936660528182985 0.0013355425326153
2451435.15980534 0.9980264902114868 0.0013374291593208
2451435.235499725 0.99791619181633 0.00133717281278215
2451435.311194101 0.9981383681297302 0.0013371149543672
2451435.386888467 0.9975256323814393 0.0013369431835598502
2451435.4618883785 0.9971815645694733 0.0013366487110033
2451435.5389716127 0.997211158275604 0.0013363264733925
2451435.61466595 0.9979198873043059 0.0013364992919377501
2451435.6903602793 0.997964322566986 0.0013360796729102
2451435.766749042 0.9986156225204468 0.0013360399752855
2451435.8424433535 0.9986871480941772 0.0013357903808354499
2451435.9181376575 0.9995030760765076 0.0013358741998672
2451435.994526396 1.0002954006195068 0.0013356435811147
2451436.070220685 1.0003477334976196 0.0013359037111513
2451436.145914968 1.0014902353286743 0.0013366125058382
2451436.222303688 1.0007795095443723 0.0013479981571435
2451436.29799796 1.0004462003707886 0.00137047894531855
2451436.373692229 1.0008554458618164 0.0013963560340926
2451436.4313309817 0.9993954300880432 0.0014201634330674499
2451438.2723044422 0.999362587928772 0.0013171401806175
2451438.3466102304 1.0018035173416138 0.00129229348385705
2451438.423693793 1.0016340017318723 0.0012761685065925
2451438.500777339 1.0016526579856873 0.00127517682267345
2451438.574388639 1.0019787549972534 0.0012753324117511
2451438.651472153 1.0019354820251465 0.0012750066816806
2451438.7264723126 1.0019401311874387 0.001274881651625
2451438.8028613473 1.0023070573806765 0.0012746811844408
2451438.877861473 1.002332329750061 0.0012747850269079
2451438.9535560273 1.0012671947479248 0.0012748931185342
2451439.0313339 1.000290334224701 0.00127473112661385
2451439.1063339747 1.0003616213798523 0.001274831185583
2451439.182722923 0.9998494088649751 0.00127475173212585
2451439.2584174094 0.9997218251228333 0.001274602022022
2451439.3348063244 1.0016002655029297 0.001274830661714
2451439.4098063335 1.0003657341003416 0.0012748066801577
2451439.486195216 0.9989082217216492 0.0012743566185235
2451439.5618896373 0.9988386929035187 0.00127404538216065
2451439.6375840437 0.9993669986724852 0.0012747971341013
2451439.713972878 0.9989935755729676 0.0012744758278131
2451439.7896672534 0.9986461102962492 0.00127474957844235
2451439.865361614 0.9985315799713136 0.0012746849097311
2451439.941750403 0.9991657137870787 0.0012747724540531
2451440.0174447335 0.9993886351585386 0.00127460458315905
2451440.0931390496 0.9991365075111388 0.0012745764106512
2451440.168833351 0.9988115429878235 0.00127457734197375
2451440.2445276384 0.9987667798995972 0.0012746113352477
2451440.3209163547 0.998893976211548 0.0012745140120387
2451440.396610614 0.9981799423694611 0.0012744622654281001
2451440.4723048597 0.9987761974334716 0.0012747151777148
2451440.548693534 0.9992753267288208 0.0012746670981869
2451440.6243877523 0.999125212430954 0.0012745173298753499
2451440.700081957 0.9992653727531432 0.0012748055160045
2451440.7764705904 0.9996070265769958 0.001274736598134
2451440.8521647686 0.9994748830795288 0.00127466412959615
2451440.9278589343 0.9995373487472534 0.0012748523149639
2451440.997997552 1.0003718137741089 0.0012749034794978498
2451441.082024992 1.0039677619934082 0.0012749751913360501
2451441.155635793 1.0035531520843504 0.0012749950401484
2451441.2334132316 1.0028306245803833 0.0012749977177008
2451441.309801773 1.0037931203842163 0.0012751982430927
2451441.3841069792 1.0033087730407715 0.00127517106011505
2451441.4570232914 1.0028184652328491 0.0012751255417242
2451441.53618956 1.002282738685608 0.0012754830531775
2451441.613966934 1.0032083988189695 0.0012755065690726
2451441.6875776504 1.002347111701965 0.0012753396295011
2451441.762577237 0.990916907787323 0.0012715590419247
2451441.838965692 1.0017391443252563 0.0012755789794027
2451441.9146596952 1.001810610294342 0.0012757470249198
2451441.9903536867 1.001922369003296 0.0012759373057633
2451442.0674365456 1.0020307898521423 0.00127606966998425
2451442.142436073 1.001421332359314 0.0012759569799527001
2451442.218130028 1.00202476978302 0.0012761711841449
2451442.2945184116 1.0022753477096555 0.0012762399856001
2451442.3702123435 1.001664400100708 0.0012762431288137499
2451442.445906264 1.0019326210021973 0.0012764380080625
2451442.522294612 1.0018924474716189 0.0012765087885782
2451442.597988509 1.0019585490226746 0.0012766969739459
2451442.673682395 1.002334713935852 0.001277036499232
2451442.750070708 1.0020889043807983 0.0012770241592079
2451442.825764571 1.001609444618225 0.001277229108382
2451442.9014584217 1.001781344413757 0.0012771295150741
2451442.9778467007 1.0018463134765625 0.0012772961053997
2451443.0535405297 1.0015604496002197 0.00127719336887815
2451443.1292343466 1.0015695095062256 0.0012770910980179
2451443.2056225915 1.0021944046020508 0.0012770886532962
2451443.281316386 1.0022674202919006 0.00127719162264835
2451443.35701017 1.0017672777175903 0.0012771595502272
2451443.432703942 1.0028404593467712 0.0012773239868692499
2451443.5083977035 1.0028915405273435 0.0012771196197718
2451443.584785892 1.0019313097000122 0.0012771129840984
2451443.6604796313 1.0016189813613892 0.0012773420894518
2451443.7361733597 1.0021294355392456 0.0012775104260072
2451443.812561514 1.0025876760482788 0.0012773608323186
2451443.88825522 1.0030176043510437 0.001277346687857
2451443.9639489152 1.0017714500427246 0.0012769580353051
2451444.033392662 1.0019379258155823 0.0012754193739965
2451444.118114022 1.0063135623931885 0.001277275965549
2451444.191724372 1.0045772790908811 0.0012773179914802
2451444.268112461 1.004432201385498 0.0012772565241903
2451444.343806101 1.0037091970443723 0.00127722765319045
2451444.4194997307 1.003833889961243 0.0012770579196512
2451444.495887786 1.0033477544784544 0.0012768515152856
2451444.571581394 1.0026142597198486 0.00127675663679835
2451444.647274991 1.0025283098220823 0.0012765467399731
2451444.7236630134 1.0029500722885132 0.0012766073923557
2451444.799356589 1.0024274587631226 0.0012763678678311
2451444.8750501536 1.0029762983322144 0.0012763780541718
2451444.951438144 1.0014078617095947 0.0012758023804053
2451445.027131687 1.0005589127540588 0.0012756287469528
2451445.102825219 1.0007706880569458 0.0012755986535921
2451445.1785187405 1.0007343292236328 0.00127530092140655
2451445.2542122514 0.9998022317886353 0.0012750491732731
2451445.330600187 1.0000414848327637 0.0012748865410685
2451445.4062936762 0.9998286664485931 0.00127482303651045
2451445.481987155 0.9990331530570986 0.0012745682615786
2451445.5583750587 0.9988206028938292 0.0012743540573865
2451445.634068516 0.9981303513050079 0.0012742433464154501
2451445.7097619628 0.997483730316162 0.0012740228557959
2451445.7861498334 0.99714195728302 0.0012737768702208
2451445.8618432586 0.9970862567424774 0.00127362000057465
2451445.937536673 0.996517777442932 0.0012734326301142
2451446.013924512 0.9958986043930051 0.0012735954951494
2451446.089617905 0.9950445294380188 0.00127311149844895
2451446.1653112876 0.9960588216781616 0.0012731739552691
2451446.241699094 0.9844612479209902 0.0012684254907071
2451446.317392455 0.9959750473499299 0.00127299426821985
2451446.3930858057 0.9952495098114011 0.0012728482251986
2451446.4694735794 0.9950997829437258 0.0012729347217828
2451446.5451669088 0.9955887496471404 0.0012727223220281
2451446.620860228 0.9956961274147031 0.0012724895495921
2451446.6965535358 0.9960382878780364 0.0012725210399366
2451446.772246833 0.9950059056282043 0.0012726670829579
2451446.848634553 0.995319366455078 0.0012726670829579
2451446.9243278294 0.9956972301006316 0.0012725993292405499
2451446.9944656263 0.9969477057456968 0.0012727304128929
2451447.0784920836 0.9982129931449889 0.00127266865456475
2451447.152102027 0.9968991875648499 0.00127272709505625
2451447.2277952605 0.9968973398208616 0.001273097237572
2451447.3041829164 0.997049868106842 0.0012732109753414
2451447.3798761284 0.997045636177063 0.0012731925817206
2451447.45556933 0.9969663619995116 0.0012736250646412
2451447.531956954 0.9969999790191648 0.0012736759381368
2451447.6076501342 0.9979558885097501 0.0012739233789034001
2451447.6833433043 0.9985225796699524 0.0012739917729049
2451447.759730896 0.9987504482269288 0.0012742419494315
2451447.835424044 0.9987466335296631 0.0012741508544422
2451447.911117182 0.9992082118988036 0.0012745190178975
2451447.9875047426 0.9990971684455872 0.0012744691921398
2451448.0631978596 0.9989917278289794 0.0012748888693749501
2451448.138890966 0.9994431138038636 0.001274968846701
2451448.2152784937 1.000274419784546 0.0012751889880746
2451448.290971579 1.0008798837661743 0.0012752147740683999
2451448.3666646546 1.001089334487915 0.0012757073855027
2451448.442357719 0.998183876276016 0.001274891779758
2451448.518050774 0.9996516704559326 0.0012759699020534
2451448.59443825 1.0008894205093384 0.0012764997081831
2451448.670131284 1.001014769077301 0.0012766412110067
2451448.7458243086 1.0002014636993408 0.0012769676977768
2451448.8222117536 0.9999629855155946 0.0012770957546308
2451448.8979047583 1.0013151168823242 0.0012776227667927
2451448.973597753 1.0008037090301511 0.0012777538504451
2451449.04998517 1.0003992319107056 0.0012778175296261
2451449.1256781463 0.9998567700386047 0.0012779216631314998
2451449.201371113 1.000245451927185 0.0012779962271451
2451449.2777585024 1.0001847743988037 0.0012782188132405
2451449.353451452 1.00087970495224 0.0012782149133272
2451449.429144395 1.0005209445953367 0.0012781184632331
2451449.5055317604 0.9999106526374816 0.0012781405821442
2451449.581224689 1.000543475151062 0.0012779101962223
2451449.656917611 1.0003544092178345 0.0012777639785781
2451449.7333049583 1.0005552768707275 0.0012778113596141
2451449.808997872 0.9994862377643584 0.0012775112991221
2451449.8846907816 0.9987584352493286 0.0012773982016369
2451449.9610781213 0.9997185468673706 0.0012781216064468
2451450.040937613 1.0012053847312927 0.0013210639590397
2451451.5756338397 1.000813364982605 0.0013543808017857
2451451.6304941685 1.0002024173736572 0.0013119489885866
2451451.706881957 0.9992398023605346 0.0012848352780565
2451451.783269732 0.9982165694236756 0.0012750113382935
2451451.858268622 0.9984441995620728 0.0012746176216751
2451451.9332674956 0.9992448687553404 0.0012747449800372
2451452.0096552204 0.9997381567955016 0.001274814363569
2451452.0860429276 1.000468134880066 0.0012750048190355
2451452.162430617 0.999790906906128 0.0012752399779856
2451452.237429422 0.9989630579948424 0.0012752738548442
2451452.3138170764 0.9998358488082884 0.001275171060115
2451452.3888158463 1.0011349916458128 0.0012752838665619
2451452.4652034664 1.0003045797348022 0.0012755522038787
2451452.5415910687 1.0001554489135742 0.0012755806092172
2451452.6172842216 1.000636875629425 0.001275835733395
2451452.692977358 1.000994086265564 0.0012759007513523
2451452.76936491 1.0012096166610716 0.0012761940015479
2451452.8450580146 1.0007108449935913 0.00127611955394965
2451452.9207511027 0.9972265362739564 0.0012744345003739
2451452.997138608 1.000571846961975 0.001276301103644
2451453.072831665 1.001543641090393 0.00127666816115375
2451453.1485247076 1.0021448135375977 0.0012769249733537
2451453.2249121666 1.0015786886215208 0.0012765555875375
2451453.3006051793 1.0020122528076172 0.00127685564802955
2451453.376298178 1.001787185668945 0.0012769267195835
2451453.4526855927 1.0026479959487915 0.0012771160108968
2451453.5283785625 1.0026490688323975 0.0012770814937539
2451453.6040715184 1.0026761293411257 0.0012772305635735
2451453.679764461 1.0028780698776245 0.0012772704358212
2451453.7554573887 1.0026317834854124 0.0012773221824318
2451453.8318447345 1.002431035041809 0.0012776037910953
2451453.9075376363 1.0027908682823181 0.0012777061783707999
2451453.983230524 1.0032490491867063 0.001277966890484
2451454.05961783 1.0029903650283811 0.0012781842378899
2451454.135310692 1.0024079084396362 0.00127811328275125
2451454.2110035415 1.0036181211471555 0.0012781862169504
2451454.2873908076 1.0045799016952517 0.0012779426760971
2451454.3630836317 1.004800796508789 0.0012777171214110499
2451454.4387764432 1.0052891969680786 0.0012776851654052
2451454.5151636717 1.0050375461578367 0.0012777652591466
2451454.5839121668 1.00431889295578 0.0012775704381055501
2451454.6665492323 1.0057445764541624 0.0012778808595612
2451454.742936424 1.005605697631836 0.0012778643285855
2451454.8186291736 1.0061657428741455 0.0012777245719916498
2451454.894321912 1.0061182975769043 0.0012775891227647
2451454.970709067 1.0054068565368652 0.0012774837668985
2451455.0464017815 1.004529595375061 0.00127712188987055
2451455.122094484 1.0042473077774048 0.0012768517481163
2451455.198481603 0.9937438368797302 0.0012727620778605
2451455.2741742823 1.0043795108795166 0.0012767051812261
2451455.34986695 1.0046229362487793 0.0012765768915414
2451455.4255596064 1.0035662055015564 0.0012760529061778998
2451455.5012522507 1.0033020973205566 0.0012758892262354
2451455.577639312 1.002696514129639 0.0012754440540447
2451455.6533319335 1.001942217350006 0.0012752471375279
2451455.7290245444 1.0027999877929688 0.0012752843322232
2451455.8054115716 1.0024082660675049 0.00127460132353
2451455.881104159 1.0014697909355164 0.0012744400301016499
2451455.9567967365 1.0003160238265991 0.0012740573147311
2451456.0331837293 0.9996532797813416 0.0012738049263134
2451456.108876284 1.0000025033950806 0.00127353740390385
2451456.184568828 0.9997665882110596 0.0012733621988445
2451456.2609557877 0.9991033673286436 0.0012730928137898
2451456.3366483096 0.9986887574195862 0.0012725799460895
2451456.4123408208 0.9990144371986388 0.0012724890839308
2451456.4887277475 0.9979762434959412 0.0012722930405288
2451456.5644202363 0.9971341788768768 0.0012719560763798
2451456.640112715 0.9972534775733948 0.0012718409998342
2451456.716499609 0.99696946144104 0.0012714142212644
2451456.792192066 0.9973327219486237 0.001271009678021
2451456.8678845116 0.9975947737693786 0.0012708471622318
2451456.9442713736 0.9977189302444458 0.0012706283014267
2451457.019963798 0.9981037676334382 0.0012705539120361
2451457.0956562124 0.9976194500923156 0.0012703164247795
2451457.1713486165 0.9981463551521301 0.0012703295797109
2451457.247041009 0.9973322153091432 0.001270092325285
2451457.3234278173 0.99784117937088 0.0012698960490524
2451457.3991201892 0.9876822531223297 0.0012652446748688
2451457.4748125505 0.9969304800033568 0.0012697274796664
2451457.5511993268 0.9979456663131712 0.0012697327183559
2451457.631752643 0.997863233089447 0.0012703899992629
2451457.7025839975 0.9974625706672668 0.0012700462248176
2451457.7789707417 0.9982983469963072 0.0012699255021288
2451457.854663051 0.9987762868404387 0.00126999727217475
2451457.9303553496 0.9983147382736206 0.0012698638020083
2451458.006742063 0.9986042976379392 0.0012699570506811
2451458.0824343404 0.998518258333206 0.0012699589133262001
2451458.1581266085 0.998489201068878 0.0012699537910521
2451458.23451329 0.9987428784370422 0.0012699550716206
2451458.310205537 0.9997418224811554 0.00126996735343705
2451458.3858977742 0.9999552369117738 0.0012702026870101
2451458.4622844243 0.9991233944892884 0.0012699912767857
2451458.5379766403 1.0008488893508911 0.0012703255633823001
2451458.613668846 1.0008578300476074 0.0012702803360298
2451458.690055466 1.0007215738296509 0.001270210254006
2451458.7657476505 1.0013086795806885 0.00127025559777385
2451458.8414398255 1.001243472099304 0.0012702546082437
2451458.9171319907 1.0009870529174805 0.0012703682295977501
2451458.992824145 1.0005128383636477 0.001270268112421
2451459.069210713 1.0003838539123535 0.0012702591484412
2451459.144902847 1.0012659430503845 0.00127060071099545
2451459.2205949705 1.0012527704238892 0.0012702549574896
2451459.296981507 1.0007129907608032 0.0012703562388196
2451459.3726736107 1.0007963180541992 0.0012701806263066499
2451459.4483657037 1.001400351524353 0.0012702221283689
2451459.5247522094 1.0005319118499756 0.0012700036168098
2451459.6004442824 1.0000194311141968 0.00126989959971975
2451459.6761363447 0.9948490262031556 0.0012676729820668
2451459.75252282 1.0003544092178345 0.0012701979139819
2451459.828214862 1.0000749826431274 0.0012701608939096
2451459.903906894 0.9999549984931946 0.0012700837105512
2451459.9802933377 0.9992951154708862 0.0012699511134997
2451460.0559853497 0.9995015561580658 0.0012699487851931999
2451460.131677351 0.9993955492973328 0.0012698860373347
2451460.208063764 0.9998058676719664 0.0012699748622253
2451460.283755745 0.9995596408843994 0.0012697381316683501
2451460.3594477153 0.9991640448570251 0.0012695353943854
2451460.435834098 0.9989895820617676 0.0012693437747657
2451460.511526048 0.9990375638008118 0.0012694689212366002
2451460.5823570383 0.9993660449981687 0.0012697007041424001
2451460.663604339 0.9992653727531432 0.0012700918596237
2451460.7392962594 0.9994386732578278 0.0012703142710961
2451460.814988169 0.9986680150032043 0.0012701245723292
2451460.890680068 0.9984500706195831 0.00127023801906025
2451460.966371957 0.998820662498474 0.0012704202672466
2451461.0427582567 0.9987960457801818 0.0012703377287834
2451461.1184501257 0.9986368417739868 0.00127044646069405
2451461.194141984 0.9985064268112184 0.0012704893015325
2451461.2705282527 0.9980841875076292 0.00127060234081
2451461.346220091 0.9980917870998383 0.0012705089175142
2451461.4219119186 0.9980339407920836 0.0012707153800874
2451461.4982981565 0.998382031917572 0.0012709759175777
2451461.573989964 0.9983948171138761 0.0012710759765468
2451461.6496817614 0.9987977743148804 0.0012712128227576
2451461.726067968 0.9989288449287416 0.0012713003670796
2451461.801759745 0.9989800155162812 0.0012713896576315
2451461.8774515116 0.9889310002326964 0.0012673425953835
2451461.9538376885 0.9995679259300234 0.0012716815108433
2451462.029529435 0.999497652053833 0.0012720691156573
2451462.1052211714 0.998951256275177 0.0012719939695671
2451462.181607318 0.998886227607727 0.0012721536913886
2451462.2572990344 0.9989170432090757 0.0012722671381197501
2451462.3329907414 0.9991463422775269 0.0012722983956336
2451462.409376858 0.9994484186172484 0.0012726875720545
2451462.4850685457 0.9994060397148132 0.00127266580238935
2451462.5607602233 0.9996854066848756 0.0012726780259981
2451462.6364518926 0.9998735189437866 0.00127280817832795
2451462.7121435525 0.999902069568634 0.0012727592838928
2451462.788529622 0.999627947807312 0.001272813999094
2451462.8642212646 0.9996577501296996 0.0012731534079648
2451462.9399128985 0.9999765753746032 0.0012732547475025
2451463.016298943 0.9998080730438232 0.0012733617331832
2451463.091990562 0.9998136460781097 0.0012736457865685
2451463.1676821746 0.99936842918396 0.0012738971272483
2451463.2440682 0.9994902610778807 0.0012738957302644
2451463.3197598015 0.9993757009506226 0.0012741383980027499
2451463.3954514 0.9991625547409057 0.0012741810642182
2451463.471837414 1.0000914335250854 0.0012744799023494
2451463.5475290096 0.9997910261154175 0.00127504742704325
2451463.6280815355 1.001616358757019 0.00130960403475905
2451463.6662745457 1.003085374832153 0.0013426198856905
2452144.520010257 0.9964869022369385 0.0028750655474140503
2452144.559595002 0.9962859153747559 0.0028751146746799003
2452144.6362180887 0.9959259629249573 0.0028756081592291
2452144.711567961 0.995919704437256 0.0028752030339092
2452144.7873807913 0.996697723865509 0.0028757508844137
2452144.8633093433 0.996512770652771 0.0028758109547197
2452144.9390063854 0.9961459040641785 0.0028758433181792
2452145.0150506385 0.9969052672386168 0.0028759585693478
2452145.091094871 0.9967533946037292 0.0028759492561221
2452145.1669075936 0.996833860874176 0.0028763744048774
2452145.2426045504 0.996998131275177 0.0028761473949998
2452145.318764466 0.9971151351928712 0.0028762861620634
2452145.3945771274 0.9974024891853333 0.00287693063728505
2452145.4703897703 0.997926354408264 0.0028771539218723
2452145.546549627 0.9977995753288268 0.002877127379179
2452145.6223622328 0.9982283711433408 0.0028770236531272
2452145.69817482 0.9984280467033384 0.0028769981581717
2452145.7743346225 0.9984772205352784 0.0028771869838237
2452145.8501471747 0.9988960921764374 0.0028772284276783
2452145.9259018376 0.9989018738269806 0.0028771937359123997
2452146.0018879725 0.999408423900604 0.0028776410035789
2452146.0777004748 0.9917879104614258 0.00286901032086455
2452146.153628705 0.9989867806434632 0.0028768645133823
2452146.2296726634 0.9997856616973876 0.0028778442647308
2452146.3054851186 0.9998297095298766 0.0028780587017536
2452146.3814133024 1.0001897811889648 0.0028785422910004
2452146.4573414708 1.0004385113716125 0.0028786762850359
2452146.5331538804 1.0006067752838137 0.0028787916526198
2452146.6091977633 1.0006651878356931 0.0028789706993848
2452146.6850101436 1.0011175870895384 0.0028792081866413
2452146.760706766 1.0012023448944092 0.0028791283257305
2452146.8368663504 1.0015622377395628 0.0028792691882699
2452146.9126786888 1.0017539262771606 0.0028795285616069503
2452146.988491013 1.0023577213287351 0.002879710169509
2452147.0646505565 1.0027623176574707 0.002879825187847
2452147.140462854 1.003144085407257 0.0028802540618926
2452147.216275139 1.0032858848571775 0.0028801693115383
2452147.292434641 1.0036685466766355 0.0028798035345971
2452147.368131156 1.0039734840393066 0.0028799024876207
2452147.4439434013 1.0042728185653689 0.0028802352026104
2452147.5199871217 1.0041970014572144 0.0028799730353057
2452147.595799342 1.0049718022346497 0.00288016546983265
2452147.671727293 1.0056018829345703 0.0028804156463593
2452147.7476552324 1.0057808756828308 0.0028807539492844998
2452147.823698902 1.0059229135513303 0.002880340674892
2452147.899511073 1.0061829090118408 0.0028808403294533
2452147.975438975 1.005911111831665 0.00288038246799255
2452148.0512511213 1.0062997341156004 0.0028802943415939
2452148.127236871 1.0064638257026672 0.00288051995448765
2452148.203222609 1.0060350894927979 0.0028799900319427
2452148.278803232 1.0057483911514282 0.0028794324025511
2452148.354962562 0.9963321685791016 0.0028700118418782
2452148.4307746496 1.005934476852417 0.0028797282138839
2452148.506586725 1.0055783987045288 0.002879797713831
2452148.5827460196 1.0053104162216189 0.0028796989936381
2452148.6585580725 1.0051228404045105 0.00287943438161155
2452148.7343701134 1.0046905279159544 0.0028791911900043
2452148.810529374 1.004662036895752 0.0028790642973035
2452148.8862256487 1.0048109292984009 0.0028791716322302
2452148.962037656 1.0039541721343994 0.0028787169139832
2452149.038081139 1.0043056011199951 0.0028785322792828
2452149.113893124 1.0038090348243713 0.0028783975867554
2452149.189820841 1.0033011436462402 0.002878229599446
2452149.265748547 1.003223478794098 0.0028781630098819
2452149.3415604983 1.0024501085281372 0.0028772321529686
2452149.4176039263 1.002403736114502 0.002877363236621
2452149.4935315996 1.002344787120819 0.00287680036853995
2452149.569343518 1.002252221107483 0.0028765590395778
2452149.6453290414 1.0018604397773743 0.002876105136238
2452149.7210830664 1.0016891956329346 0.0028755370294674997
2452149.796894953 1.0015676021575928 0.0028751699719578
2452149.8730540583 1.0014609098434448 0.0028745350427925
2452149.9488659236 1.000690758228302 0.0028742084978148003
2452150.0246777777 1.000669240951538 0.0028735622763633
2452150.100836851 1.0008732080459597 0.0028735597152262
2452150.176648684 1.000069260597229 0.00287252780981355
2452150.2524605063 0.9999767541885376 0.0028723625000566
2452150.3286195477 0.9995171427726744 0.0028716793749481
2452150.4043156058 0.999725103378296 0.0028719676192849
2452150.480127396 0.9989241957664488 0.0028712209314107
2452150.556170663 0.9886746406555176 0.0028614941984415
2452150.6319824327 0.998827815055847 0.0028703856514765997
2452150.707909935 0.9981855750083924 0.0028702546842396
2452150.7838374274 0.9978649914264678 0.00286999519448725
2452150.8596491655 0.9976009130477904 0.0028700903058052
2452150.9407850755 0.9971186220645905 0.00286969507578755
2452151.0116198407 0.9969725608825682 0.0028695475775747997
2452151.0874315477 0.9966115951538084 0.0028693580534309
2452151.1634168597 0.9965470731258391 0.002869505318813
2452151.2391706742 0.9958994686603546 0.00286857283208515
2452151.314982351 0.9959768056869508 0.0028686330188065
2452151.391372732 0.9956768751144408 0.0028687119483947
2452151.4669529023 0.9953726828098297 0.0028684464050455997
2452151.5427645477 0.9956355690956116 0.002868722192943
2452151.6189234117 0.9955389499664306 0.0028685056604444
2452151.694735037 0.9954281449317932 0.00286840694025155
2452151.770546652 0.9956506490707396 0.0028685054276138
2452151.8468212285 0.9959554076194764 0.0028684898279607
2452151.922401338 0.995862543582916 0.0028685762081295
2452151.9982129224 0.9962361454963684 0.0028687422163784
2452152.0742559824 0.9960111379623412 0.0028687375597655
2452152.1500675464 0.996255964040756 0.0028688387246802
2452152.2259948435 0.9964678287506104 0.0028691065963357
2452152.3019221304 0.9967135190963746 0.0028694169595837
2452152.377733664 0.9969694018363952 0.0028697024099528
2452152.453776674 0.9970470070838928 0.0028697599191218
2452152.52970393 0.9965144693851472 0.0028700099792330997
2452152.605515434 0.9967028498649596 0.0028702721465379
2452152.681500542 0.9960967898368834 0.0028703362913801997
2452152.757254154 0.9952107667922971 0.0028696430381387
2452152.8330656276 0.989656984806061 0.0028635123744606
2452152.9092243193 0.9962918162345886 0.0028709766920655
2452152.985035773 0.9961241781711578 0.0028713633073493
2452153.0608472163 0.9959025979042052 0.0028715594671666
2452153.137005878 0.9961197972297668 0.002871754579246
2452153.2128173015 0.9959620833396912 0.0028721530688926
2452153.2886287156 0.996324121952057 0.0028724200092256
2452153.364787347 0.996638774871826 0.0028729438781738
2452153.440482998 0.9968160986900328 0.0028733422514051
2452153.516294382 0.997151494026184 0.0028741580899804
2452153.5923372414 0.9980079531669616 0.0028744908049702
2452153.668148605 0.9980216324329376 0.00287468056194475
2452153.744075702 0.9986212849617004 0.0028753320220857
2452153.8200027887 0.9989217817783356 0.0028758146800099997
2452153.895814123 0.9995921850204468 0.0028766207396984
2452153.9718569326 0.999748647212982 0.0028768999036401
2452154.0477839904 1.0001405477523804 0.0028775046812370003
2452154.123595295 1.0011028051376345 0.0028780999127775
2452154.199580204 1.001038908958435 0.0028788446215911997
2452154.2753336183 1.0018875002861023 0.00287963205482805
2452154.351144894 1.0021064281463623 0.0028802440501749
2452154.4273033873 1.0024125576019287 0.0028811171650886
2452154.503114644 1.0026800036430359 0.0028822501190006
2452154.578925891 1.0031682252883911 0.002882479224354
2452154.6550843553 1.0035438537597656 0.0028838647995144
2452154.7308955826 1.0036906003952026 0.0028846564237028
2452154.806706801 1.0039838552474976 0.0028859076555818
2452154.882865236 1.003919005393982 0.0028865130152553
2452154.958560693 1.0037646293640137 0.0028880378231406
2452155.034371883 0.9936403036117551 0.0028790654614567
2452155.1104145483 1.0038286447525024 0.0028904273640364
2452155.1862257197 1.003753423690796 0.00289182725828135
2452155.262152624 1.0034730434417725 0.0028929852414876
2452155.338079519 1.0038810968399048 0.0028947764076292
2452155.4138906635 1.0029497146606443 0.0028958315961062
2452155.489933283 1.0029675960540771 0.002897567115724
2452155.5658601513 1.0027191638946533 0.0028993564192205
2452155.641671269 1.0022549629211424 0.0029009713325649
2452155.7176559917 1.0020682215690613 0.0029027048731222003
2452155.793409222 1.001535177230835 0.00290424353443085
2452155.8692203145 1.0013108253479004 0.0029060519300401
2452155.945378626 1.0012077093124387 0.0029156983364373
2452156.0211897027 1.0009366869926453 0.00295697723049665
2452156.097000773 1.0007487535476685 0.0030153656844049
2452156.173159062 1.0008035898208618 0.0030726050026714
2452156.232071776 1.0003031492233276 0.0031157340854406
2452158.866483133 0.9988158345222472 0.0028819788713008
2452158.9060671655 0.999846577644348 0.0028837916906923
2452158.981531447 0.9996734261512756 0.0028834021650254
2452159.0573429363 1.0001309514045715 0.00288323045242575
2452159.133154404 1.0004897117614746 0.0028829998336732
2452159.209313079 1.000738501548767 0.0028835635166615
2452159.285124503 1.0007739663124084 0.00288291636388745
2452159.3611673913 1.0015586614608765 0.0028824964538216
2452159.4370945157 1.0015275478363037 0.0028821979649364
2452159.512905876 0.9914497137069702 0.0028710943879559003
2452159.5886593442 1.0023005008697508 0.00288128922693425
2452159.6646442767 1.0025610923767088 0.0028806689660996
2452159.7404555753 1.0029051899909973 0.00288019108120345
2452159.8164983396 1.0025173425674438 0.0028797672130167
2452159.8924253415 1.00305438041687 0.0028798729181289
2452159.968236582 1.003351092338562 0.0028793993405997
2452160.0441635465 1.0031386613845823 0.0028791467193514
2452160.120090492 1.003195583820343 0.00287850410677485
2452160.195901678 1.0028482675552368 0.0028780801221728
2452160.2719443305 1.0027202367782593 0.0028778526466339
2452160.3477554815 1.002903699874878 0.0028771397192031
2452160.423450873 1.0030018091201782 0.0028772137593477
2452160.4997249586 1.0029513835906982 0.0028768458869308
2452160.5754203172 1.0025434494018555 0.0028764224844052503
2452160.6512314016 1.0024653673171997 0.0028759944252669
2452160.7273896965 1.0022343397140503 0.0028757820837199
2452160.8032007497 1.0023235082626343 0.0028756048996000996
2452160.879011787 1.0018732547760008 0.002875248203054
2452160.9551700354 1.0013586282730105 0.0028749334160238
2452161.030981043 1.0011438131332397 0.00287474808283145
2452161.106734164 1.0012255311012268 0.0028745393501594003
2452161.182718755 1.0008213520050049 0.002874003490433
2452161.258529718 1.000294029712677 0.0028739441186189
2452161.334456409 1.0000814199447632 0.0028738691471517
2452161.4104988277 1.000261306762695 0.0028737955726683
2452161.486309749 0.9999265074729919 0.0028736377134919
2452161.5622363975 0.9997095465660096 0.0028734158258885
2452161.6381630325 0.9998307228088379 0.00287330651190125
2452161.713973912 0.9975332021713258 0.0028706912416964
2452161.790016262 0.9976072311401368 0.0028708418831229
2452161.865827115 0.99954491853714 0.0028729492332786
2452161.941522213 0.9997257590293884 0.0028727974276989
2452162.017680265 0.9992738366127014 0.0028726651798933
2452162.0934910784 0.999393105506897 0.0028726651798933
2452162.169301879 0.9992813467979432 0.0028723161667585
2452162.2454598923 0.9994814991950988 0.0028723280411213
2452162.3212706675 0.9993205964565276 0.00287254364229735
2452162.39708143 0.9994540214538574 0.0028717452660202
2452162.473239405 0.9998096227645874 0.0028723652940243
2452162.5490501425 0.9996332228183746 0.0028721818234771
2452162.624860868 0.9988909959793092 0.0028713890351355
2452162.700903064 0.9992934167385101 0.00287141010630875
2452162.7765980233 0.9990963339805602 0.0028713496867567
2452162.852524454 0.9991683959960936 0.0028714116197079
2452162.928566613 0.9996104836463928 0.0028720153495669
2452163.0043772776 0.998969465494156 0.0028714356012642
2452163.080303672 0.9991371035575866 0.0028714144136756
2452163.156230054 0.9991285204887388 0.0028712195344269
2452163.232040683 0.9988563656806944 0.0028711045160889
2452163.3080827827 0.9987490773200988 0.0028711154591292
2452163.3840091294 0.9986354112625123 0.0028714820509776
2452163.459703982 0.9986624419689178 0.00287140288855875
2452163.5357460463 0.9988504648208616 0.0028713662177324
2452163.6115566175 0.9986857175827026 0.002871400443837
2452163.6873671766 0.9989190101623536 0.0028717778623104
2452163.7635249477 0.9986464381217957 0.0028714567888528
2452163.839335484 0.9985992908477783 0.0028713362989946497
2452163.9151460086 0.9993727803230285 0.0028718372341245
2452163.9913037457 0.989493668079376 0.0028618872165679
2452164.067114248 0.999627947807312 0.0028719418914988
2452164.142924738 0.9993445277214048 0.0028721776325255
2452164.2190824416 0.9993237257003784 0.0028715836815536
2452164.294777169 0.9998412728309632 0.0028721245471388
2452164.370587626 0.999833047389984 0.0028721273411065
2452164.4466295545 1.0000312328338623 0.0028720230329781
2452164.522208507 1.0004320740699768 0.00287224177736785
2452164.5983661544 1.0002497434616089 0.0028722882270812
2452164.6742923083 1.000456988811493 0.0028722491115331
2452164.750449933 1.0006475448608398 0.00287245633080595
2452164.8262603236 1.0005626678466797 0.0028722865972667
2452164.902070704 1.000924825668335 0.0028730599442496497
2452164.9776495905 1.000894546508789 0.00287292804569
2452165.0536914305 1.0009628534317017 0.0028729328187182
2452165.1296175187 1.0006459951400757 0.0028732705395668502
2452165.205312114 1.000354528427124 0.0028731278143823
2452165.2815854033 1.0003660917282104 0.00287366961129
2452165.357048495 1.000416874885559 0.0028737795073539
2452165.438182881 1.0000005960464478 0.00287466763984405
2452165.5093635377 0.9995129108428956 0.0028745899908244
2452165.58517382 0.9996837079524994 0.0028747820761054
2452165.6609840915 0.9990976452827453 0.0028742053546011
2452165.7371415747 0.9985227584838868 0.0028746828902512
2452165.8129518246 0.9986791014671326 0.0028747876640409
2452165.8887041938 0.998585283756256 0.00287492561619725
2452165.964688034 0.9983083009719848 0.0028752672951668
2452166.040498252 0.9981246888637543 0.0028754519298672503
2452166.1164242 0.9977612495422364 0.0028751238714903
2452166.192234397 0.9939060807228088 0.0028709743637591
2452166.2682760647 0.9958274662494658 0.0028736212989315
2452166.344201981 0.9968320727348328 0.0028748314362019
2452166.420127887 0.9970868825912473 0.0028750284109264
2452166.4959380412 0.9971646070480346 0.0028751767240464
2452166.5719796666 0.996975839138031 0.0028748351614922
2452166.6477898 0.9969072937965392 0.0028748412150889
2452166.7234841823 0.9973223209381104 0.0028749061748385
2452166.7996415165 0.9974603056907652 0.0028750305064022
2452166.875451618 0.9974411725997925 0.0028750839410349
2452166.9512617094 0.9973709583282472 0.0028750465717166
2452167.027419012 0.9976866841316224 0.0028748284094035
2452167.103229082 0.9983568787574768 0.00287512235809115
2452167.179039142 0.998404800891876 0.0028751993086189
2452167.255196413 0.99866384267807 0.0028752430807799
2452167.3310064515 0.998840034008026 0.00287555565591895
2452167.4068164807 0.9995073676109314 0.0028755790553987
2452167.4828579794 0.9996373057365417 0.00287589011713855
2452167.5585522465 1.000137209892273 0.0028764437884092
2452167.634477984 1.0000869035720823 0.0028764470480382
2452167.7105194516 1.000163435935974 0.002876918297261
2452167.786329428 1.0003909468650818 0.00287702342029655
2452167.8622551346 1.0008127689361572 0.0028774780221283
2452167.938180831 1.0006967782974243 0.0028770477510988
2452168.013990776 1.0010633468627927 0.0028774549718946
2452168.0900321915 1.0013520717620847 0.0028779685962945
2452168.1659578565 1.0015279650688171 0.0028781346045434
2452168.2417677706 1.0016777515411377 0.0028780282009392
2452168.3177512847 1.0017734766006468 0.0028784114401787
2452168.3935033083 1.0019866228103638 0.00287882925476875
2452168.4693131912 0.9915981888771056 0.0028688216116279
2452168.545470285 1.0023818016052246 0.002879005856812
2452168.6212801477 1.0019240379333496 0.0028789624338969
2452168.6970900004 1.001914143562317 0.0028791625518351
2452168.773247063 1.0015496015548706 0.0028788403142243
2452168.849056895 1.0023922324180603 0.0028794817626476
2452168.924866717 1.0018585920333862 0.002879335777834
2452169.001023749 1.0012118816375732 0.0028788233175873
2452169.07683355 1.0014483332633972 0.0028792003868147497
2452169.152585471 1.0015063285827637 0.0028794104000553
2452169.2285688627 1.0016683340072632 0.0028790794312953
2452169.3043786334 1.001887559890747 0.0028792329831048
2452169.3803041345 1.0016121864318848 0.002879339037463
2452169.4563453654 1.0013949871063232 0.0028790961951017
2452169.532155107 1.0019281506538391 0.0028794057434424498
2452169.608080577 1.00177001953125 0.0028794088866561
2452169.6840060386 1.0018906593322754 0.0028786188922822
2452169.7598157497 1.002313256263733 0.0028791397344321
2452169.835856931 1.0024276971817017 0.0028789597563445
2452169.911782363 1.0026283860206604 0.0028788946801796
