2451569.7477591545 0.9990949034690858 0.0005395399639382
2451569.8241500934 0.9989094734191896 0.0005294473376125
2451569.899846591 0.9994784891605376 0.00051803109818135
2451569.975543107 0.9994453191757202 0.0005071355844847
2451570.0554064214 0.9996598660945892 0.00049587391549715
2451570.1311029703 0.999467194080353 0.0004880780470557
2451570.20471614 0.9997714161872864 0.000482763571199
2451570.281801641 0.9998843371868134 0.0004776899586431
2451570.3581926883 0.9998853504657746 0.00047286695917135005
2451570.435972673 0.9998610615730288 0.00046960436156945004
2451570.509585881 1.0003867745399475 0.00046825804747635004
2451570.587365881 1.0008054971694946 0.0004675961390603
2451570.6651458875 1.0010206699371338 0.00046661999658675
2451570.740148042 1.0002921819686887 0.00046527040831275
2451570.815844665 1.000045895576477 0.0004638194805011
2451570.892930221 0.9999407827854156 0.0004631823831005
2451570.968626851 0.9998780488967896 0.0004623295099008
2451571.045017949 1.0009189844131468 0.0004610823816619
2451571.1214090483 1.0020424127578735 0.0004600298998411
2451571.19780015 1.0018566846847534 0.0004593378107529
2451571.2741912534 1.001406192779541 0.0004588833835441
2451571.3505823575 1.0009409189224243 0.0004581998800858
2451571.4269734626 1.0009541511535645 0.0004576168139465
2451571.503364568 1.0006273984909055 0.0004573749611154
2451571.5797556737 1.000654935836792 0.0004573194892145
2451571.6561467797 1.0004858970642088 0.0004571402969304
2451571.7318434203 1.0004521012306213 0.0004570011806208
2451571.80754006 0.9986999034881592 0.0004564329283311
2451571.883931164 0.9918013811111448 0.0004547708085738
2451571.9603222674 0.9894654154777528 0.000454429333331
2451572.036713369 0.994941234588623 0.0004552851023618
2451572.1131044696 1.0006170272827148 0.000456249283161
2451572.1894955686 1.0009150505065916 0.0004562086833175
2451572.2658866663 1.001327633857727 0.0004562238173093
2451572.342277762 1.0011862516403198 0.0004560519300866
2451572.418668856 1.001220703125 0.0004558975342661
2451572.495059948 1.001444101333618 0.000455864414107
2451572.5707565737 1.0015954375267029 0.00045582247548729997
2451572.652008912 1.0012117624282837 0.0004556747444439
2451572.724233211 1.0011937618255615 0.0004556192725431
2451572.79992983 1.0014618039131165 0.00045556701661545
2451572.8756264457 1.0016552209854124 0.0004555353661999
2451572.952017524 1.00117826461792 0.0004553831240627
2451573.0284085986 1.0012178421020508 0.0004553165344987
2451573.104799671 1.0013121366500854 0.0004553963080979
2451573.181190741 1.001665711402893 0.0004554134502541
2451573.2575818077 1.0019272565841677 0.0004554810002446
2451573.3339728713 1.0015947818756104 0.0004553747421596
2451573.410363932 1.0013002157211304 0.0004552772734314
2451573.4867549897 1.0006723403930664 0.0004551433376036
2451573.563146044 1.000616669654846 0.0004551031743176
2451573.6395370956 1.000497341156006 0.0004550947342067
2451573.7159281434 1.000304102897644 0.0004550810554064
2451573.791624724 1.0002142786979675 0.00045506049355020003
2451573.8673213013 1.0001313686370847 0.0004550537269096
2451573.9437123393 1.0002366304397583 0.000455059838714
2451574.0201033736 1.0002304315567017 0.0004550447629299
2451574.0964944046 0.9998873472213744 0.0004550555313471
2451574.1728854314 0.9998126626014708 0.0004550261073745
2451574.249276455 1.0001161098480225 0.0004550800658762
2451574.325667475 0.9995326995849608 0.0004549600707832
2451574.402058491 0.9959675669670106 0.0004542859096545
2451574.4784495034 0.9945672750473022 0.0004540931840892
2451574.554840512 0.9963160753250122 0.0004543462418951
2451574.631231517 0.9991806745529176 0.0004549355944618
2451574.707622518 0.999552845954895 0.0004549938021227
2451574.7833190514 0.9996965527534485 0.00045508767652785
2451574.8590155803 0.9999264478683472 0.0004550601006485
2451574.9354065694 1.0001536607742307 0.0004551593738142
2451575.0117975543 1.000393271446228 0.0004552382160909
2451575.088188535 1.000628113746643 0.000455275789136
2451575.164579512 1.0007929801940916 0.0004553229373414
2451575.2409704844 1.0007296800613403 0.0004552691534627
2451575.317361453 1.0010119676589964 0.0004553876933641
2451575.393752417 1.0010219812393188 0.0004553880135063
2451575.470143377 1.000835418701172 0.000455314409919
2451575.5465343324 1.0008788108825684 0.000455330213299
2451575.6229252834 1.000855803489685 0.0004553282342385
2451575.697232841 1.0011180639266968 0.00045538057747755
2451575.7784850253 1.0010147094726562 0.0004553143517114
2451575.8514036476 1.0011459589004517 0.000455398359918
2451575.9271001182 1.0011390447616575 0.0004553566977847
2451576.003491047 1.0008621215820312 0.0004552169993985
2451576.0798819717 1.0005097389221191 0.0004552497994154
2451576.1562728914 1.000462770462036 0.0004552029131446
2451576.2326638065 1.000430464744568 0.0004551155725494
2451576.309054717 1.000283122062683 0.0004550948215182
2451576.3854456227 1.00019109249115 0.0004551711317617
2451576.461836524 1.0001730918884275 0.0004552609170787
2451576.53822742 0.9999496936798096 0.0004551749152597
2451576.614618311 1.0000441074371336 0.0004551649617496
2451576.691009198 1.0000962018966677 0.0004551873425953
2451576.7674000794 0.9998751878738404 0.0004551146412268
2451576.8430964937 0.9990590512752532 0.00045490141201295
2451576.918792903 0.9923134446144104 0.0004537425411399
2451576.9951837696 0.9884845018386842 0.0004529130237642
2451577.071574631 0.9915317296981812 0.0004537162894848
2451577.1479654876 0.9984829425811768 0.0004549744189716
2451577.2243563393 0.9997292160987854 0.0004552099562715
2451577.300747185 0.9999538064002992 0.0004552616446744
2451577.377138026 1.0003321170806885 0.0004553445614874
2451577.4535288615 1.0004737377166748 0.0004553527687676
2451577.5299196914 1.0004948377609253 0.000455382047221
2451577.606310516 1.0004595518112185 0.0004553972394205
2451577.6827013353 1.0004677772521973 0.0004553268954623
2451577.7590921493 1.0005362033843994 0.0004554578626994
2451577.8347884957 1.0007030963897705 0.0004553668550215
2451577.9104848364 1.0009099245071411 0.0004554147599264
2451577.9868756332 1.0007832050323486 0.0004553788166958
2451578.0632664245 1.0009689331054688 0.0004553842300083
2451578.1396572096 1.0010368824005127 0.0004553362668957
2451578.216047989 1.0011518001556396 0.0004553360049612
2451578.2924387627 1.0010697841644287 0.0004552836180664
2451578.36882953 1.001406192779541 0.0004553910694085
2451578.4452202916 1.0014817714691162 0.0004554598417598
2451578.5216110465 1.0016006231307983 0.0004554736369755
2451578.5980017954 1.0017979145050049 0.0004555349587462
2451578.6743925377 1.001576781272888 0.0004554890911094
2451578.750783274 1.001155972480774 0.0004554226761683
2451578.8230072367 1.00081467628479 0.000455592497019
2451578.9042591876 1.0007883310317993 0.0004555260529741
2451578.9785665204 1.0009583234786987 0.000455591303762
2451579.05495723 1.0010697841644287 0.0004555867344606
2451579.1313479324 1.0008410215377808 0.0004554358310997
2451579.2077386277 1.0006064176559448 0.0004554633633233
2451579.284129316 1.0002375841140747 0.0004553897015284
2451579.360519997 0.9995189905166626 0.0004552673199214
2451579.4369106703 0.99679696559906 0.0004547900462057
2451579.512606875 0.9946352243423463 0.00045433390187095
2451579.5896919942 0.9956265687942506 0.0004545366391539
2451579.6653881837 0.9992445409297943 0.00045510407653634997
2451579.742473286 1.0003422498703003 0.0004551419406197
2451579.81886392 1.000494599342346 0.0004552566097117
2451579.8938656244 1.0003482103347778 0.0004552254395093
2451579.9709507013 1.0003378987312317 0.00045519851846615
2451580.046646849 1.0002592802047727 0.0004552009922917
2451580.123037447 1.000316858291626 0.0004553489852696
2451580.1994280363 1.0002497434616089 0.0004552660975605
2451580.2758186157 1.000361084938049 0.0004554269253276
2451580.352209185 1.0006712675094604 0.0004554767801892
2451580.4285997436 1.0006089210510252 0.0004555473278742
2451580.5049902922 1.0007539987564087 0.0004554100742097
2451580.581380829 1.0006078481674194 0.0004554263723548
2451580.657771355 1.0006694793701172 0.0004555939813144
2451580.7341618687 1.000826716423035 0.0004556917410809
2451580.8105523703 1.0007349252700803 0.0004557628126349
2451580.8869428583 1.000796675682068 0.0004557955253403
2451580.9626388745 1.0006031394004822 0.00045572394446929997
2451581.0383348768 1.0004488229751587 0.0004557320207823
2451581.114725323 1.0001207590103147 0.0004557330103125
2451581.1911157537 0.9998284578323364 0.0004557246575132
2451581.267506168 0.9999014735221864 0.0004557293723337
2451581.343896565 0.9999362826347352 0.0004557822539936
2451581.420286944 1.000043869018555 0.0004557324282359
2451581.4966773037 1.0001676082611084 0.0004558161890599
2451581.5730676427 0.999921441078186 0.0004558374930638
2451581.649457961 0.9998454451560974 0.0004558332439046
2451581.7258482557 0.9999047517776488 0.0004559177323244
2451581.775849163 1.0001149177551267 0.0004559615917969
2451583.194621863 1.000926673412323 0.0005519451806321499
2451583.2508728174 1.0010421276092527 0.0005408064462244
2451583.327263022 1.0006470680236816 0.0005239779129624
2451583.4036532473 1.0007612705230713 0.0005135110113769
2451583.4800434923 1.0008933544158936 0.0005067993188276
2451583.556433754 1.0009511709213257 0.0005023221601732
2451583.6328240316 1.0005263090133667 0.0004972870228812
2451583.709214323 1.0002651214599607 0.0004913133452646
2451583.785604627 1.0002365112304688 0.0004874044388998
2451583.8619949417 1.00015389919281 0.0004848879761993
2451583.938385266 1.0006691217422483 0.0004814805288333
2451584.014081141 1.0007297992706299 0.00047742508468215004
2451584.089777023 1.000539779663086 0.0004739960131701
2451584.166167369 1.0007288455963137 0.0004712407535407
2451584.242557721 1.000321865081787 0.0004692785732913
2451584.318948078 1.0001112222671509 0.0004673906951211
2451584.3953384394 0.9999956488609314 0.0004651529015973
2451584.4717288036 0.9980198740959167 0.0004635970108211
2451584.548119171 0.99525249004364 0.0004623550048563
2451584.624509541 0.9955549240112304 0.000461955438368
2451584.7002054546 0.9986219406127927 0.00046185613609844996
2451584.777290286 1.0003455877304075 0.0004610051109921
2451584.8536806605 1.000171780586243 0.0004606375587172
2451584.9300710354 1.0003707408905027 0.0004605877911671
2451585.0064614112 1.0004020929336548 0.0004602315893862
2451585.082157329 1.0000963807106018 0.00045968584890935
2451585.1578532467 1.0002030134201048 0.0004592753539327
2451585.234243622 1.0005539655685425 0.0004588745650835
2451585.3106339965 1.0007163286209106 0.0004585755814332
2451585.3870243705 1.0007654428482056 0.0004580791282933
2451585.463414743 1.0011019706726074 0.0004577628860715
2451585.5398051143 1.000962257385254 0.000457549438579
2451585.616195484 1.0006577968597412 0.0004572758916765
2451585.6925858525 1.0005320310592651 0.0004571950412355
2451585.768976219 1.0008230209350584 0.000457058660686
2451585.8453665837 1.0009757280349731 0.0004569920129142
2451585.916895741 1.0011320114135742 0.00045695136941500004
2451585.998147306 1.000929355621338 0.0004566531570162
2451586.0738432063 1.000882863998413 0.0004564989940263
2451586.149539104 1.0006545782089231 0.0004562450631055
2451586.225929457 1.0008480548858645 0.0004561441601254
2451586.3016253496 1.0005929470062256 0.00045606210187535
2451586.378015697 1.0002413988113403 0.0004558837390504
2451586.4551005 1.0002437829971311 0.0004558210202958
2451586.5314908414 1.0002055168151855 0.000455795059679
2451586.6078811805 1.00026273727417 0.0004557460197247
2451586.684271516 1.0001275539398191 0.0004557154315989
2451586.7606618484 0.9998188018798828 0.0004555773630272
2451586.8370521776 0.9997402429580688 0.0004555075720418
2451586.913442503 0.9993345141410828 0.0004554303013719
2451586.989832826 0.9961275458335876 0.0004548019205685
2451587.0655286876 0.9891451299190519 0.00045345955004445
2451587.141224546 0.9889094233512878 0.0004533536266535
2451587.2176148575 0.9952608942985536 0.0004545233678072
2451587.294005166 0.9993892908096312 0.0004553025937639
2451587.3703954704 0.9996769428253172 0.0004553391772788
2451587.4467857713 0.99997878074646 0.0004554423212539
2451587.5231760684 0.99998939037323 0.0004553921462502
2451587.599566362 0.9995409846305848 0.000455417233752
2451587.675956651 0.9994386434555051 0.0004553012258838
2451587.7523469366 0.9997522234916688 0.0004553814651444
2451587.828737218 0.9996120929718016 0.0004553501494228
2451587.905127495 1.0000417232513428 0.0004554437182378
2451587.9815177685 1.0006178617477417 0.0004555138002615
2451588.057908037 1.000938057899475 0.0004555699997581
2451588.1336038453 1.0010113716125488 0.00045557021803685
2451588.209299649 1.0011154413223269 0.0004556223866529
2451588.2856899053 1.0016367435455322 0.0004556630738079
2451588.3620801577 1.001999855041504 0.0004557184875011
2451588.438470406 1.0021798610687256 0.0004558540822472
2451588.514860649 1.001832127571106 0.0004557922075036
2451588.5912508885 1.0017544031143188 0.0004557268985081
2451588.667641123 1.001833200454712 0.0004557418287731
2451588.744031353 1.0018074512481687 0.0004557446227408
2451588.820421579 1.0017182826995847 0.0004557484644465
2451588.8968117996 1.0017457008361816 0.00045579180005
2451588.973202016 1.0014785528182983 0.0004556977073661
2451589.044731033 1.0011849999427795 0.00045557576231655
2451589.125287979 1.0011790990829468 0.0004554933548206
2451589.200983725 1.001432180404663 0.0004555432824417
2451589.277373923 1.0008955001831057 0.0004553342587314
2451589.3530696593 1.0007259845733643 0.00045536240213545
2451589.430154304 1.0001579523086548 0.0004551503807306
2451589.5065444876 0.99875670671463 0.0004548870201688
2451589.582934666 0.9953070282936096 0.000454277760582
2451589.6586303837 0.9946715533733366 0.00045425906137095
2451589.7357150083 0.9971721172332764 0.0004547210992313
2451589.8121051723 1.0000492334365845 0.0004552699101623
2451589.888495331 0.9996653795242308 0.0004553352482616
2451589.964885485 0.9995460510253904 0.0004552718310151
2451590.0412756335 1.0000466108322144 0.0004553781473077
2451590.117665777 1.0002793073654177 0.0004554370825644
2451590.1933614593 1.0000563859939575 0.00045547049376175
2451590.2690571365 1.0002449750900269 0.0004555289342533
2451590.3454472646 1.000428557395935 0.0004554864426609
2451590.4218373876 1.0008033514022827 0.0004556558269541
2451590.498227505 1.0011426210403442 0.0004557228530757
2451590.574617617 1.0012085437774658 0.0004557742795441
2451590.6510077235 1.0012389421463013 0.0004557294305413
2451590.7273978246 1.0012152194976809 0.0004557836509775
2451590.80378792 1.0011931657791135 0.0004557805950753
2451590.8801780106 1.0013388395309448 0.0004557380452752
2451590.956568095 1.0010250806808472 0.0004557229403872
2451591.032958174 1.0011360645294187 0.0004557771608233
2451591.1093482473 1.0013126134872437 0.0004558161599561
2451591.18504386 1.0013404488563538 0.00045583149767475
2451591.260739467 1.0013930797576904 0.0004558492219075
2451591.337129523 1.001214623451233 0.0004558333603199
2451591.4135195734 1.001023292541504 0.0004558004438877
2451591.489909618 1.0005501508712769 0.0004556273052003
2451591.5662996564 1.000715732574463 0.000455710774986
2451591.642689689 1.0004826784133911 0.0004557324282359
2451591.719079715 1.0004130601882937 0.0004557067877613
2451591.7954697353 1.0006415843963623 0.0004557253851089
2451591.8718597493 1.0004559755325315 0.0004556738131213
2451591.9482497573 1.0005017518997192 0.0004557538486551
2451592.0246397587 0.9992712140083314 0.0004554943006951
2451592.1010297537 0.991694688796997 0.000454088585684
2451592.1822809232 0.9895129203796388 0.00045359919022295
2451592.2531152703 0.99385204911232 0.0004544336115941
2451592.328810791 0.999977707862854 0.0004555265477392
2451592.404506305 1.0001652240753174 0.00045564543688665
2451592.4815907213 1.0001497268676756 0.0004555205523502
2451592.5579806766 1.000711441040039 0.0004555153718683
2451592.6350650787 1.0007408261299133 0.00045549905917140004
2451592.7107605655 1.0008150339126587 0.000455604866147
2451592.787150499 1.000996708869934 0.000455691217212
2451592.8642348796 1.001113772392273 0.00045569107169279996
2451592.9406247977 1.0010133385658264 0.00045572189264924995
2451593.0163202556 1.000895857810974 0.0004558333603199
2451593.0927101593 1.0009262561798096 0.0004558131331577
2451593.1691000545 1.000961184501648 0.0004558780346997
2451593.244795489 1.0013254284858704 0.0004559291119221
2451593.3204909153 1.0013434886932373 0.000455944915302
2451593.396880787 1.001492261886597 0.0004560326633509
2451593.4732706496 1.0013961791992188 0.0004560493398457
2451593.549660504 1.0013079643249512 0.0004560297529678
2451593.6260503493 1.001340627670288 0.0004560655215755
2451593.7024401855 1.0014103651046753 0.0004560612142086
2451593.7788300123 1.0011698007583618 0.0004560626694001
2451593.8552198294 1.0009970664978027 0.0004560374945867
2451593.931609637 1.001255989074707 0.0004560725355986
2451594.007999434 1.0011250972747805 0.0004560679662972
2451594.084389221 1.0010139942169187 0.0004560144734568
2451594.1607789975 1.000929355621338 0.0004560493398457
2451594.2371687624 1.0008978843688965 0.0004560711095109
2451594.3128640633 1.0005685091018677 0.0004559868539217
2451594.3885593526 1.000391721725464 0.0004560000670608
2451594.4649490817 1.0003224611282349 0.0004560039960779
2451594.541338798 0.99958598613739 0.000455842266092
2451594.617728501 0.996200680732727 0.0004552228201646
2451594.6941181896 0.9948315620422364 0.0004549412988126
2451594.770507864 0.996500551700592 0.0004553656035568
2451594.846897523 0.9996198415756224 0.0004558502114377
2451594.9232871654 0.99986070394516 0.000455927074654
2451594.999676791 0.9996782541275024 0.0004559226217679
2451595.0760663985 0.99967622756958 0.0004559653170872
2451595.1524559874 0.9998247623443604 0.0004559745430015
2451595.2288455563 0.9994810223579408 0.0004560188099276
2451595.3045406537 0.9995274543762207 0.00045600978774014997
2451595.380235729 0.9997953176498412 0.0004560524539556
2451595.456625231 1.0001749992370603 0.0004561723035294
2451595.5330147087 1.000795006752014 0.0004562243411783
2451595.60940416 1.000828981399536 0.0004563319380395
2451595.665654557 1.0008864998817444 0.00045634800335385
2451597.1420520693 0.9955734312534332 0.0004928643465973
2451597.210108128 0.9927758276462554 0.0004901454958598499
2451597.283025347 0.9954862594604492 0.0004869515250902
2451597.3663593284 1.0017826557159424 0.0004848593962378
2451597.442054374 1.0016746520996094 0.00048292176506945
2451597.5163605306 1.0016652345657349 0.0004816573637071
2451597.592750047 1.0016955137252808 0.0004814457497559
2451597.6691395724 1.0018810033798216 0.0004803619231097
2451597.7455291054 1.0021111965179443 0.0004788433143403
2451597.819835294 1.0023996829986572 0.0004779041773872
2451597.8983081905 1.0022963285446167 0.0004762082826346
2451597.974697741 1.0019854307174685 0.0004731433000415
2451598.050392845 1.0017651915550232 0.00047039681521705
2451598.126782404 1.0014428496360779 0.0004679302801378
2451598.2038664157 1.001499056816101 0.0004661756393034
2451598.28025598 1.0016252994537351 0.0004647027526516
2451598.356645546 1.0018473863601685 0.0004627745656762
2451598.432340663 1.0020361542701721 0.00046116620069365
2451598.508035781 1.0019336938858032 0.0004602742847055
2451598.5844253507 1.0016639232635498 0.0004598264931701
2451598.660814921 1.0016270875930786 0.0004595087375491
2451598.737204491 1.0015580654144287 0.0004589977033901
2451598.813594061 1.0015863180160522 0.0004584258131217
2451598.8899836307 1.0014041662216189 0.0004580575041472
2451598.9663731996 1.001171827316284 0.0004573426267597
2451599.042762768 1.0010637044906616 0.000456362060504
2451599.1191523345 1.0009348392486572 0.0004555933119263
2451599.1955419 1.0005717277526855 0.0004549331206362
2451599.2719314643 1.00049090385437 0.0004544902185443
2451599.3483210267 1.0002647638320925 0.0004537656495813
2451599.424710587 0.9998285174369812 0.0004531226295512
2451599.5004056953 0.9997557401657104 0.00045276618038765
2451599.5761008016 0.9993960857391356 0.0004526477423496
2451599.6524903555 0.996245861053467 0.0004522383678704
2451599.728879907 0.9940669536590576 0.0004517828638199
2451599.8052694565 0.9946316480636596 0.0004516155750025
2451599.881659003 0.9975724816322328 0.0004519513167906
2451599.9483262417 0.9991859197616577 0.00045189548109184996
2451600.0316602867 0.9995597600936889 0.0004516434273682
2451600.1115220767 0.9993494451045988 0.00045143862371324996
2451600.187911611 1.0000002086162567 0.0004511917941272
2451600.266384494 1.0003211498260498 0.0004511378647293
2451600.3413851224 1.0003050565719604 0.0004509707796387
2451600.4177746475 1.00068199634552 0.0004507167031988
2451600.491386369 1.0005918741226196 0.0004505748511292
2451600.568470338 1.0003385543823242 0.0004505021497607
2451600.6434709528 1.0005787014961243 0.00045059976400799997
2451600.7212493643 1.000819444656372 0.00045067288738205
2451600.801111123 1.0013625621795654 0.0004506526747718
2451600.871945027 1.001368761062622 0.0004504805256146
2451600.9490289777 1.0016148090362549 0.00045041517296335
2451601.0254184743 1.0017077326774597 0.0004503135278355
2451601.1031968673 1.0017027258872984 0.00045020322431804996
2451601.1788919065 1.0015026330947876 0.00045014108764
2451601.2552813916 1.0016758441925049 0.0004501311632338
2451601.331670873 1.0015238523483276 0.0004499763890635
2451601.40806035 1.0017120838165283 0.0004498708294704
2451601.484449823 1.001649498939514 0.0004498135240282
2451601.5601448417 1.0013722777366638 0.00044973980402569997
2451601.635839857 1.0014042854309082 0.0004497753980103
2451601.7122293175 1.0010294914245603 0.0004496863402891
2451601.7886187737 1.000739336013794 0.0004496680339798
2451601.8650082257 1.001109957695007 0.0004496078763622
2451601.9413976735 1.0013397932052612 0.0004495991743169
2451602.017787117 1.0011234283447263 0.0004494887543842
2451602.0941765555 1.000762701034546 0.0004494106688071
2451602.1705659903 0.9952436089515686 0.0004483371740207
2451602.24695542 0.989896774291992 0.0004472497384995
2451602.3233448453 0.9912888407707214 0.0004475031455513
2451602.399734266 0.9982474446296692 0.0004489288839977
2451602.4761236827 1.0003715753555296 0.000449335144367
2451602.551818645 1.000166118144989 0.00044926330156155
2451602.627513603 1.000311255455017 0.0004492859006859
2451602.7039030055 1.0002716779708862 0.0004492233565542
2451602.7802924034 1.0004411935806274 0.0004492190200835
2451602.8566817963 1.000929832458496 0.0004492759471759
2451602.9330711844 1.000943660736084 0.000449173443485
2451603.009460568 1.0009108781814575 0.0004491611616685
2451603.0879332926 1.0009987950325012 0.0004491362342378
2451603.16223932 1.0012519359588623 0.0004491241998039
2451603.2386286887 1.0017746686935425 0.0004492132866289
2451603.3150180527 1.00192129611969 0.0004492595908232
2451603.3907129625 1.0020406246185303 0.00044917418563269996
2451603.4671023167 1.002189040184021 0.0004491829749895
2451603.542797217 1.0022374391555786 0.00044917489867649996
2451603.619186561 1.0022997856140137 0.0004490713181439
2451603.6955759 1.0019502639770508 0.0004490536812227
2451603.7719652336 1.002111792564392 0.0004490628198254
2451603.848354562 1.0020453929901123 0.0004490881401579
2451603.9247438856 1.0017013549804688 0.0004490624123718
2451604.0011332035 1.0012331008911133 0.0004489973362069
2451604.0775225167 1.0005420446395874 0.0004489087150432
2451604.1539118243 1.0004069805145264 0.0004488758277148
2451604.230301127 1.0003243684768677 0.0004488768463488
2451604.3066904237 1.0002310276031494 0.0004488825798034
2451604.383079715 1.0004888772964475 0.0004489203274715
2451604.4594690013 1.0003076791763303 0.0004489594139158
2451604.5358582824 1.000134825706482 0.0004489257116802
2451604.6122475574 1.0001217126846311 0.0004489105194807
2451604.68794238 0.9983028173446656 0.0004484617529669
2451604.7636371963 0.9955962896347044 0.0004479203489609
2451604.840026455 0.9951810240745544 0.0004479025665204
2451604.916415708 0.997906744480133 0.0004483987577259
2451604.9928049557 0.9995048642158508 0.0004486972466111
2451605.069194197 0.9996275305747984 0.0004487115365918
2451605.145583433 0.9998786449432372 0.0004487705300562
2451605.2219726634 1.00044047832489 0.0004488725680857
2451605.2983618877 1.0003691911697388 0.0004488962003961
2451605.3747511064 1.0003474950790403 0.0004489078419283
2451605.451140319 1.0003540515899658 0.0004489739949349
2451605.5275295256 1.0002315044403076 0.0004489657585509
2451605.6039187266 1.0006178617477417 0.0004489805141929
2451605.679613474 1.0008968710899353 0.000449044353445
2451605.755308215 1.000942587852478 0.0004490929131861
2451605.8316973974 1.0010290145874023 0.0004490839201025
2451605.9080865737 1.0014618635177612 0.0004491362487897
2451605.9844757435 1.0014700889587402 0.0004490451538003
2451606.0608649068 1.0017107725143433 0.0004490998690016
2451606.137254064 1.001764178276062 0.0004491143627092
2451606.219198789 1.0019972324371336 0.0004491385770961
2451606.2900323584 1.0016697645187376 0.0004491309227887
2451606.3664214956 1.001556634902954 0.0004490497231017
2451606.4428106262 1.0018059015274048 0.0004490467254072
2451606.5191997504 1.0019023418426511 0.0004490613064263
2451606.5955888676 1.0019656419754028 0.0004490791470743
2451606.6719779777 1.00200617313385 0.0004490015853662
2451606.747672634 1.001557469367981 0.0004490877181524
2451606.8226728374 1.0013411045074463 0.00044902531953985
2451606.900450819 1.0011972784996033 0.0004490006831474
2451606.976145454 1.000296115875244 0.0004488832491915
2451607.052534528 1.0002634525299072 0.0004488160193432
2451607.128923595 1.0000686645507812 0.0004488088015932
2451607.2053126534 0.997207462787628 0.0004483362135943
2451607.2817017045 0.9904890656471252 0.0004470934218261
2451607.3580907476 0.9896120429039 0.0004470318381208
2451607.434479783 0.995741367340088 0.0004482112126424
2451607.5108688097 0.9999324679374696 0.0004489397979341
2451607.587257828 1.0001442432403564 0.0004490149440243
2451607.6636468377 1.0002856254577637 0.0004490376741159
2451607.739341393 1.0005729794502258 0.00044909529970025
2451607.81503594 1.0009231567382812 0.0004491455911193
2451607.891424923 1.0011003017425537 0.0004491954459808
2451607.9678138965 1.0008695125579832 0.0004491330473683
2451608.0442028604 1.0005007982254028 0.0004490732972044
2451608.1205918146 1.0004780292510986 0.0004490641586016
2451608.1969807586 1.0004552602767944 0.0004490696301218
2451608.2733696923 1.0006536245346067 0.000449153012596
2451608.349758615 1.0009911060333252 0.0004491879371926
2451608.4261475266 1.0012366771697998 0.0004492414009291
2451608.5025364263 1.001273274421692 0.0004492504813242
2451608.5789253144 1.0013238191604614 0.0004492609004955
2451608.6553141903 1.0013302564620972 0.0004492677689995
2451608.7317030528 1.0012614727020264 0.000449241080787
2451608.8073974582 1.0010401606559753 0.00044921133667225
2451608.8830918497 1.0008182525634763 0.0004491484432946
2451608.9594806707 1.0005161762237549 0.0004490774008445
2451609.035869477 1.0007517337799072 0.0004491122672334
2451609.1122582667 1.000462293624878 0.0004490507708396
2451609.1886470397 1.0003647804260252 0.0004490671562962
2451609.265035795 1.0002905130386353 0.0004490766441449
2451609.341424532 1.0002626180648804 0.0004490051069296
2451609.417813249 0.9998469352722168 0.0004489317652769
2451609.4942019456 0.9994577169418336 0.0004489156999625
2451609.57059062 0.9994453191757202 0.0004490171850193
2451609.6469792714 0.9995337724685668 0.0004490376159083
2451609.6914235665 0.999779999256134 0.0004490612482186
2451611.5671083787 1.0014877319335938 0.0004829752870136
2451611.6303026075 1.0019004344940183 0.0004813798586837
2451611.706691246 1.0019294023513792 0.0004795305721927
2451611.7830798943 1.0019928216934204 0.000479281443404
2451611.8594685514 1.0019843578338623 0.0004790885432157
2451611.9351627743 1.0014162063598633 0.0004775900160893
2451612.0108570033 1.001232028007507 0.0004748894134536
2451612.0872456813 1.0010762214660645 0.0004726875340566
2451612.163634364 1.0008590221405027 0.0004712181398645
2451612.2400230514 0.9995498061180114 0.0004691939102485
2451612.3164117425 0.9920411705970764 0.0004655604425352
2451612.3928004373 0.989674150943756 0.0004632774798665
2451612.4691891344 0.9943021535873412 0.0004631819319911
2451612.545577834 1.0003379583358765 0.0004640397964976
2451612.6219665348 1.0009044408798216 0.000464138953248
2451612.698355237 1.0007396936416624 0.0004636560915969
2451612.77474394 1.0004806518554688 0.000463012169348
2451612.8511326443 1.0004487037658691 0.0004623074200935
2451612.9275213485 1.0005011558532717 0.0004614767676685
2451613.00321561 1.0005738139152527 0.00046032367390575
2451613.0789098707 1.0009676218032837 0.0004592548357322
2451613.1552985744 1.0011419057846067 0.0004585034621413
2451613.2316872766 1.0006020069122314 0.0004579264495987
2451613.308770421 1.0009605288505554 0.00045700735063290004
2451613.384464679 1.0007518529891968 0.0004559498338494
2451613.460853378 1.000823736190796 0.0004551646416075
2451613.5372420754 1.0012558698654177 0.0004548269207589
2451613.613630771 1.001549243927002 0.0004548568394966
2451613.690019465 1.0016524791717527 0.0004546460113488
2451613.7664081566 1.0014488697052 0.0004543841059785
2451613.8427968463 1.001072645187378 0.0004542157694231
2451613.9143244354 1.0007160305976868 0.00045402525574895
2451613.992796448 1.000216007232666 0.0004536463820841
2451614.070574016 0.9997881054878234 0.0004530393925961
2451614.1469626958 0.9993579983711242 0.0004528687568381
2451614.2240458154 1.0010311603546143 0.00045258754107630004
2451614.299740047 1.0015912055969238 0.0004524131363723
2451614.3761287183 1.0015389919281004 0.0004519427311606
2451614.452517387 1.0015023946762085 0.0004514638567343
2451614.5282116095 1.0012016892433167 0.0004513911408139
2451614.605294714 1.0009365081787107 0.0004513864987529
2451614.6823778152 1.0009291768074033 0.00045135208347344997
2451614.758072029 1.0003420114517212 0.0004511362931225
2451614.834460681 0.9970057010650634 0.0004504775279201
2451614.9108493295 0.9955964684486388 0.000450257997727
2451614.987237975 0.9970288276672364 0.0004505385586526
2451615.0629321747 0.9999541044235228 0.00045090509229334997
2451615.1386263706 1.00022554397583 0.0004508703714236
2451615.215015005 1.0004763603210447 0.0004509061982389
2451615.2914036354 1.0006238222122192 0.0004507843405008
2451615.367792262 1.0006242990493774 0.0004506063414737
2451615.4441808853 1.0004329681396484 0.0004504522657953
2451615.5205695047 1.000333309173584 0.0004503265954554
2451615.59695812 1.0000531673431396 0.0004502220836002
2451615.6733467313 1.0000097751617432 0.0004501396615523
2451615.7497353386 0.9999213218688964 0.0004500580544117
2451615.826123942 1.000152349472046 0.0004500436189118
2451615.902512541 1.0000178813934326 0.000449993298389
2451615.978901136 1.0001150369644165 0.0004500153590925
2451616.0552897267 1.0003535747528076 0.0004499502538237
2451616.130983872 1.0005131959915161 0.0004499112546909
2451616.2066780124 1.000594139099121 0.0004498647467698
2451616.283066591 1.0006202459335327 0.0004498683556448
2451616.3594551645 1.000598669052124 0.000449743354693
2451616.435843734 1.000715970993042 0.0004497021727729
2451616.512232299 1.00088894367218 0.0004496669571381
2451616.5886208597 1.0008069276809692 0.0004496598558034
2451616.665009416 1.000666856765747 0.0004496539477258
2451616.741397968 1.0003474950790403 0.0004496190522331
2451616.817786515 1.00007963180542 0.0004495063039939
2451616.8941750578 0.9998124837875366 0.0004494262102525
2451616.970563596 0.9997082948684692 0.0004493485612329
2451617.042091041 0.9999072253704071 0.0004494057211559
2451617.1226462172 0.9996375739574432 0.0004492972802836
2451617.1983403005 0.9995601773262026 0.0004491957952268
2451617.27472882 0.9992842078208924 0.0004490295541472
2451617.3511173353 0.9931544065475466 0.0004479021590668
2451617.427505845 0.988662838935852 0.0004469994164537
2451617.5038943505 0.9908451437950134 0.000447475904366
2451617.580282851 0.9987251162528992 0.0004487659607548
2451617.656671347 0.999849855899811 0.0004490039427764
2451617.733059838 0.9999452829360962 0.0004490379651542
2451617.8094483237 0.999937117099762 0.0004490786232054
2451617.8858368048 0.9994566440582277 0.000449011917226
2451617.9622252807 0.9993009567260742 0.000448988226708
2451618.038613752 0.9991101026535032 0.0004489913699217
2451618.115002218 0.99925297498703 0.0004490464634727
2451618.1906962385 0.9997423291206359 0.000449133614893
2451618.2663902543 1.0002903938293457 0.0004492125299293
2451618.3427787055 1.000610113143921 0.0004492356092669
2451618.419167151 1.0002937316894531 0.0004492398584261
2451618.4955555922 1.0000374317169187 0.0004491760919336
2451618.5719440277 1.000106930732727 0.0004491158179007
2451618.648332458 1.0003108978271484 0.0004491996660362
2451618.724720883 1.0007581710815427 0.0004492382868193
2451618.801109303 1.001006007194519 0.0004493220476433
2451618.8774977173 1.0010808706283567 0.0004493415472097
2451618.9538861266 1.0007236003875732 0.0004492870357353
2451619.0302745304 1.0005081892013548 0.0004492429143283
2451619.1066629286 1.0003831386566162 0.000449242797913
2451619.1830513217 1.0001851320266724 0.0004492433799896
2451619.258745269 1.0001815557479858 0.0004492104926612
2451619.3344392115 1.0002325773239136 0.0004492150619626
2451619.410827588 1.0003095865249632 0.0004492144507821
2451619.4872159585 1.000266671180725 0.0004492359003052
2451619.5636043237 1.0000531673431396 0.0004491637519095
2451619.639992683 0.9999945759773254 0.0004491388972382
2451619.7163810367 0.999863028526306 0.0004490617138799
2451619.7927693846 0.9996474385261536 0.0004490543506108
2451619.869157727 0.9965814948081968 0.0004484614182729
2451619.945546063 0.9943590164184568 0.0004480207571759
2451620.0219343933 0.9953344464302064 0.0004482157237362
2451620.098322718 0.999046802520752 0.0004489618004299
2451620.1698499615 1.0000964403152466 0.00044912974408355
2451620.2510993485 0.9999778270721436 0.0004490900610107
2451620.3267932152 0.999895304441452 0.00044909100688525
2451620.4024870764 0.9995909929275512 0.0004490657593123
2451620.47887537 0.9996148347854614 0.0004490290884859
2451620.5552636576 0.9997868537902832 0.0004489996645133
2451620.631651939 1.0004280805587769 0.0004490615392569
2451620.708040213 1.0005637407302856 0.0004490144492592
2451620.7844284815 1.000544548034668 0.0004491049039643
2451620.8608167428 1.0003970861434937 0.0004490894498303
2451620.9372049975 1.0005595684051511 0.0004491202416829
2451621.0135932453 1.0006576776504517 0.0004491498693823
2451621.0899814866 1.0009527206420898 0.0004492712323553
2451621.166369721 1.0008977651596067 0.0004493330488912
2451621.2427579476 1.0007271766662595 0.0004492907319217
2451621.318451729 1.0006324648857117 0.00044928207353215
2451621.3941455036 1.00100576877594 0.0004493062442634
2451621.470533709 1.0010524988174438 0.0004493688757065
2451621.5469219065 1.0014076232910156 0.0004493622400332
2451621.6233100966 1.0013360977172852 0.000449363637017
2451621.699698279 1.0014333724975584 0.0004493664018809
2451621.7760864533 1.0009337663650513 0.0004493198357522
2451621.8524746196 1.0005043745040891 0.0004492285952437
2451621.928862778 1.000252604484558 0.0004492262087296
2451622.0052509275 1.000123143196106 0.0004491591244004
2451622.081639068 0.9999077916145324 0.0004491532163228
2451622.1580272 0.9999408721923828 0.0004491005674935
2451622.234415323 0.9999627470970154 0.0004490792925935
2451622.310803436 0.9996374249458314 0.0004490053397603
2451622.386497103 0.994860976934433 0.00044825527584175
2451622.46219076 0.9888706803321838 0.0004470576532185
2451622.538578844 0.9894663691520692 0.0004471855354495
2451622.6149669173 0.9956621527671812 0.0004483903467189
2451622.69135498 0.998996376991272 0.00044893019367
2451622.7677430315 0.9991165399551392 0.00044894873281
2451622.844131071 0.9992667436599731 0.000448956125183
2451622.920519099 0.999704360961914 0.0004490434657782
2451622.996907114 0.9997345209121704 0.0004490848223213
2451623.0732951155 0.9996616840362548 0.0004490469582378
2451623.1496831034 0.9994126558303832 0.0004490513529162
2451623.226071077 0.9995047450065612 0.0004490538267418
2451623.302459035 0.999733567237854 0.000449096376542
2451623.379541413 0.9997518956661224 0.00044912027078675
2451623.454540467 1.0000588297843933 0.00044918923231305
2451623.530233939 1.0004690885543823 0.0004492227453738
2451623.606621828 1.000728964805603 0.0004493308661039
2451623.683009696 1.000975489616394 0.000449306477094
2451623.7593975435 1.0013245344161987 0.0004491539730224
2451623.8357853675 1.0010894536972044 0.0004492578445933
2451623.884395789 1.000399470329285 0.0004492151201702
2452307.305263272 1.0001567602157593 0.0004784608754562
2452307.3684592587 0.9983146786689758 0.0004729677457362
2452307.4448500136 0.9982013106346128 0.0004697636468335
2452307.521240769 1.0006017684936523 0.0004681868012994
2452307.5983259864 1.0018688440322876 0.0004669305053539
2452307.6740222806 1.0013142824172971 0.0004648456233553
2452307.7504130355 1.0008089542388916 0.0004618875100277
2452307.826803789 1.00034499168396 0.0004594984056893
2452307.90250008 1.0002350211143494 0.00045784928079225
2452307.9781963695 1.0003494024276731 0.0004561887762974
2452308.0545871183 1.0007280111312866 0.0004546314303297
2452308.130977865 1.0004599094390867 0.0004528443096205
2452308.207368609 1.0008809566497805 0.0004515386535786
2452308.283759351 1.0011898279190063 0.0004506135592237
2452308.36015009 1.0011079311370847 0.0004492514126468
2452308.436540826 1.001033067703247 0.0004482287331484
2452308.5129315597 1.001220941543579 0.000447849772172
2452308.58932229 1.0008043050765991 0.0004474794841371
2452308.665713017 1.000671148300171 0.0004471905704122
2452308.742103741 1.0006507635116575 0.000446787715191
2452308.8184944615 1.000849962234497 0.0004462650394998
2452308.8941907175 1.0006961822509766 0.00044602761045095
2452308.9698869702 1.000873565673828 0.0004458007169887
2452309.046277681 1.0007809400558472 0.0004455181770026
2452309.122668388 1.0005428791046145 0.0004451562417671
2452309.1990590906 1.0004584789276123 0.0004448542022146
2452309.27544979 1.0003609657287595 0.0004446617385838
2452309.351840486 1.000545620918274 0.0004444839141797
2452309.428231178 1.0008453130722044 0.0004442671779543
2452309.504621866 1.0008187294006348 0.0004441430210135
2452309.5810125507 1.000524878501892 0.0004440244520083
2452309.657403231 1.000455379486084 0.000443959783297
2452309.733793908 1.000373125076294 0.0004438435134943
2452309.8101845807 0.998360276222229 0.0004432502028066
2452309.8865752495 0.9904736876487732 0.0004417429445311
2452309.962271454 0.9891695976257324 0.0004414053255459
2452310.0379676544 0.994745671749115 0.0004423527279868
2452310.114358311 1.000083327293396 0.0004431780835147
2452310.190748964 1.0000022649765017 0.0004430651315487
2452310.2671396127 1.0001599788665771 0.0004430143744684
2452310.3435302577 1.0002070665359497 0.0004429845139384
2452310.4199208985 1.0006914138793943 0.0004429904511198
2452310.496311535 1.00100576877594 0.0004430466215126
2452310.5727021676 1.0011529922485352 0.0004431084962561
2452310.649092796 1.0008468627929688 0.0004430090484675
2452310.7254834203 1.0008901357650757 0.0004429914115462
2452310.80187404 1.0008820295333862 0.0004430245899129
2452310.8782646563 1.0012221336364746 0.0004430716217029
2452310.953960808 1.0014732480049133 0.00044307604548515
2452311.029656955 1.0015629529953003 0.0004430934204719
2452311.1060475586 1.001498818397522 0.0004431275883689
2452311.1824381575 1.0017009973526 0.0004431292763911
2452311.2588287527 1.0016041994094849 0.000443113502115
2452311.335219343 1.0014599561691284 0.0004430467670317
2452311.4116099295 1.0011773109436035 0.0004430163535289
2452311.488000511 1.0010453462600708 0.0004430107364896
2452311.564391089 1.0009849071502683 0.0004429718246683
2452311.640781663 1.001201033592224 0.0004430161206983
2452311.717172232 1.0011597871780396 0.0004430110275279
2452311.7935627964 1.0006138086318968 0.0004429454565979
2452311.869953357 1.0007649660110471 0.0004429299442563
2452311.9456494534 1.0003735423088074 0.00044287291530045
2452312.021345546 1.000342845916748 0.0004428745596669
2452312.097736093 1.0003978013992307 0.0004428875108715
2452312.1741266367 1.0003026723861694 0.000442841585027
2452312.2505171755 1.0002238750457764 0.0004427658568602
2452312.3269077097 0.99977046251297 0.0004427077947184
2452312.4032982397 0.9961571693420408 0.000442039425252
2452312.479688765 0.995468497276306 0.0004418796452227
2452312.5560792866 0.997589349746704 0.0004422562487889
2452312.632469803 1.0004879236221311 0.000442852237029
2452312.7088603154 1.0005502700805664 0.0004427938838489
2452312.7852508235 1.0005948543548584 0.0004428282554727
2452312.8609468676 1.0005802512168884 0.00044285535113880003
2452312.9380318257 1.0006273984909055 0.0004428185930009
2452313.0088666477 1.0010050535202026 0.0004428772663231
2452313.089423892 1.0005236864089964 0.0004428969696164
2452313.165814378 1.0009033679962158 0.0004429506079759
2452313.242204859 1.000807285308838 0.0004429165855981
2452313.3185953354 1.0010242462158203 0.0004429593100212
2452313.394985807 1.0009068250656128 0.0004429887339938
2452313.471376275 1.0009992122650146 0.0004429843975231
2452313.547766738 1.0011759996414185 0.0004430164408404
2452313.6241571964 1.0010377168655396 0.0004430233384482
2452313.70054765 1.0007842779159544 0.0004429701366461
2452313.7769380994 1.0004963874816897 0.0004429294494912
2452313.853328544 1.0008901357650757 0.0004429965338204
2452313.9297189843 1.000938892364502 0.0004429918189998
2452314.0054149614 1.0006248950958252 0.00044296986015975
2452314.0811109343 1.000582218170166 0.0004429481341503
2452314.1575013604 1.0004699230194092 0.0004429444379638
2452314.2338917824 1.0001477003097534 0.0004428471147548
2452314.310282199 1.0000115633010864 0.0004428746760822
2452314.386672612 0.9997419714927672 0.0004428309039212
2452314.46306302 0.999894678592682 0.0004428032552823
2452314.5394534227 0.9994381070137026 0.0004427501407917
2452314.6158438213 0.9993264079093932 0.0004427082894835
2452314.692234215 0.9994183778762816 0.0004427300300449
2452314.768624604 0.9995179772377014 0.0004427297972142
2452314.8450149884 0.9989556670188906 0.0004426415252964
2452314.921405368 0.9919649362564088 0.0004413340066093
2452314.997795743 0.9885683655738832 0.0004406410444062
2452315.0734916553 0.9921603500843048 0.00044134435302109996
2452315.1491875625 0.9992310404777528 0.000442662538262
2452315.225577923 0.9995909929275512 0.0004427567473612
2452315.301968279 0.9998421072959902 0.0004427740641403
2452315.37835863 0.9999230504035947 0.0004428125103004
2452315.454748976 0.9998801350593568 0.0004428219690453
2452315.5311393174 0.9999215602874756 0.0004428259853739
2452315.6075296537 1.0002111196517944 0.0004428450774867
2452315.683919985 1.0004477500915527 0.000442915566964
2452315.760310312 1.000529408454895 0.0004429247055668
2452315.836700633 1.0004926919937132 0.0004429356777109
2452315.91309095 1.0005947351455688 0.0004429481341503
2452315.9894812615 1.0006642341613767 0.0004429685650393
2452316.065177111 1.0009198784828186 0.00044304371112955
2452316.140872956 1.0015896558761597 0.0004431400448083
2452316.2172632525 1.0015994310379028 0.0004431566921994
2452316.293653544 1.0019755363464355 0.0004432443820405
2452316.3700438305 1.0022451877593994 0.0004432708956301
2452316.4464341123 1.0021097660064695 0.0004432299174368
2452316.5228243885 1.0017430782318115 0.0004431900451891
2452316.5992146595 1.0014698505401611 0.0004430960689205
2452316.6756049255 1.001048564910889 0.0004430476110428
2452316.751995186 1.0012307167053225 0.0004430230183061
2452316.8283854416 1.0011614561080933 0.0004430666740518
2452316.904775691 1.000965595245361 0.0004430313128978
2452316.981165936 1.0009621381759644 0.0004429848922882
2452317.0575561756 1.0007342100143433 0.0004429370164871
2452317.133251953 1.000021755695343 0.00044283772876945
2452317.208947724 0.9998646378517152 0.000442796444986
2452317.2853379473 0.999506175518036 0.0004427727835718
2452317.3617281644 0.9994358420372008 0.0004427623644005
2452317.438118376 0.996622920036316 0.000442243181169
2452317.5145085817 0.9949101805686952 0.0004419263859745
2452317.590898782 0.9962986707687378 0.0004421392222866
2452317.6672889763 0.9995330572128298 0.0004428195825312
2452317.7436791644 1.0002750158309937 0.0004429356777109
2452317.8200693466 0.999955117702484 0.0004428789834491
2452317.8964595227 0.9999796152114868 0.0004428286920301
2452317.972849692 0.999917984008789 0.0004427969979587
2452318.049239856 0.9998103380203248 0.0004427605890668
2452318.124935557 0.9999013841152191 0.0004427701642271
2452318.200631252 1.000084638595581 0.0004428030515555
2452318.277021396 1.00009024143219 0.0004428406537044
2452318.353411533 1.0007619857788084 0.0004429327091202
2452318.429801663 1.000819444656372 0.0004428757820278
2452318.506191786 1.000945210456848 0.0004429360269568
2452318.5825819015 1.0011928081512451 0.0004429232794791
2452318.6589720096 1.0008139610290527 0.0004428810498211
2452318.7353621097 1.0006630420684814 0.0004427959502208
2452318.8110577464 1.0006166100502014 0.00044281782174945003
2452318.888142286 1.000670313835144 0.0004429415857885
2452318.9645323614 1.0006980895996092 0.0004429893160704
2452319.018005409 1.0006019473075867 0.0004429774562595
2452320.2624681015 1.0002930164337158 0.0005020166572648501
2452320.336774741 1.0001839399337769 0.0004869163967669
2452320.4131647474 0.9999006390571592 0.0004788874939549
2452320.4895547563 0.9997786283493042 0.0004761340678669
2452320.565944767 0.9999564290046692 0.0004737944109365
2452320.6423347797 0.999966859817505 0.0004695985116995
2452320.7187247924 0.9997437000274656 0.0004658024699892
2452320.7951148055 0.9994781017303466 0.0004645355511456
2452320.8715048186 0.9994233846664428 0.0004638077516574
2452320.9478948303 0.9995553493499756 0.0004625397850759
2452321.024284841 0.9998756051063536 0.000460924435174
2452321.1006748504 0.9999638199806212 0.0004588599840644
2452321.177064858 1.0001648664474487 0.0004572108737193
2452321.2527604084 1.000546932220459 0.00045541870349545
2452321.328455957 1.0009294748306274 0.0004531341837719
2452321.404845957 1.001010179519653 0.0004514251486398
2452321.481235955 1.0010645389556885 0.0004508474958129
2452321.55762595 1.0007628202438354 0.0004507177509367
2452321.6340159415 1.0004663467407229 0.0004503030504565
2452321.7104059304 1.0001424551010132 0.0004493478627409
2452321.7867959156 1.0000683069229124 0.0004487167170736
2452321.863185897 0.9995933771133424 0.0004483468364924
2452321.9395758756 0.999535322189331 0.000447931146482
2452322.0159658506 0.9996299147605896 0.0004474946472328
2452322.0923558213 0.9993674755096436 0.0004469168488867
2452322.1687457887 0.9993725419044496 0.000446459831437
2452322.2444412983 0.999484121799469 0.00044607068412000003
2452322.3201368037 0.9995798468589784 0.0004456172755453
2452322.3965267595 0.9997610449790952 0.0004451402055565
2452322.472916711 0.997900366783142 0.0004445110971573
2452322.549306659 0.99509459733963 0.0004440525081008
2452322.625696603 0.9954723715782164 0.0004441580094862
2452322.7020865427 0.9987022876739502 0.0004446248640306
2452322.778476478 1.0001487731933592 0.0004446409584488
2452322.854866409 1.0003050565719604 0.0004445639206096
2452322.9312563366 1.0004664659500122 0.0004445243976078
2452323.0076462594 1.0006256103515625 0.0004444170626811
2452323.084036178 1.000488042831421 0.000444234086899
2452323.1604260923 1.0004523992538452 0.0004440835618879
2452323.2368160025 1.0004353523254397 0.0004439856274984
2452323.3125114543 1.0006832480430603 0.00044385444198259997
2452323.3882069024 1.0008425712585447 0.0004436885355971
2452323.4645967996 1.0008236169815063 0.0004435121663846
2452323.540986692 1.001043677330017 0.000443527882453
2452323.6173765804 1.0013823509216309 0.0004434696165844
2452323.6937664645 1.00140380859375 0.000443383178208
2452323.7701563435 1.0012861490249632 0.0004432096029631
2452323.8465462187 1.0010535717010498 0.0004430770059116
2452323.922936089 1.001179814338684 0.0004429926339071
2452323.9993259553 1.0008080005645752 0.0004428952524904
2452324.0757158166 1.000711679458618 0.0004428592510521
2452324.152105673 1.0008919239044187 0.0004428135289344
2452324.2284955257 1.0010066032409668 0.0004428831452969
2452324.3041909207 1.0007908940315247 0.00044291300582695
2452324.379886311 1.0006272792816162 0.0004429376567713
2452324.456970603 1.0004276633262634 0.00044280638394404996
2452324.5326659842 1.000822067260742 0.0004427719104569
2452324.609055814 1.000718593597412 0.0004427478706929
2452324.685445639 1.0007286071777344 0.0004427317471709
2452324.7618354596 1.0008075237274168 0.0004426824452821
2452324.8382252753 1.0005629062652588 0.0004426051455084
2452324.9146150867 1.0004317760467527 0.0004425941733643
2452324.9910048936 0.9969642758369444 0.0004419792385306
2452325.0673946957 0.9904012084007264 0.0004406872903928
2452325.143784493 0.9906465411186216 0.0004406906082294
2452325.2201742856 0.9970679879188536 0.0004419832548592
2452325.296564074 1.0006409883499143 0.0004425688821356
2452325.3722594045 1.0004485249519348 0.00044252371299075
2452325.447954731 1.0002672672271729 0.0004425749648362
2452325.5243445053 1.0006262063980105 0.0004426207742653
2452325.600734275 1.00127911567688 0.000442682619905
2452325.6771240397 1.0016454458236694 0.0004428026441019
2452325.7535138 1.0019930005073545 0.00044286469346839995
2452325.829903555 1.002274990081787 0.0004429232503753
2452325.906293306 1.0023220777511597 0.0004429626860655
2452325.982683052 1.0022121667861938 0.0004429785476531
2452326.059072793 1.0022300481796265 0.0004430186236277
2452326.13546253 1.0023040771484375 0.0004430413537193
2452326.211852262 1.0020064115524292 0.0004430451372172
2452326.283380824 1.001671254634857 0.0004431237321114
2452326.3639372587 1.0011974573135376 0.00044312598765825005
2452326.4396325247 1.001195788383484 0.0004431403358466
2452326.5160222375 1.001260995864868 0.0004431633860804
2452326.5924119456 1.0013377666473389 0.0004432119603734
2452326.6688016485 1.0012751817703247 0.000443179247668
2452326.7451913473 1.0009806156158447 0.0004430926055647
2452326.821581041 1.0007476806640625 0.0004431053530424
2452326.89797073 1.0004855394363403 0.0004430614353623
2452326.974360414 1.000179886817932 0.0004430146072991
2452327.050750093 1.000369429588318 0.0004430096014402
2452327.1271397676 1.0002987384796145 0.0004430119297467
2452327.203529437 1.000200271606445 0.0004430322442203
2452327.279919102 0.9996401071548462 0.0004429187683854
2452327.3563087615 0.9991986155509948 0.0004428200190886
2452327.4320039656 0.9988189041614532 0.00044272193918
2452327.507699164 0.997323215007782 0.0004424568032845
2452327.58408881 0.994184136390686 0.0004418189637362
2452327.66047845 0.993566870689392 0.0004416884912643
2452327.736868086 0.9961909651756288 0.0004422827332746
2452327.8132577166 0.9985824227333068 0.0004426848900038
2452327.8896473423 0.9989038705825805 0.0004427191743161
2452327.9660369633 0.9989487528800964 0.0004427514504641
2452328.042426579 0.998988687992096 0.0004427588719408
2452328.11881619 0.9991812705993652 0.0004427770618349
2452328.195205796 0.9997312426567077 0.0004428758402355
2452328.271595397 1.0000586509704588 0.0004429511900525
2452328.3479849934 1.0003970861434937 0.0004429854161571
2452328.4236801337 1.0004878044128418 0.00044298292777959997
2452328.4993752693 1.000691056251526 0.0004430076805874
2452328.5757648502 1.0007896423339844 0.000443039170932
2452328.6521544266 1.0009597539901731 0.0004430875414982
2452328.7285439977 1.0011286735534668 0.0004430728440638
2452328.804933564 1.0014556646347044 0.0004431150737218
2452328.8813231247 1.001603364944458 0.0004431692359503
2452328.957712681 1.002060055732727 0.0004432748246472
2452329.0341022317 1.0020177364349363 0.0004432131245266
2452329.1104917773 1.0021133422851562 0.0004432135610841
2452329.186881318 1.00158953666687 0.0004431436536833
2452329.2632708536 1.0010191202163696 0.0004430603294167
2452329.339660384 1.000722050666809 0.0004429741820786
2452329.4160499093 1.0004307031631468 0.0004429297696333
2452329.4917449793 1.0002806186676025 0.0004429269320098
2452329.5674400437 0.999927282333374 0.0004428282554727
2452329.6438295534 0.9999394416809082 0.0004428359097801
2452329.720219058 1.0002022981643677 0.0004428756947163
2452329.796608557 1.000407338142395 0.0004429125401657
2452329.872998051 1.0005775690078735 0.0004429022083058
2452329.949387539 1.0005807876586914 0.0004429592227097
2452330.0257770224 0.9982298016548156 0.000442472693976
2452330.1021665 0.9907819032669068 0.0004410631663631
2452330.1785559724 0.9890956878662108 0.0004406499501783
2452330.2549454393 0.9950899481773376 0.0004417596210259
2452330.3313349006 1.0001888275146484 0.0004427478706929
2452330.4077243563 1.0009773969650269 0.0004428836982697
2452330.483419357 1.0009678602218628 0.00044296488340474997
2452330.5591143523 1.0004030466079712 0.0004430131521075
2452330.6355037913 1.0007630586624143 0.000442991615273
2452330.7118932246 1.000948786735535 0.0004429577093105
2452330.7882826524 1.0004260540008545 0.0004429036634974
2452330.864672074 1.00023353099823 0.0004429104446899
2452330.94106149 1.0005018711090088 0.0004429577093105
2452331.0174509 1.000840663909912 0.0004430043627507
2452331.0938403043 1.0009889602661133 0.0004430577391758
2452331.1702297023 1.0009475946426392 0.000443133758381
2452331.2466190937 1.0007665157318115 0.0004431197885423
2452331.323008479 1.000415563583374 0.000443037279183
2452331.3993978584 1.0002776384353635 0.0004430478729773
2452331.4757872312 1.0003830194473269 0.0004430873668752
2452331.5514821485 1.000956952571869 0.00044319595326665
2452331.627177059 1.0011003017425537 0.0004431883571669
2452331.703566412 1.0008902549743652 0.0004431715060491
2452331.779955758 1.000279426574707 0.0004431566921994
2452331.8563450966 1.0003461837768557 0.0004431534034665
2452331.9327344275 1.000510334968567 0.0004431367851793
2452332.0091237514 1.000278353691101 0.0004431876877788
2452332.0855130674 0.999765396118164 0.0004431571287568
2452332.161902376 0.99982488155365 0.0004432196728885
2452332.2382916757 0.9999209046363832 0.0004432309942785
2452332.3146809675 0.9995322823524476 0.0004432594287209
2452332.389681354 0.9999200105667112 0.0004432142304722
2452332.467459524 0.9998757243156432 0.0004431413835845
2452332.543848789 0.9988529086112976 0.0004430462722666
