2451683.3746978394 1.0092693567276 0.0041399840265512
2451683.4101144066 0.9763315320014953 0.0041239112615585
2451683.4448365294 0.9861207008361816 0.0041264318861067
2451683.480253092 1.0175577402114868 0.0041399919427931
2451683.5156696537 1.0232231616973877 0.0041430466808378
2451683.548308444 0.9980660080909728 0.00413379049859935
2451683.587891656 0.9754717946052552 0.004120968747884
2451683.624002655 1.0046913623809814 0.0041336114518344
2451683.658030326 1.019457459449768 0.0041405467782169
2451683.6913635535 1.00724995136261 0.0041347634978592
2451683.7260856647 0.976858377456665 0.0041256819386035
2451683.7615022175 0.9844915866851808 0.0041301995515823
2451683.7969187694 1.0162089467048645 0.00414167507551605
2451683.8323353203 1.0220556259155271 0.0041408515535295
2451683.8670574287 0.9955132007598878 0.0041322503238916
2451683.905946189 0.9764228463172911 0.0041293194517493
2451683.9385849694 1.003238320350647 0.00413568923249835
2451683.972612634 1.020119309425354 0.0041455016471445
2451684.0080291815 1.0047229528427124 0.0041374645661562005
2451684.042056845 0.9750990867614746 0.0041211596690118
2451684.0781678343 0.988908350467682 0.0041292621754109
2451684.113584381 1.0201246738433838 0.00414291000925
2451684.1490009273 1.020893096923828 0.0041433139704167
2451684.1837230315 0.9908005595207214 0.0041372058913111
2451684.2191395774 0.9736162722110748 0.004128633299842451
2451684.2545561227 1.0052306652069092 0.0041426559910178
2451684.289972668 1.019866704940796 0.0041516644414514
2451684.324694771 1.0049378871917725 0.00414629024453455
2451684.3601113157 0.9715704917907716 0.0041389097459614
2451684.394833418 0.9892473220825196 0.0041453018784523
2451684.4302499625 1.02003014087677 0.00416082516312595
2451684.4656665064 1.0186052322387695 0.0041646379977464
2451684.500388609 0.9916544556617738 0.0041551464237272
2451684.5358051523 0.9768507480621336 0.00415427982807155
2451684.571221696 1.0058799982070925 0.0041654631495475
2451684.6059437976 1.0194004774093628 0.00417663436383
2451684.641360341 1.00485360622406 0.0041756173595785505
2451684.676776884 0.9740434288978576 0.0041590873152017
2451684.711498985 0.9920717477798462 0.0041706832125782
2451684.7469155286 1.020095705986023 0.0041810497641563
2451684.782332071 1.0202372074127195 0.0041858367621898
2451684.8170541716 0.991868019104004 0.0041737305000424
2451684.8524707146 0.9764837622642517 0.00416588736698025
2451684.8871928146 1.0076582431793213 0.0041849690023808995
2451684.9226093576 1.0195856094360352 0.0041878200136125
2451684.9580258997 1.0026121735572815 0.00417813914828
2451684.993442442 0.9719876646995544 0.0041669532656669
2451685.028164542 0.991718888282776 0.0041722380556166
2451685.063581084 1.019221007823944 0.00418377923779185
2451685.098997626 1.0205273628234863 0.0041864342056214
2451685.1337197255 0.9861750602722168 0.0041755503043532
2451685.169136267 0.9751806259155273 0.00417068111710245
2451685.2045528092 1.0053319931030271 0.0041869292035698
2451685.239274909 1.0203897953033447 0.0041896826587617
2451685.27469145 1.0017364025115967 0.0041879513300955
2451685.3101079916 0.9727633595466612 0.0041715204715728
2451685.3448300906 0.9938970208168028 0.0041782869957387
2451685.380246632 1.0210956931114197 0.0041918230708687994
2451685.415663173 1.0178295373916624 0.0041953749023377
2451685.450385272 0.9850947260856628 0.0041754734702408
2451685.485801813 0.9780074357986449 0.0041774245910346005
2451685.521218354 1.0089623928070068 0.0041932524181902
2451685.5559404525 1.0218453407287595 0.0042060152627527
2451685.5913569927 0.9988691806793213 0.004197608446702351
2451685.626773534 0.9719254970550536 0.0041850004345178
2451685.661495632 0.9970635771751404 0.004200420808047
2451685.6962177306 1.0213997364044187 0.0042109922505915
2451685.7316342704 1.014273762702942 0.0042079295963048
2451685.767050811 0.9882726073265076 0.0041968077421188
2451685.801772909 0.977461338043213 0.0041922857053577
2451685.837189449 1.0097475051879883 0.00420860433951015
2451685.8726059888 1.0200426578521729 0.0042130164802074
2451685.9073280864 0.9962114691734314 0.0042041768319904
2451685.942744626 0.9722899496555327 0.0041894144378602
2451685.9781611655 1.0012545585632324 0.0041955788619816
2451686.012883263 1.0225111246109009 0.0042041051201522
2451686.0482998025 1.0160722136497498 0.00420153350569305
2451686.0837163418 0.9833455085754392 0.0041882032528519
2451686.118438439 0.9797750115394592 0.0041903536766767
2451686.1538549783 1.0095511674880981 0.0042086367029696
2451686.1892715166 1.019620895385742 0.004210471175611
2451686.2239936134 0.9968393445014953 0.0042028166353702
2451686.259410152 0.9728110134601592 0.0041896745096892
2451686.2948266906 0.997608721256256 0.0041981707327067
2451686.3295487873 1.022993564605713 0.004207344725728
2451686.3649653257 1.014912724494934 0.004204157507047
2451686.400381864 0.9809606671333314 0.004190067294985
2451686.4351039603 0.9809237122535704 0.0041891792789101
2451686.470520498 1.0120986700057983 0.004205022705718851
2451686.5059370357 1.0183039903640747 0.0042098988778889
2451686.5406591315 0.9938681721687316 0.0042051468044519
2451686.5760756694 0.9714735150337219 0.00419452320784325
2451686.611492207 1.0002899169921875 0.0042179026640951
2451686.646214302 1.0204384326934814 0.0042255250737071
2451686.6816308396 1.011891782283783 0.00422408967278895
2451686.7170473766 0.980146050453186 0.0042103510349988
2451686.751769472 0.980378031730652 0.0042130504734814
2451686.787186009 1.0130918622016907 0.0042294259183108
2451686.8226025454 1.0190166234970093 0.0042346338741481
2451686.8573246403 0.9927772879600526 0.0042183878831565
2451686.8927411763 0.9723565578460692 0.0042116164695471005
2451686.928157713 1.003269076347351 0.004226213786751
2451686.962879807 1.0229040384292605 0.0042283241637051
2451686.998296343 1.011103630065918 0.00422120629809795
2451687.0337128793 0.9763036370277404 0.0042047961615026
2451687.0684349732 0.9861091375350952 0.0042067891918122
2451687.1038515083 1.01472008228302 0.0042210691608488005
2451687.1392680444 1.0177268981933592 0.0042233122512698
2451687.173990138 0.9926032423973083 0.0042141121812164
2451687.209406673 0.9727952480316161 0.00420715473592275
2451687.244823208 1.0020880699157717 0.0042193904519081
2451687.2795453016 1.0239218473434448 0.0042267357930541
2451687.314961836 1.0115972757339475 0.00422117603011425
2451687.350378371 0.9763572216033936 0.0041993032209575
2451687.3851004634 0.9837017059326172 0.0042036930099129
2451687.420516998 1.016052782535553 0.0042150642257183
2451687.455933532 1.0173406600952148 0.0042182044126093
2451687.490655625 0.9913429021835328 0.004208386875689
2451687.5260721585 0.9722252786159514 0.0042049405165016495
2451687.561488692 1.0050030946731567 0.0042275907471776
2451687.5962107843 1.0228890180587769 0.0042399349622428
2451687.6316273175 1.0104295015335083 0.0042332110460847
2451687.667043851 0.9773228764533995 0.004224709700793
2451687.701765943 0.9899464845657348 0.0042292224243283
2451687.7371824756 1.0153712630271912 0.0042392977047711
2451687.772599009 1.0124849081039429 0.0042411787435412
2451687.8073211 0.9881710410118104 0.0042340466752648
2451687.842737633 0.9713246822357178 0.0042300694622099
2451687.8767652814 1.0078839063644407 0.0042425608262419
2451687.9149595816 1.0246713161468506 0.00425163283944125
2451687.948292788 1.0066925883293152 0.004241160582750951
2451687.9830148784 0.9743809103965758 0.004222384188324151
2451688.0184314107 0.9871464371681212 0.0042256494052708
2451688.0538479425 1.0153310298919678 0.0042371856980025005
2451688.089264474 1.01709246635437 0.0042374264448881
2451688.1239865636 0.9860323071479796 0.0042260130867362
2451688.158014212 0.9728197753429412 0.00422258232720195
2451688.194125185 1.008270025253296 0.004238809226080701
2451688.2295417157 1.0225660800933836 0.0042436099611222
2451688.264263805 1.0084697008132937 0.0042365374974906
2451688.30523587 0.9759490787982941 0.0042153692338615
2451688.335791308 0.9915160238742828 0.00422099302522835
2451688.3698189547 1.0172275304794312 0.0042298403568565
2451688.4045410436 1.0151355266571045 0.0042264312505722
2451688.439957574 0.9863656461238861 0.0042139068245887
2451688.475374104 0.971679449081421 0.0042135370895266
2451688.510790634 1.0084763765335083 0.0042365828994661
2451688.5462071635 1.023959994316101 0.0042424327693879
2451688.5809292514 1.0007820129394531 0.0042454972863197
2451688.616345781 0.9748536050319669 0.00423594750463955
2451688.6538456352 0.9926772713661192 0.00424729613587255
2451688.6871788395 1.0184087753295898 0.004261161433532799
2451688.721900927 1.0143041014671326 0.004261760972440199
2451688.7573174555 0.985369861125946 0.0042473128996789
2451688.7920395425 0.975594401359558 0.0042448309250175
2451688.828150513 1.0095044374465942 0.0042597018182277
2451688.8628725996 1.0252468585968015 0.0042685004882514
2451688.898289128 1.0027568340301514 0.004261769587174
2451688.9330112142 0.9738865792751312 0.0042468984611332
2451688.968427743 0.9926567673683168 0.0042507415637373
2451689.003149829 1.0189815759658811 0.0042587239295244
2451689.039260798 1.0128222703933716 0.00425810739398
2451689.073982884 0.9784940481185912 0.0042435270734131
2451689.10870497 0.976573586463928 0.0042400793172419
2451689.144815939 1.0130497217178345 0.0042582033202052
2451689.1795380246 1.0227468013763428 0.0042618722654879
2451689.213565668 1.0020561814308167 0.0042535450775176
2451689.249676637 0.973652720451355 0.0042413948103785
2451689.2850931636 0.9948568344116212 0.004243962932378
2451689.3191208066 1.0192078948020935 0.0042503259610384495
2451689.355231775 1.0105440616607666 0.0042437959928065
2451689.3906483017 0.981962502002716 0.0042276191525161
2451689.4239815027 0.9773858189582824 0.0042272987775504
2451689.461481354 1.013005256652832 0.0042452439665794
2451689.4962034384 1.025040864944458 0.0042515136301517
2451689.530231081 1.0013433694839478 0.0042514260858297
2451689.5663420483 0.9753755927085876 0.004246801836416051
2451689.601758574 0.9991371035575866 0.0042679593898355
2451689.636480658 1.0207786560058592 0.004279036540538
2451689.672591625 1.0117714405059814 0.0042771804146468
2451689.7073137085 0.977091670036316 0.0042682266794145
2451689.7420357917 0.9805424809455872 0.0042716669850051
2451689.777452317 1.016259491443634 0.00428590574301775
2451689.812868842 1.0256922245025637 0.0042922724969685
2451689.848285367 0.9991157054901123 0.0042840905953197995
2451689.8830074496 0.9759272336959838 0.0042707659304141495
2451689.918423974 1.0025571584701538 0.0042798724025487
2451689.95453494 1.0222918987274168 0.0042852377519011
2451689.989257023 1.0109883546829224 0.0042810626327991
2451690.0239791055 0.9768207073211668 0.0042653460986912
2451690.058701188 0.984713554382324 0.0042680599726736
2451690.094117712 1.0158347487449646 0.0042845213320106
2451690.1295342357 1.025177240371704 0.0042882841080427
2451690.164256318 0.9992316961288452 0.0042794728651642
2451690.1989784 0.9758009910583496 0.004267222713679
2451690.234394924 1.0000039935112 0.00427634967491025
2451690.2698114472 1.0210931301116943 0.004278662148863
2451690.3045335286 1.0080872774124143 0.0042681279592216
2451690.339950052 0.9782795608043671 0.0042509401682764
2451690.375366575 0.9847765564918518 0.0042459196411073
2451690.4100886565 1.0152984857559204 0.0042600044980645
2451690.4455051795 1.0224229097366333 0.00426200451329345
2451690.4809217025 0.9969424605369568 0.004258616361767
2451690.515643784 0.9736176133155824 0.0042565744370222
2451690.5510603064 1.0018616914749146 0.00427953060716385
2451690.586476829 1.0210760831832884 0.0042972550727427
2451690.62119891 1.0103974342346191 0.0043001449666917
2451690.656615433 0.9767871499061584 0.0042911344207823
2451690.692031955 0.9886581897735596 0.0043009538203477
2451690.726754036 1.0177204608917236 0.0043170950375497
2451690.762170558 1.0189744234085083 0.0043174573220312
2451690.7975870804 0.992312252521515 0.004311806987971
2451690.832309161 0.97365403175354 0.0043044597841799
2451690.867725683 1.0003070831298828 0.0043209716677665
2451690.9031422045 1.0192571878433228 0.0043281367979943
2451690.937864285 1.004667043685913 0.0043225600384175
2451690.973280807 0.9756423830986024 0.00430678133852775
2451691.0086973286 0.9885712862014768 0.0043059615418314
2451691.0434194086 1.0178569555282593 0.0043178023770451
2451691.0788359307 1.0223543643951416 0.0043201113585382
2451691.1142524523 0.994055151939392 0.004309743642807
2451691.1489745323 0.9758095741271972 0.0043012951500713
2451691.184391054 1.0009360909461975 0.0043114013969897495
2451691.2198075755 1.0198994874954224 0.0043174554593861
2451691.2545296554 1.0067847967147827 0.0043101785704493
2451691.289946177 0.9714120626449585 0.0042881241533904504
2451691.325362698 0.992014229297638 0.0042912536300718
2451691.360084778 1.0207754373550415 0.0042969374917447
2451691.3955012998 1.0202275514602661 0.004295136546716
2451691.430917821 0.9927085638046264 0.0042852438054978
2451691.4656399004 0.9743735790252684 0.0042770369909703
2451691.501056422 1.0050238370895386 0.004298728425055701
2451691.536472943 1.0215898752212524 0.0043166819959878
2451691.571195023 1.003365159034729 0.0043197534978389
2451691.6066115443 0.9732033014297485 0.0043155970051884
2451691.642028066 0.9904288649559022 0.0043345922604203
2451691.6767501454 1.0203058719635008 0.0043570734560489
2451691.712166667 1.0203325748443604 0.0043567882385104496
2451691.746194305 0.9935200214385984 0.0043455604463815
2451691.7836941513 0.9749970436096193 0.0043430500663816
2451691.8170273476 1.003669500350952 0.0043616220355033
2451691.854527194 1.0193122625350952 0.0043697878718376
2451691.888554832 0.9999476671218872 0.004369243280962051
2451691.9225824703 0.9708450436592102 0.0043585267849266
2451691.957998992 0.9897092580795289 0.00436293403618035
2451691.992721072 1.0218839049339294 0.0043703373521566
2451692.028832035 1.0175409317016602 0.00436882977373895
2451692.0642485567 0.9907669126987456 0.00434920610859985
2451692.0989706367 0.975350022315979 0.004346156027168
2451692.1343871583 1.006712257862091 0.00435953959822645
2451692.1711925636 1.0195770263671875 0.0043617244809865
2451692.204525761 0.9990585446357728 0.0043551325798034
2451692.2399422824 0.9710565209388734 0.00433891615830355
2451692.2753588045 0.99566650390625 0.0043445895425975
2451692.3100808854 1.0220327377319336 0.0043500554747879
2451692.3454974075 1.0171758532524109 0.00434341561049215
2451692.3809139295 0.9851041436195372 0.0043252720497548
2451692.4204971017 0.9801802039146423 0.0043148417025804
2451692.44966365 1.0079122185707092 0.0043296164367347505
2451692.4850801723 1.0219054222106931 0.0043376651592552
2451692.5211911364 1.0021830797195437 0.0043370509520173
2451692.555218776 0.9722034335136414 0.0043369573540984994
2451692.592718624 0.99320387840271 0.0043611186556517505
2451692.626746264 1.0198742151260376 0.0043750400654971
2451692.6635516705 1.0137115120887756 0.00438203522935505
2451692.696884869 0.9831484258174896 0.00438019679859275
2451692.7323013926 0.9775623083114624 0.0043826969340443
2451692.7677179165 1.0071646571159363 0.00439607794396575
2451692.802439999 1.0186617970466614 0.0044151509646326
2451692.8378565228 1.0006191730499268 0.0044088880531489
2451692.8725786055 0.9717723131179808 0.0044088084250688
2451692.9066062463 0.9919581115245819 0.00442652497440575
2451692.9434116543 1.0215299129486084 0.0044401111081242
2451692.9781337376 1.0169451236724851 0.004437091294676
2451693.013550263 0.9846810400485992 0.00442188908345995
2451693.0489667878 0.9755166172981262 0.0044094128534197
2451693.08299443 1.008350431919098 0.0044213437940924995
2451693.120494281 1.01937997341156 0.00441975309513505
2451693.1545219235 0.9961365461349488 0.0044120047241449
2451693.1892440077 0.9709961414337158 0.0044012013822793
2451693.2246605344 0.9984299540519714 0.004411015193909349
2451693.260077061 1.0234837532043457 0.0044206003658473
2451693.2947991467 1.0126841068267822 0.0044134398922324
2451693.330215674 0.9797948598861694 0.0043963347561656995
2451693.36493776 0.9792224168777466 0.0043857060372829
2451693.4003542876 1.0139590501785278 0.0043925233185291
2451693.435770816 1.0196629762649536 0.00439145322889085
2451693.4711873443 0.994964063167572 0.0043801856227219
2451693.5059094317 0.972715139389038 0.0043764053843915
2451693.540631519 1.0020744800567627 0.0044033383019268
2451693.5767424903 1.023684024810791 0.0044217845425009
2451693.6114645787 1.0123463869094849 0.0044315974228084
2451693.646881109 0.9782602787017822 0.00443173642270265
2451693.6822976395 0.981155216693878 0.0044412100687623
2451693.7170197293 1.0123451948165891 0.004462023731321
2451693.7524362607 1.0190074443817139 0.0044693010859191
2451693.7878527925 0.99550199508667 0.0044638905674219
2451693.8225748832 0.9744986295700072 0.004462013952434
2451693.857991416 1.0034719109535217 0.00448292167857285
2451693.8934079497 1.0229432582855225 0.0045045888982713
2451693.928130042 1.0132820606231687 0.0045055453665554
2451693.963546576 0.9794040620326996 0.00449091661721465
2451693.998963111 0.9850973486900328 0.0044879638589918
2451694.0336852046 1.014647364616394 0.004491580184549
2451694.06910174 1.019367516040802 0.004483989905565901
2451694.1052127182 0.9934152960777284 0.00446259859018025
2451694.139240372 0.9752705693244934 0.0044546746648848
2451694.1746569094 1.0027813911437988 0.004474819405004301
2451694.210073448 1.0241332054138184 0.0044853999279439
2451694.2447955445 1.0134546756744385 0.0044837491586804
2451694.280212084 0.9774095118045807 0.0044710969086736
2451694.315628624 0.985081136226654 0.0044673653319478
2451694.3503507227 1.016490459442139 0.0044699902646243
2451694.3857672643 1.0204910039901733 0.0044620267581194
2451694.421183807 0.9960969090461732 0.0044381623156368
2451694.4552114652 0.9744639098644257 0.0044246506877243
2451694.4913224513 1.0052909851074219 0.00443915184587235
2451694.526738995 1.0244195461273191 0.004450733307749
2451694.5614610985 1.0123369693756104 0.004455734975636
2451694.596877645 0.9775595366954802 0.00445354124531145
2451694.6322941915 0.9872719645500184 0.0044676698744297
2451694.666321855 1.0137398838996887 0.0044916674960404
2451694.7024328457 1.0165565013885498 0.00449646404013035
2451694.737849395 0.9893025755882264 0.004488366190344
2451694.7725715027 0.9748132824897766 0.0044797710143029
2451694.807293612 1.0047969818115234 0.0044914502650499
2451694.8413212798 1.0227609276771543 0.00449894531629975
2451694.878126717 1.0074290037155151 0.0045007592998445
2451694.9128488293 0.9749367833137512 0.0044926786795258
2451694.9482653844 0.9894503057003021 0.00449828244745725
2451694.983681941 1.0154284238815308 0.004506105557084
2451695.018404056 1.0159214735031128 0.0045014861971139
2451695.053820614 0.9890307784080504 0.0044756587594747006
2451695.0892371736 0.9757406711578368 0.0044534136541187
2451695.1239592917 1.008505940437317 0.0044530490413308
2451695.159375854 1.0250310301780703 0.004454968729987701
2451695.1947924164 1.0072669982910156 0.004439246840775
2451695.229514539 0.976346492767334 0.0044215014204382
2451695.264931104 0.9910064339637756 0.004424804123118501
2451695.3003476704 1.020357966423035 0.0044361464679241
2451695.335069796 1.017389178276062 0.0044257235713303
2451695.370486365 0.9896627366542816 0.00440861191600555
2451695.4059029357 0.9759089350700376 0.004388777539134
2451695.440625065 1.0094690322875977 0.0043899859301745
2451695.476041638 1.0238933563232422 0.00438469136133785
2451695.5114582125 1.0064363479614256 0.0043765371665358
2451695.5461803456 0.9728366136550904 0.0043649161234498
2451695.581596922 0.9920186698436738 0.0043804310262203
2451695.6170135005 1.018720626831055 0.0043919626623392
2451695.6517356373 1.0140286684036257 0.0043978206813335
2451695.687152218 0.9869237542152404 0.0043892939575015995
2451695.7225687997 0.9748511910438536 0.0043818135745823
2451695.75729094 1.008872866630554 0.0043838024139404
2451695.7927075233 1.0230834484100342 0.0043694397900253
2451695.8281241083 1.0031490325927734 0.0043438402935862
2451695.862846251 0.9734917283058168 0.0043113958090543
2451695.898262837 0.9944687783718109 0.004302413668483451
2451695.9336794238 1.0182925462722778 0.0042833928018808
2451695.968401567 1.0149359703063965 0.0042504901066422
2451696.0038181534 0.9848614633083344 0.00420171977020795
2451696.0392347397 0.976318120956421 0.0041680224239826
2451696.073956882 1.0094211101531982 0.0041520609520375
2451696.108679023 1.0245051383972168 0.0041444008238613
2451696.1447900482 1.0035648345947263 0.0041309706866741
2451696.179512185 0.9742317199707032 0.0041216989047825
2451696.2149287616 0.9958030581474304 0.0041304139886051
2451696.2503453344 1.0164178609848022 0.004139554221183
2451696.285761902 1.0143121480941772 0.0041366387158632
2451696.320484022 0.9827010333538054 0.0041274118702858
2451696.355900578 0.9767543077468872 0.0041228723712265
2451696.3822893794 1.001009464263916 0.0041317045688629
2451697.3517263425 1.0145611763000488 0.0041379532776772
2451697.375337201 1.0204337835311887 0.0041408822871744
2451697.410753486 0.9955896139144897 0.0041253759991377
2451697.445475332 0.9757711291313169 0.0041144879069179
2451697.4808916124 1.0014730095863342 0.00413001328706735
2451697.5156134535 1.0196001529693604 0.0041356831789016
2451697.5517241666 1.0088042020797727 0.0041333260014653
2451697.585751568 0.9776729941368104 0.00412113172933455
2451697.6218622774 0.9840122759342194 0.00412040692754085
2451697.6572785494 1.0167901515960691 0.0041325269266963
2451697.692000383 1.0169939994812012 0.0041352896951138
2451697.7274166523 0.992347002029419 0.0041230509523302004
2451697.7635273575 0.9744862914085388 0.0041179924737661504
2451697.796860315 0.9982203543186187 0.0041257061529904
2451697.830887708 1.0194507837295532 0.0041342102922499
2451697.8683872833 1.00773823261261 0.0041298395954072
2451697.9038035483 0.9740687310695648 0.00412398576736445
2451697.938525376 0.989234447479248 0.0041214195080101
2451697.9739416395 1.017367243766785 0.0041366666555404
2451698.009357902 1.0196241736412048 0.00413701706565915
2451698.0440797284 0.9931978285312653 0.0041256200056522495
2451698.0808848636 0.9748937487602234 0.0041174716316163
2451698.1142178155 0.9995877742767332 0.0041364673525094
2451698.1489396403 1.021824598312378 0.0041392459534108
2451698.1850503376 1.005399703979492 0.0041355518624186
2451698.2197721615 0.9766887426376344 0.0041216942481696
2451698.255188422 0.9875925481319426 0.0041282037273049
2451698.2906046817 1.018964409828186 0.0041483384557068
2451698.3253265047 1.020530581474304 0.0041494844481348
2451698.3600483276 0.99419504404068 0.0041350121609866
2451698.3961590235 0.9753574132919312 0.0041296379640698
2451698.430880846 1.0039522647857666 0.0041419346816837
2451698.466297105 1.0213904976844788 0.00415408983826635
2451698.5017133635 1.003434658050537 0.0041494397446513
2451698.536435185 0.9736118912696838 0.0041403057985007
2451698.5718514435 0.9922608435153962 0.0041476557962596
2451698.6072677015 1.01947021484375 0.0041608880273997
2451698.641989523 1.0191723108291624 0.00416692905128
2451698.6781002176 0.989194631576538 0.0041566006839275
2451698.7128220387 0.9751620292663574 0.0041511566378176
2451698.7475438598 1.0049254894256592 0.0041619758121669
2451698.7829601173 1.0196576714515686 0.0041709672659635
2451698.818376375 1.0039061307907104 0.0041644680313766
2451698.853098196 0.9729669094085692 0.0041536865755915
2451698.888514453 0.9918806552886963 0.00416315812617535
2451698.92393071 1.018988013267517 0.0041720112785696
2451698.958652531 1.0194575786590576 0.0041707940399646
2451698.9940687874 0.9871725738048553 0.004155842121690449
2451699.0294850445 0.9781033396720886 0.0041502984240651
2451699.0642068647 1.0077552199363708 0.00416844221763305
2451699.0996231213 1.0208702087402344 0.00417606579139825
2451699.1350393784 1.003808856010437 0.0041690957732498
2451699.1697611986 0.9727418422698976 0.0041541033424437
2451699.2051774547 0.9956188499927521 0.0041618936229497
2451699.2405937114 1.0201188325881958 0.0041725398041307
2451699.275315531 1.0169563293457031 0.0041701323352754
2451699.310037351 0.9888707995414732 0.0041562137193977
2451699.346148044 0.9780608415603635 0.0041600256226956
2451699.3808698636 1.00832462310791 0.0041734976693987
2451699.4162861197 1.019650399684906 0.00417761853896075
2451699.451007939 1.0017908215522766 0.00417181872762735
2451699.486424195 0.97309148311615 0.004163640551269
2451699.521146015 0.9956545829772948 0.0041762008331716
2451699.5565622705 1.0217495560646057 0.004189271014183701
2451699.591978526 1.016007423400879 0.0041888933628797
2451699.6267003454 0.9856436848640442 0.0041738916188478
2451699.662116601 0.9768822491168976 0.00417109602130945
2451699.6975328564 1.011097431182861 0.0041865864768624
2451699.7308658026 1.0200437307357788 0.0041939900256693
2451699.767670931 0.999515026807785 0.004183704731985901
2451699.803087186 0.973696172237396 0.004173710476607
2451699.837809005 0.9999313354492188 0.0041861445643007
2451699.8725308236 1.021867275238037 0.0041962750256061
2451699.9086415153 1.016743779182434 0.0041923285461962
2451699.943363334 0.9850586652755736 0.004180418793112
2451699.978779589 0.9769196808338165 0.004173441091552351
2451700.0141958436 1.0087594985961914 0.0041832118295133
2451700.048917662 1.020110249519348 0.0041874158196151
2451700.0843339167 0.9999296367168428 0.0041828914545476
2451700.1197501714 0.9738283157348634 0.0041710599325597
2451700.1544719897 0.9996361136436462 0.0041848863475024
2451700.189888244 1.0214580297470093 0.00419398932717735
2451700.2253044983 1.0143361091613767 0.0041869007982313
2451700.260026316 0.979493737220764 0.0041729998774826
2451700.2954425705 0.9787717163562775 0.00417031138204035
2451700.3308588243 1.0111446380615234 0.004184593912214
2451700.365580642 1.0189002752304075 0.0041840793564915
2451700.4009968964 0.9969644248485565 0.00417872774414715
2451700.43641315 0.9723457098007202 0.0041687753982841
2451700.471134967 0.9989988803863524 0.004183480516076
2451700.506551221 1.022551119327545 0.004198582377284699
2451700.5419674744 1.0139230489730835 0.0041986866854131
2451700.5766892917 0.9811310172080993 0.004186778794974
2451700.612105545 0.9809621274471282 0.004186914535239301
2451700.6475217985 1.013917088508606 0.0042013223282992
2451700.6822436154 1.0187727212905884 0.0042033377103507
2451700.7176598683 0.9978347420692444 0.004193080123513901
2451700.753076121 0.9751505851745604 0.0041869292035698
2451700.787797938 1.0021264553070068 0.0041989274322986
2451700.823214191 1.0227627158164978 0.0042077316902577495
2451700.8586304435 1.012287735939026 0.004206882789731
2451700.89335226 0.97944438457489 0.0041912905871868
2451700.928768512 0.98116797208786 0.00419080141000445
2451700.964184765 1.0126795768737793 0.0042025605216622
2451700.9989065807 1.0189287662506104 0.0042044976726174
2451701.0343228327 0.9945323765277863 0.0041880528442561
2451701.0697390847 0.9738916754722596 0.004180293995887
2451701.1044609006 1.0023764371871948 0.0041944994591176
2451701.1398771526 1.0238696932792664 0.00420453422702845
2451701.175293404 1.0085599422454832 0.0042041852138936
2451701.2100152196 0.9789712429046632 0.0041893343441188
2451701.2454314707 0.9853660464286802 0.00418625189922745
2451701.2808477227 1.0132044553756712 0.0041961381211876
2451701.3155695377 1.018554925918579 0.0041957455687224
2451701.3509857887 0.9910989105701447 0.0041823997162282
2451701.38640204 0.9736462235450744 0.0041758907027542
2451701.4211238544 1.0066534280776975 0.0041950671002268
2451701.456540106 1.0236476063728333 0.00420544762164345
2451701.491956356 1.0102287530899048 0.0042032208293676
2451701.5266781705 0.9757677912712096 0.0041965963318943
2451701.562094421 0.9837393164634705 0.0042039870750158505
2451701.5975106717 1.0150372982025146 0.0042197732254862
2451701.6273714313 1.0186700224876404 0.0042224067728966
2451701.6662598634 0.9930162727832794 0.00421304558403785
2451701.7044538585 0.97394722700119 0.0042066927999258
2451701.7377867997 1.0050084590911863 0.0042167725041508
2451701.771814177 1.0240626931190493 0.00422347872518
2451701.807924863 1.0087044835090637 0.004219420952722401
2451701.84195224 0.9761340618133546 0.0042044767178595
2451701.8780629258 0.9862952232360842 0.0042087477631866
2451701.9134791754 1.0152530074119568 0.0042205918580293
2451701.950284297 1.0174324512481687 0.0042177247814834
2451701.9836172373 0.9929349422454834 0.0042102239094674
2451702.019033486 0.9748851954936981 0.0041982096154242
2451702.054449735 1.007188081741333 0.0042128255590796
2451702.089171548 1.0232583284378052 0.0042252712883055
2451702.1252822326 1.0073719024658203 0.0042166677303612
2451702.1600040453 0.9739050269126892 0.0042093070223927
2451702.1947258576 0.98947411775589 0.0042088185437023
2451702.2301421054 1.0156297087669373 0.00422001723200075
2451702.265558354 1.016910433769226 0.0042157643474638
2451702.300974602 0.9883690178394315 0.0041992319747805006
2451702.335696414 0.9741371273994446 0.004192840307950901
2451702.3718070984 1.009218454360962 0.0042041910346597
2451702.405834473 1.023784041404724 0.0042115082032978
2451702.441250721 1.0037277340888977 0.0042084164451807494
2451702.476666969 0.9755405187606812 0.0042031020857393
2451702.5113887796 0.9866644740104676 0.0042124148458242
2451702.546805027 1.0182100534439087 0.0042333593592047
2451702.5822212743 1.015637993812561 0.0042357579804956
2451702.616943085 0.9828177094459531 0.0042253118008375
2451702.652359332 0.9739791750907898 0.00422722287476055
2451702.687775579 1.0086028575897217 0.0042378040961921
2451702.722497389 1.019960045814514 0.0042441962286829
2451702.757913636 1.0031798481941223 0.00423469603992995
2451702.7933298824 0.972942054271698 0.0042247581295669
2451702.828051693 0.9891037344932556 0.0042350725270807
2451702.863467939 1.0161986351013181 0.00424574175849555
2451702.898884185 1.014516830444336 0.0042449408210814
2451702.931522686 0.9872143566608429 0.0042299719061702
2451702.9690222405 0.9756205976009368 0.00422722683288155
2451703.0044384864 1.0112881660461424 0.0042355502955615
2451703.0391602963 1.0213849544525146 0.0042400462552905
2451703.074576542 1.0008407235145569 0.0042310573626309
2451703.1099927872 0.9745842814445496 0.0042215315625071
2451703.144714596 0.9931409358978271 0.0042329477146267
2451703.180130842 1.0198291540145874 0.00424730940721925
2451703.2155470867 1.0137935876846311 0.0042434041388332
2451703.2502688956 0.9824527502059937 0.0042291511781513
2451703.2856851406 0.979679524898529 0.0042274226434527995
2451703.3211013856 1.011635422706604 0.0042297742329537
2451703.355823194 1.0223355293273924 0.0042321155779063
2451703.391239439 1.0006229877471924 0.004222896881401501
2451703.426655683 0.9731104373931884 0.0042135622352361
2451703.4613774917 0.9937624931335448 0.0042280554771423
2451703.496793736 1.018681228160858 0.0042481748387217
2451703.5322099803 1.0116920471191406 0.0042529003694653
2451703.5669317883 0.9799361228942872 0.0042463494464755
2451703.6023480324 0.9784370958805083 0.0042528945486992
2451703.638458712 1.01272714138031 0.0042668289970606
2451703.672486084 1.0221654176712036 0.0042722998186945
2451703.7079023276 0.9970560371875762 0.00426211324520405
2451703.7433185712 0.973079979419708 0.0042491420172154
2451703.778040379 0.9949538707733152 0.0042618005536496
2451703.8134566224 1.0191996097564697 0.0042745810933411
2451703.8488728656 1.009987235069275 0.0042747007682919
2451703.883594673 0.977696657180786 0.0042605088092386
2451703.9190109163 0.9798649251461028 0.00426639011129735
2451703.9544271594 1.0133570432662964 0.0042734378948807
2451703.9891489665 1.0206692218780515 0.004271647427231
2451704.024565209 0.9974804222583772 0.0042617612052708
2451704.0599814523 0.97350937128067 0.004244698677212
2451704.094703259 0.996090531349182 0.0042610373347997
2451704.1294250656 1.02113938331604 0.0042708106338977
2451704.1648413083 1.0097371339797971 0.00427087047137315
2451704.200257551 0.980277180671692 0.0042587774805724
2451704.234979357 0.9792768359184264 0.0042550410144031
2451704.2703955993 1.0139310956001282 0.0042664050124585
2451704.305811842 1.0213767290115356 0.0042621414177119
2451704.340533648 0.997913658618927 0.0042453440837562
2451704.3759498904 0.9751028418540955 0.004235327476635501
2451704.4113661326 0.9983013868331908 0.0042476467788219
2451704.4460879383 1.0204776525497437 0.004262569360435
2451704.4815041805 1.0104294419288635 0.004267781274393151
2451704.5169204227 0.9779294729232788 0.0042594983242452
2451704.5516422284 0.9848426580429076 0.0042783562093973
2451704.5870584706 1.0173835158348083 0.004296129802241901
2451704.6231691483 1.0226153135299683 0.004301305161789001
2451704.6571965176 0.998902142047882 0.0042904424481093
2451704.69261276 0.9747887551784515 0.0042803362011909
2451704.728029001 1.000662326812744 0.0042923814617097
2451704.7627508068 1.0203704833984375 0.0043052663095295
2451704.7981670485 1.0088502764701843 0.00430158805102105
2451704.8335832898 0.9771686792373656 0.0042934194207191
2451704.8683050955 0.9863678812980652 0.0042993729002773
2451704.903721337 1.0178844332695007 0.00430952874012285
2451704.9391375785 1.020512938499451 0.0043091904371976
2451704.9738593837 0.9945737719535828 0.0042931707575917
2451705.009275625 0.9740101993083954 0.004278295207768601
2451705.0446918663 1.0003952980041504 0.0042872866615653
2451705.079413672 1.0213353633880615 0.0042983610183
2451705.114829913 1.0090470910072327 0.004296158440411
2451705.1502461545 0.9735693335533142 0.0042836656793951
2451705.1849679598 0.986499607563019 0.0042903237044811
2451705.219689765 1.016247272491455 0.004301976878196
2451705.2558004423 1.0209698677062988 0.0042959637939929
2451705.2905222476 0.9948540925979614 0.0042799925431609
2451705.3259384884 0.9734611511230469 0.00426188088022165
2451705.36135473 1.0062681436538696 0.0042740637436509
2451705.396076535 1.0233373641967771 0.0042837103828787
2451705.4314927766 1.0088524222373962 0.0042826563585549
2451705.4669090174 0.97515469789505 0.0042762709781527
2451705.5016308227 0.99086195230484 0.004293099977076
2451705.536352628 1.0188198089599607 0.0043159234337508
2451705.5724633057 1.019928812980652 0.0043256231583654
2451705.607185111 0.990916907787323 0.0043235011398792
2451705.642601352 0.9741640090942382 0.00432109786197535
2451705.6780175935 1.0034173727035522 0.0043388321064412
2451705.712739399 1.0214297771453855 0.0043418919667601
2451705.7481556404 1.0045231580734253 0.0043385731987655
2451705.783571882 0.9744524359703064 0.0043287789449095
2451705.8182936874 0.9911658763885498 0.0043465853668749
2451705.853709929 1.0186221599578857 0.0043579982593655
2451705.8939872235 1.0170156359672546 0.00436086324043565
2451705.92315354 0.9934681951999664 0.0043407739140093
2451705.9599586544 0.976080358028412 0.0043291985057294
2451705.993986024 1.0091599225997925 0.0043359717819839005
2451706.0300967023 1.0238898992538452 0.00433823140338055
2451706.064818508 1.0074004530906677 0.0043300343677401005
2451706.098845878 0.97831791639328 0.0043298569507896
2451706.1349565564 0.9926641583442688 0.0043277069926261
2451706.1696783626 1.022661566734314 0.0043402803130447
2451706.206483477 1.017252504825592 0.00433869683183725
2451706.2405108474 0.9900662302970886 0.0043277475051581
2451706.277315962 0.981385499238968 0.004317772341892101
2451706.3113433323 1.0118615627288818 0.0043229395523667
2451706.346065139 1.0240143537521362 0.0043259058147668
2451706.381481382 1.005262315273285 0.0043144144583493
2451706.416897625 0.9760748744010924 0.0043057794682681
2451706.451619432 0.9984207153320312 0.0043213926255702
2451706.486341239 1.0234220027923584 0.0043452614918351
2451706.5224519186 1.0167635679244995 0.0043524079956114
2451706.557173726 0.9868723750114442 0.0043517276644706
2451706.5925899697 0.978423684835434 0.00436144182458515
2451706.6273117773 1.011172890663147 0.0043883218895642995
2451706.662728022 1.023725152015686 0.0043943542987108
2451706.6974498294 1.0030442476272583 0.0043898494914174
2451706.732866074 0.9768097698688507 0.004379324382171
2451706.7682823185 1.0013121366500854 0.0043937354348599
2451706.8030041275 1.02351975440979 0.0044123935513198
2451706.8384203725 1.0166894793510437 0.0044201458804309
2451706.8738366175 0.9860737323760984 0.0044103758409619
2451706.9085584264 0.9769025444984436 0.0044061741791665
2451706.943974672 1.0126400589942932 0.004414744675159401
2451706.979390918 1.024083971977234 0.0044134082272648
2451707.0141127277 1.00147545337677 0.0043992972932755
2451707.049528974 0.9759437143802643 0.00438092811964445
2451707.0849452205 1.0008010864257812 0.0043866261839866
2451707.119667031 1.0238256454467771 0.0043965131044387
2451707.155083278 1.0159112215042114 0.004401122685521799
2451707.1904995255 0.983660578727722 0.0043925433419644
2451707.225221337 0.981753170490265 0.0043901945464313
2451707.260637584 1.0135985016822815 0.00440476089715955
2451707.296053833 1.0217766761779783 0.0044086799025535
2451707.330775645 0.9996119141578672 0.0043929922394454
2451707.366191894 0.974964678287506 0.00437955418601625
2451707.401608143 1.0037835836410522 0.0043924143537878
2451707.4363299557 1.024842619895935 0.0044041550718247
2451707.4717462054 1.0160521268844604 0.0044069443829357
2451707.507162456 0.981788694858551 0.0044031962752342
2451707.54188427 0.980461359024048 0.004412842914462
2451707.5773005206 1.0142574906349182 0.0044418131001293
2451707.612716772 1.0199346542358398 0.0044597787782549
2451707.647438587 0.9982001185417176 0.004457221366465
2451707.6828548396 0.9714676141738892 0.0044574625790118495
2451707.7182710916 1.002408742904663 0.004471874795854
2451707.7529929085 1.0226049423217771 0.0044856164604425
2451707.7884091614 1.010142207145691 0.0044881920330226005
2451707.823130979 0.9780802428722379 0.00448520970530805
2451707.8592416695 0.9786840677261353 0.0044957571662962
2451707.893963488 1.0100080966949463 0.004517348716035451
2451707.929379743 1.0160119533538818 0.0045135039836168
2451707.9641015623 0.9942669868469238 0.0045018978416919
2451707.999517819 0.9714654982089996 0.0044811086263507
2451708.034934075 1.0006601810455322 0.0044822669588029
2451708.069655896 1.0219262838363647 0.0044849109835922
2451708.1050721537 1.0096325874328613 0.00447566434741015
2451708.140488412 0.9765982627868652 0.004469808191061
2451708.1752102347 0.9822880625724792 0.0044747926294803
2451708.210626494 1.0140211582183838 0.00449138553813095
2451708.2460427545 1.0190263986587524 0.0044957515783607
2451708.280764579 0.9946162104606628 0.0044897957704961
2451708.31618084 0.9741820096969604 0.0044732138048857
2451708.3515971024 1.003171682357788 0.0044806692749261
2451708.386318929 1.024744153022766 0.0044809961691498
2451708.421735192 1.0100603103637695 0.0044755553826689495
2451708.4571514567 0.9797475337982176 0.0044627021998167
2451708.491873285 0.9877024888992308 0.0044718557037413
2451708.5272895508 1.0161283016204834 0.0044876639731228005
2451708.562705817 1.0180484056472778 0.0045002442784607
2451708.597427648 0.9929439425468444 0.0045004305429756
2451708.6328439163 0.9698171615600584 0.0045076862443238
2451708.668260185 0.9998888969421386 0.0045420015230774
2451708.7029820182 1.0181367397308347 0.0045517026446759
2451708.738398289 1.003714382648468 0.0045479978434741
2451708.7738145604 0.969120979309082 0.0045346706174314
2451708.8085363964 0.9812578558921812 0.0045467126183211
2451708.8300639354 0.9999659061431885 0.0045573490206152
2451709.0238117995 1.0198349952697752 0.0045610996894538
2451709.054367021 1.0056296586990356 0.0045461705885827
2451709.089783302 0.9723395109176637 0.00452302326448255
2451709.125199584 0.9869102835655212 0.0045205256901681
2451709.15992143 1.0127153396606443 0.0045357863418757
2451709.195337714 1.0127499103546143 0.00453823059797285
2451709.2307539997 0.9883689880371092 0.0045291306450963
2451709.265475849 0.969551146030426 0.004524836782366
2451709.300892137 1.0054030418395996 0.0045377735514193
2451709.336308426 1.019282579421997 0.00453782081604
2451709.37103028 1.0048688650131223 0.0045172814279794
2451709.4064465715 0.9741877615451812 0.00448488118126985
2451709.441862865 0.9917452931404112 0.0044712955132126
2451709.4765847223 1.0191594362258911 0.0044709057547152
2451709.512001018 1.0193777680397034 0.0044604169670492
2451709.547417315 0.9873178005218506 0.0044463938102126
2451709.582139177 0.9766902327537536 0.0044437739998102
2451709.6175554767 1.0087804794311523 0.004466454032808501
2451709.652971778 1.0260654687881468 0.0044848057441413
2451709.6876936434 1.0061092376708984 0.0044865566305816
2451709.7231099475 0.9761514663696289 0.004481688141822799
2451709.758526253 0.9903957247734068 0.0044861217029392
2451709.7932481226 1.0220494270324707 0.0044866502285003
2451709.8286644304 1.0201858878135681 0.0044694771058857
2451709.8640807397 0.992730677127838 0.0044358116574585
2451709.898802612 0.9808610081672668 0.0044122533872723
2451709.934218923 1.0137768387794495 0.00440514087676995
2451709.969635235 1.026995062828064 0.0043855323456227
2451710.0043571102 1.0121887922286987 0.0043508391827344
2451710.039773423 0.9819094240665436 0.00429053278639905
2451710.075189736 1.0014606714248655 0.0042576128616929
2451710.109911612 1.0283217430114746 0.0042223292402923
2451710.145327924 1.0263010263442993 0.0041839757468551
2451710.1807442354 0.9960525035858152 0.004137803800404
2451710.2022717968 0.9842054247856138 0.00412072264589365
2452010.918581431 0.9853955805301665 0.004145474871620499
2452010.951220878 1.0137246847152708 0.0041394028812646
2452010.98663815 1.025317132472992 0.004122240701690301
2452011.0220554234 0.9998242259025572 0.004095931071788
2452011.05677824 0.9719896912574768 0.004065350163728
2452011.0921955146 0.9988126754760742 0.0040668165311217
2452011.1276127887 1.029537558555603 0.0040703020058572
2452011.162335607 1.021967887878418 0.0040596276521682
2452011.1977528827 0.9844037890434265 0.004040294094011149
2452011.233170158 0.9814958572387696 0.004024229478091
2452011.267892978 1.0152770280838013 0.0040241815149784
2452011.3033102546 1.0206748247146606 0.00401160260662435
2452011.338727532 0.9978993535041808 0.0039774291217327
2452011.3734503533 0.9683589339256288 0.0039531900547444
2452011.408867631 1.0045390129089353 0.0039649498648941
2452011.4442849094 1.0279992818832395 0.0039767888374626
2452011.479007732 1.0203241109848022 0.0039814296178519
2452011.514425011 0.9813681840896606 0.0039840689860284
2452011.5498422906 0.9847484230995176 0.0040066773071885
2452011.584565114 1.0162367820739746 0.0040430165827274
2452011.6199823944 1.0202454924583435 0.0040593035519122505
2452011.655399675 0.9951541423797609 0.0040586204268038
2452011.6901224996 0.968822419643402 0.0040472289547324
2452011.725539781 1.0047610402107239 0.0040591547731309505
2452011.761651519 1.0294526815414429 0.00406926171854135
2452011.795679888 1.0224837064743042 0.0040681692771613
2452011.8310971707 0.9814275801181793 0.00405213469639415
2452011.866514453 0.9847301840782164 0.0040487945079803
2452011.9012372796 1.01542329788208 0.0040573815349489
2452011.935960106 1.0224336385726929 0.0040502282790839
2452011.9720718465 0.996378183364868 0.0040225125849246
2452012.006794674 0.9706206321716307 0.0039952653460204
2452012.0422119577 1.0054386258125305 0.003993737278506149
2452012.077629242 1.0297625064849851 0.0039917491376399
2452012.1123520704 1.016889572143555 0.0039773182943463
2452012.1470748987 0.9754252433776855 0.0039468207396566
2452012.1824921835 0.9802667200565336 0.00394041091203685
2452012.2179094693 1.0132484436035156 0.003947707824409
2452012.2519378415 1.0178110003471375 0.003940412774682
2452012.2880495843 0.988538920879364 0.00391388591378925
2452012.32346687 0.9683059453964232 0.003891558619216
2452012.3581896997 1.0081764459609983 0.0038924410473555
2452012.3936069864 1.0292727947235107 0.0038959826342761
2452012.429024273 1.0124015808105469 0.0038844768423587
2452012.4630526467 0.9776830673217772 0.00387402868364
2452012.498469934 0.981779396533966 0.0038885120302438
2452012.5345816775 1.0182482004165647 0.0039175539277493
2452012.5693045086 1.0169312953948977 0.0039351019077003
2452012.6047217962 0.9889297187328339 0.00393750728107985
2452012.6401390843 0.96821653842926 0.0039436272345483
2452012.6748619154 1.005831956863403 0.0039702928625047
2452012.710279204 1.0282098650932312 0.0039883304852992
2452012.744307579 1.0133658647537231 0.0039798901416361
2452012.7811137806 0.9773640334606168 0.0039656362496316
2452012.815836613 0.9889477491378784 0.0039715620223432
2452012.8512539016 1.015620708465576 0.003983334172517
2452012.8859767336 1.0176984071731567 0.0039773271419107
2452012.921394023 0.9845686554908752 0.0039560401346534005
2452012.956811312 0.96919584274292 0.0039352397434413
2452012.991534145 1.0096352100372314 0.0039372122846543
2452013.026951434 1.0279717445373535 0.003934203647077051
2452013.062368724 1.008257269859314 0.0039195385761559
2452013.097091557 0.9742934107780457 0.0038886738475412
2452013.1318143904 0.989567756652832 0.0038857902400195
2452013.16723168 1.01628577709198 0.0038931871531531
2452013.2026489703 1.015675663948059 0.0038873597513884
2452013.238760717 0.9824718236923216 0.0038624522276222
2452013.273483551 0.9701610207557678 0.0038483201060444
2452013.3082063845 1.012190580368042 0.0038576649967581
2452013.343623675 1.0280299186706543 0.0038531169993802497
2452013.3790409653 1.0070409774780271 0.0038348257075995
2452013.4137637997 0.9736692309379577 0.0038090094458311
2452013.44918109 0.9884325861930847 0.0038170529296621
2452013.485292838 1.0179131031036377 0.00383459136355665
2452013.520015672 1.0143548250198364 0.0038409610278904
2452013.5547385067 0.9783633649349213 0.00383711885660885
2452013.5894613406 0.9710075557231902 0.00385299033951005
2452013.6241841754 1.009676218032837 0.00388002605177455
2452013.6602959232 1.027555525302887 0.0038960902020335
2452013.695018757 1.006102740764618 0.00389314198400825
2452013.729741592 0.9732452630996704 0.0038774891290813
2452013.7658533403 0.991571694612503 0.00388627813663325
2452013.8012706316 1.0179290771484375 0.003901872318238
2452013.8366879234 1.0117806196212769 0.00389915052801365
2452013.8727996713 0.9781632721424103 0.00388310675043605
2452013.9068280496 0.9738869071006776 0.0038751056417822
2452013.940856428 1.012721836566925 0.0038852383149787497
2452013.9769681767 1.0275834202766418 0.0038791770348325
2452014.012385468 1.00619900226593 0.0038558088708668
2452014.0464138463 0.9721236526966094 0.00382954708766185
2452014.081831138 0.9925476908683776 0.0038314976263791
2452014.117942887 1.019952416419983 0.0038380965124815
2452014.151971265 1.0121043920516968 0.0038299392908811
2452014.187388557 0.9804662466049192 0.0038132262416183
2452014.2228058493 0.9732076227664946 0.00380527926608915
2452014.257528684 1.0126755237579346 0.0038169861072674
2452014.2929459764 1.0267716646194458 0.0038172111380845
2452014.329057725 1.0034596920013428 0.0037992927245795
2452014.3644750174 0.971652626991272 0.0037707455921917503
2452014.3991978527 0.9930176436901093 0.0037727832095697
2452014.435309602 1.0208074450492859 0.00378098210785535
2452014.4693379803 1.0088361501693723 0.0037763800937682
2452014.5047552725 0.9776131212711332 0.00376547744963315
2452014.5401725643 0.9797704219818116 0.0037719490937888
2452014.5748954 1.0148413181304932 0.0037950230762362
2452014.610312692 1.0267623662948608 0.0038114477647468
2452014.644341071 1.0045522451400757 0.0038090283051133
2452014.68045282 0.971695840358734 0.003797335550189
2452014.714481199 0.9906821846961974 0.00381232134532175
2452014.749898491 1.020026683807373 0.0038256086409091
2452014.7860102397 1.009374499320984 0.0038219685666263
2452014.8200386185 0.9763220548629761 0.0038039537612348
2452014.8554559113 0.9764264225959776 0.003807608038187
2452014.89156766 1.0167763233184814 0.0038202775176614
2452014.925596039 1.02864670753479 0.00382141850423065
2452014.9624022446 1.00181245803833 0.0038001770153641
2452014.9971250803 0.9721267819404602 0.0037807601038366
2452015.0318479156 0.9956055283546448 0.003783994121477
2452015.067959665 1.018768072128296 0.0037853885442018
2452015.1026825 1.00680673122406 0.0037771933712065
2452015.1367108794 0.9732020795345306 0.00375233369413755
2452015.1721281717 0.9816823005676268 0.0037538551259785
2452015.2082399204 1.0196037292480469 0.0037698952946811
2452015.2422682997 1.0270184874534607 0.0037697602529078
2452015.2783800485 0.9979453086853027 0.0037564022932201
2452015.3137973407 0.9710103869438172 0.0037376517429947
2452015.348520176 0.9992321729660032 0.00374533305875955
2452015.3839374688 1.0196292996406555 0.00374898151494555
2452015.4193547606 1.0053226947784424 0.0037349481135606
2452015.454772053 0.9715031087398529 0.0037170358700677
2452015.489494888 0.9814119040966035 0.00372145476285365
2452015.524912181 1.019099235534668 0.0037417134735733
2452015.5603294726 1.0260544419288635 0.00374830525834105
2452015.5950523084 0.999199390411377 0.0037438267609104002
2452015.6304696007 0.9726141095161438 0.0037422885652631
2452015.665886893 0.9994783401489258 0.0037624778924509
2452015.7013041847 1.0197885036468504 0.0037786331959068
2452015.7360270205 1.0043214559555051 0.0037754236254841
2452015.7714443123 0.9702167212963104 0.00376402947586025
2452015.8068616046 0.98704993724823 0.0037688284646719
2452015.8415844403 1.02021324634552 0.003784260014072
2452015.8763072756 1.025784611701965 0.0037855599075555
2452015.9110301114 0.993979215621948 0.0037729188334196
2452015.946447403 0.9717758893966675 0.00375361775513735
2452015.9818646954 1.0006487369537351 0.0037592349108308
2452016.0172819877 1.0201414227485657 0.0037615469191223
2452016.0520048235 1.001783013343811 0.0037478556623681504
2452016.0874221153 0.9703291654586792 0.0037266332656145
2452016.122839407 0.9863941371440887 0.00373076891992235
2452016.157562243 1.0211319327354431 0.0037447570357471
2452016.194368448 1.0244317054748535 0.0037466508802026
2452016.228396827 0.9955626726150513 0.0037329570623114003
2452016.263119662 0.9722167253494263 0.00372116698417805
2452016.294370214 1.000343918800354 0.0037369912024587
2452016.3332597897 1.0204397439956665 0.0037381916772574
2452016.3686770815 1.004716694355011 0.00372333370614795
2452016.404094374 0.968178391456604 0.0037045723292976
2452016.438817209 0.9887015223503112 0.0037103211507201
2452016.4742345014 1.0221044421195984 0.00372373976279045
2452016.5096517936 1.0253520011901855 0.0037277739029377
2452016.544374629 0.9937060475349424 0.0037131232675164
2452016.579791921 0.9724604785442352 0.0037109409458935
2452016.615209213 1.004338264465332 0.0037334121298044
2452016.6499320483 1.0201114416122437 0.0037519852630794
2452016.6853493406 1.0021318793296814 0.0037491071270778498
2452016.7207666324 0.9687997102737426 0.0037400044966489
2452016.755489468 0.9887040853500366 0.0037553526926785
2452016.79090676 1.0246543288230896 0.0037756664678453497
2452016.826324052 1.0246587991714475 0.0037732161581516
2452016.8610468875 0.9939420819282532 0.0037590870633721
2452016.89646418 0.9734091162681577 0.0037503546336665004
2452016.931881472 1.0080193281173706 0.0037637250497937
2452016.9666043078 1.0202844142913818 0.0037640761584043
2452017.0020215996 1.0018645524978635 0.0037526654778047997
2452017.037438892 0.9681521654129028 0.0037264917045831
2452017.0721617276 0.990678131580353 0.0037347970064729
2452017.10757902 1.024406909942627 0.00374311348423355
2452017.142996312 1.0232692956924438 0.0037407563067972
2452017.1777191474 0.9917696118354796 0.0037254143971949
2452017.21313644 0.9757189154624938 0.0037188481073826
2452017.2485537324 1.0103870630264282 0.0037379225250333
2452017.283276568 1.0208674669265747 0.0037428080104291
2452017.3186938604 0.9994783401489258 0.0037289664614945503
2452017.3541111527 0.9685446619987488 0.0037125933449715
2452017.3888339885 0.992785096168518 0.0037161379586905
2452017.4242512807 1.0234155058860779 0.00372202135622495
2452017.4596685735 1.0211360454559326 0.0037166711408644
2452017.4943914097 0.9852961301803588 0.0036964558530598
2452017.529808702 0.9740280508995056 0.0036920784041285003
2452017.565225995 1.0081434249877927 0.0037090922705829
2452017.599948831 1.0183191299438477 0.0037228025030344
2452017.635366124 0.9973083734512328 0.0037224013358354
2452017.6707834164 0.9687855839729308 0.0037199456710368
2452017.7055062526 0.9947797060012816 0.0037435740232467
2452017.7409235453 1.0257214307785034 0.0037633896572515
2452017.7763408385 1.019914627075195 0.0037658382207155
2452017.811063675 0.98218297958374 0.0037464417982846
2452017.8464809684 0.9778819978237151 0.00374491652473805
2452017.8818982616 1.0113775730133057 0.0037590332794934
2452017.916621098 1.020243763923645 0.0037630416918545
2452017.9520383915 0.995665043592453 0.0037473952397704003
2452017.9874556847 0.966931402683258 0.0037268295418471
2452018.0221785214 0.9988484382629392 0.0037335308734327
2452018.0575958155 1.0263684391975403 0.0037405197508633
2452018.0930131087 1.0199122428894043 0.003733639139682
2452018.127735946 0.9837452173233032 0.0037147973198443
2452018.1631532395 0.9786083698272705 0.0037129016127437
2452018.1985705337 1.012355089187622 0.0037312381900846
2452018.2332933713 1.0189675092697144 0.0037359476555138
2452018.2687106654 0.9960812330245972 0.0037271828623488
2452018.3041279595 0.968679904937744 0.0037121686618775
2452018.338850797 0.9981806874275208 0.003723410423845
2452018.3735736352 1.0271323919296265 0.003729420248419
2452018.40899093 1.0198982954025269 0.00372213043738155
2452018.4444082244 0.9819031357765196 0.0036996623966842
2452018.4791310625 0.979194164276123 0.0036972856614738
2452018.5145483576 1.0134702920913696 0.0037130820564925497
2452018.549965653 1.0188416242599487 0.0037224371917545
2452018.5846884917 0.9929398298263548 0.0037160906940698
2452018.620105787 0.9690203666687012 0.00371361605357375
2452018.6555230827 1.0002964735031128 0.0037375688552856
2452018.6902459217 1.0284771919250488 0.0037564693484455
2452018.7256632177 1.018038809299469 0.00375613954383875
2452018.7610805137 0.9814857244491576 0.0037405134644359
2452018.795803353 0.9803872108459472 0.0037435248959809
2452018.8312206496 1.0136276483535767 0.0037610973231494
2452018.866637946 1.0200743675231931 0.0037606803234666
2452018.9013607865 0.9930122494697572 0.0037498958408832
2452018.9367780834 0.9697521924972534 0.0037333527579903
2452018.972195381 1.0043067932128906 0.0037449731025844
2452019.0069182212 1.0273746252059937 0.0037497924640774
2452019.0423355186 1.0161638259887695 0.00373934255912895
2452019.077752817 0.9791271090507508 0.003716351930052
2452019.1124756583 0.9843977093696592 0.0037136019673198
2452019.1478929566 1.0148582458496094 0.0037266251165419
2452019.183310255 1.0192633867263792 0.003728806739673
2452019.218033097 0.9922605156898496 0.0037174504250288
2452019.2527559395 0.9705533385276792 0.003704470116645
2452019.2888676957 1.003549575805664 0.0037215703632682
2452019.3235905385 1.0285464525222778 0.0037304325960576
2452019.359007838 1.0128060579299927 0.00371784984599795
2452019.3951195953 0.9759541153907776 0.0036945106694474504
2452019.429842439 0.9825361669063568 0.0036916154203936
2452019.4652597397 1.013174057006836 0.0037056209985166
2452019.499288127 1.017933428287506 0.0037075671134516
2452019.5347054284 0.9886802434921264 0.0036982872989028
2452019.5701227305 0.9692509770393372 0.00369231868535275
2452019.6062344895 1.008899450302124 0.0037171936128288
2452019.640957335 1.0272547006607056 0.0037332130596041
2452019.674985724 1.0126867294311523 0.0037312232889235
2452019.711097484 0.974511921405792 0.003720020642504
2452019.7465147874 0.987633466720581 0.0037314812652766
2452019.7819320913 1.0176945924758911 0.0037457339931279
2452019.8159604818 1.0174575448036194 0.00374790083151305
2452019.8506833296 0.9930178821086884 0.0037423305911943
2452019.886795092 0.9694162309169768 0.0037344192387536003
2452019.9229068547 1.0089487433433533 0.00375288771465415
2452019.957629704 1.0281986594200134 0.00375885574612765
2452019.991658096 1.0133397579193115 0.0037476154975593
2452020.0263809464 0.976617157459259 0.0037253568880259
2452020.0624927105 0.9886048436164856 0.0037214625626802
2452020.0986044756 1.0183297395706177 0.0037249601446092
2452020.134021784 1.0161707997322083 0.00371803971938785
2452020.1673557223 0.9844554364681244 0.0037031645188108
2452020.202773032 0.9702530503273008 0.0036959666758775
2452020.238884799 1.011715054512024 0.0037185219116508
2452020.2743021096 1.0266504287719727 0.0037273983471095
2452020.309719421 1.0113698244094849 0.0037228551227599
2452020.343747819 0.9730703830718994 0.00370365614071485
2452020.378470674 0.9890586733818053 0.00370420713443305
2452020.4138879874 1.0151609182357788 0.0037095486186444
2452020.4499997585 1.012747883796692 0.0037087893579155
2452020.4854170727 0.9836492836475372 0.0036919030826538003
2452020.519445474 0.9727713465690612 0.0036848168820142
2452020.555557247 1.009233474731445 0.0037064130883663
2452020.5902801063 1.0285779237747192 0.0037161281798034
2452020.6236140523 1.0102062225341797 0.0037122590001672
2452020.6604202846 0.9748842418193818 0.0037018936127423997
2452020.6951431464 0.992654025554657 0.0037176068872213
2452020.731254924 1.018984615802765 0.0037392068188637
2452020.7666722443 1.0153679847717283 0.0037413549143821
2452020.8007006515 0.9847185313701627 0.00373726198449725
2452020.835423516 0.9720107316970825 0.0037367785116657
2452020.871535297 1.012025773525238 0.0037599448114632996
2452020.907647079 1.0300322771072388 0.00377036060672245
2452020.9423699467 1.0065272450447083 0.0037593317683785998
2452020.976398358 0.9739473462104796 0.003739824751392
2452021.0132046 0.9949260354042053 0.0037434656405821
2452021.045844099 1.0199350118637085 0.0037437935825437
2452021.082650343 1.0149653553962708 0.00373278011102225
2452021.1180676734 0.9815057516098022 0.0037055732682347
2452021.1534850053 0.9732670783996582 0.0036969671491532997
2452021.188902338 1.0148072242736816 0.0037087814416736
2452021.2229307573 1.0284776091575623 0.0037117843749000998
2452021.256959177 1.0085474252700803 0.003705822629854
2452021.2937654285 0.9753063023090363 0.0036904248408973
2452021.329877224 0.9952433705329895 0.0037071193801239003
2452021.363905648 1.020938754081726 0.0037164471577852
2452021.4000174454 1.0122742652893066 0.0037062654737383
2452021.4347403296 0.9782652854919432 0.0036861975677311
2452021.468768757 0.9753067791461945 0.0036747483536600503
2452021.5041861017 1.0128449201583862 0.0036859987303614
2452021.540297905 1.0259052515029907 0.0036825768183916
2452021.575715252 1.0021678805351257 0.00366003578528755
2452021.611132601 0.9731509089469907 0.0036338728386908
2452021.645161035 0.995075911283493 0.0036321339430287003
2452021.679883928 1.0192476511001587 0.0036277548642828497
2452021.7153012804 1.0085278749465942 0.003603376680985
2452021.751413092 0.9755669236183168 0.0035665272735059
2452021.786135989 0.9768884778022766 0.0035461110528558
2452021.8222478027 1.014699935913086 0.003549865912646
2452021.8576651593 1.0266374945640564 0.0035486578708514
2452021.8916936005 1.0009820461273191 0.003538703545928
2452021.927805416 0.9715541005134584 0.0035212719812989
2452021.9625283154 0.9957285523414612 0.0035350539255887
2452021.9972512145 1.0194498300552368 0.0035441634245216
2452022.03266857 1.0107865929603577 0.0035405685193836004
2452022.0680859243 0.9735856652259826 0.0035206107422709
2452022.1028088178 0.980008065700531 0.0035245537292212
2452022.1396150813 1.0146621465682983 0.0035435532918199498
2452022.173643508 1.0226713418960571 0.0035480010556056497
2452022.1916994057 1.008755087852478 0.0035401356872171
2452023.128517728 1.0146830677986145 0.00377057341393075
2452023.158379152 0.990234375 0.0038204551674425
2452023.1917128344 0.9700637459754944 0.0038743782788515
2452023.2285187747 1.0022678971290588 0.0039292096626013
2452023.263935812 1.0215626955032349 0.0039585689082741
2452023.2986583966 1.0045597553253172 0.0039551490917801
2452023.334075433 0.9710950553417204 0.003941976698115451
2452023.3694924703 0.9873051047325134 0.0039510978385806
2452023.4035206037 1.01851087808609 0.00397620350122445
2452023.4396320926 1.0233598947525024 0.0039980884175747
2452023.4743546783 0.994538903236389 0.00400660210289055
2452023.5097717163 0.9744523763656616 0.0040343129076063
2452023.5465776576 1.005565345287323 0.00408775708638125
2452023.579911341 1.025544285774231 0.0041204572189599
2452023.61532838 1.0051804780960083 0.0041258172132074
2452023.6507454193 0.9714370965957642 0.0041104527190327
2452023.686162459 0.992544651031494 0.0041077807545661
2452023.7208850477 1.0237239599227903 0.0041084443219006
2452023.7563020885 1.025494933128357 0.0041033478919416
2452023.79171913 0.9888305068016052 0.0040784492157399
2452023.8264417197 0.9758004546165464 0.0040666284039616
2452023.8618587614 1.0050868391990662 0.00407296000048515
2452023.897275804 1.0230656862258911 0.0040692170150578
2452023.9319983954 1.0013269186019895 0.0040386267937719
2452023.967415439 0.9673186540603638 0.00400053570047015
2452024.002832483 0.9928758740425108 0.0039898683317005
2452024.0375550753 1.0229820013046265 0.0039980160072445
2452024.074361024 1.0217006206512451 0.0039991450030356
2452024.1083891653 0.9879336953163148 0.0039973272942006
2452024.1431117593 0.9711501002311704 0.0040084803476929
2452024.1785288053 1.0098265409469604 0.00402925303205845
2452024.2139458517 1.020624041557312 0.004034420941025
2452024.248668447 1.0003048181533811 0.0040088384412229
2452024.284085494 0.9697196781635284 0.00397690804675215
2452024.319502542 0.990358591079712 0.0039630942046642
2452024.3535306863 1.0227693915367126 0.00395632069557905
2452024.3889477346 1.022106111049652 0.00394093361683185
2452024.425059235 0.9843658208847044 0.0039147515781223
2452024.4597818325 0.9722974896430968 0.0039166058413684
2452024.495198882 1.0065613985061646 0.0039411226753145005
2452024.530615932 1.019050121307373 0.0039670034311711
2452024.56533853 0.9980798959732056 0.0039767976850271
2452024.6000611284 0.9684987664222716 0.0039802868850529
2452024.635478179 0.9973493218421936 0.00400987104512745
2452024.67089523 1.0236791372299194 0.0040244930423796
2452024.7056178297 1.0193060636520384 0.0040265093557536
2452024.741034881 0.9838893711566926 0.004007366951555
2452024.7764519327 0.9758610129356384 0.0039980947040021
2452024.8111745333 1.006471276283264 0.0040099872276186
2452024.8465915853 1.0196874737739563 0.00401628995314235
2452024.8820086382 1.0000537633895874 0.0039980616420507
2452024.916731239 0.9687070846557616 0.0039719576016068
2452024.952148292 0.9962338507175443 0.00396495801396665
2452024.9868708933 1.0241904258728027 0.003962235059589101
2452025.020899043 1.019981861114502 0.0039490815252065
2452025.057705001 0.9815894663333893 0.003924758406355901
2452025.092427603 0.9724040627479552 0.00392263312824065
2452025.127844657 1.008606195449829 0.0039454349316656
2452025.1632617116 1.0185987949371338 0.003956139553338249
2452025.198678766 0.9927083253860473 0.0039458349347114
2452025.2327069165 0.9692466557025907 0.003935127053409751
2452025.2695128755 0.9975763559341432 0.0039314650930464
2452025.3042354784 1.0248948335647583 0.0039299032650887
2452025.3389580813 1.0179728269577026 0.0039100553840398
2452025.3743751366 0.980820894241333 0.0038740210002288
2452025.4097921923 0.9794244766235352 0.0038620040286332
2452025.4445147957 1.0105901956558228 0.0038761000614613
2452025.479931852 1.0194562077522278 0.0038818165194243
2452025.5153489076 0.9932475686073304 0.0038801389746367
2452025.5500715114 0.9704778194427488 0.0038826614618301
2452025.585488568 0.9983903169631956 0.0039187730289995
2452025.620905624 1.0273765325546265 0.0039455499500036
2452025.6556282286 1.0163494348526 0.0039488333277404
2452025.6910452847 0.9787256419658661 0.00393946864642195
2452025.7264623414 0.9844467043876648 0.003940803464502
2452025.7611849457 1.0123935937881468 0.0039517730474472
2452025.7966020023 1.0183942914009094 0.00395220238715405
2452025.8320190595 0.9912242293357848 0.003941386938095
2452025.8667416642 0.9676052927970886 0.0039245602674782
2452025.9021587214 1.0004414319992063 0.00393231562338765
2452025.9375757785 1.025093674659729 0.0039329775609076
2452025.9722983837 1.0128475427627563 0.0039195190183818
2452026.0077154404 0.9800175726413727 0.0038904693210497
2452026.043132498 0.9803677201271056 0.0038863904774189
2452026.077855103 1.0158338546752927 0.0038954329211264
2452026.1132721603 1.0191776156425476 0.0038971484173088997
2452026.1493836697 0.9897317886352538 0.003888044739142
2452026.1841062754 0.9674358665943146 0.0038781637558713
2452026.218828881 1.000990331172943 0.00388857396319505
2452026.2542459383 1.027245044708252 0.0038923667743802
2452026.2882740917 1.0171945095062256 0.0038746371865272
2452026.3236911492 0.977090299129486 0.0038455023895949
2452026.3598026587 0.9843163490295408 0.003825488500297
2452026.3938308125 1.0147412419319153 0.00382737349718805
2452026.4313312266 1.0172151327133179 0.0038214249070732996
2452026.4646649277 0.9896715581417084 0.00380546168889845
2452026.500776437 0.9695452451705933 0.0038037435151636
2452026.534804591 1.004682183265686 0.0038305458147078
2452026.5702216486 1.0266042947769165 0.0038568788440897497
2452026.605638706 1.015876293182373 0.0038649744819849
2452026.6410557637 0.9759456813335418 0.00386243942193685
2452026.6757783694 0.9848415851593018 0.00387343997135755
2452026.7111954275 1.015303373336792 0.0038947134744375
2452026.7459180327 1.0173637866973877 0.0038934599142521
2452026.7813350903 0.9871184229850769 0.00388264399953185
2452026.8167521483 0.9688230156898496 0.003870531450957
2452026.8514747536 1.0061181783676147 0.003886982332915
2452026.8861973593 1.0295168161392212 0.0038912005256861
2452026.923003321 1.00956791639328 0.0038774405838921
2452026.9570314744 0.9772781133651732 0.0038562952540814
2452026.992448532 0.987312078475952 0.00384886225219815
2452027.0278655896 1.0165112018585205 0.0038532877806574
2452027.0618937425 1.0178418159484863 0.0038455177564173
2452027.098005252 0.98817577958107 0.00382811180315905
2452027.13342231 0.9708646535873412 0.0038187962491065
2452027.1681449153 1.0089386701583862 0.0038347865920513
2452027.203561973 1.0295116305351257 0.0038424290250986502
2452027.23897903 1.0102626085281372 0.0038320759776979
2452027.273701635 0.974270522594452 0.0038023509550839
2452027.30842424 0.9871847033500672 0.0037979541812092
2452027.3438412976 1.019913375377655 0.0037993859732522997
2452027.3785639023 1.0181487798690796 0.00378238863777365
2452027.4139809594 0.9878161549568176 0.0037592321168631
2452027.450092469 0.9723562598228456 0.0037488567177206
2452027.4848150737 1.0114141702651975 0.00376854755450035
2452027.518843226 1.0276458859443665 0.00378080189693715
2452027.5549547356 1.0108213424682617 0.0037828973727300503
2452027.591066244 0.9732257127761841 0.00377672759350385
2452027.625094397 0.9885218739509584 0.0037992147263139
2452027.6605114536 1.0198086500167847 0.0038155477959662
2452027.6959285103 1.0158636569976809 0.0038221401628106
2452027.731345567 0.9821090698242188 0.0038089705631136
2452027.7674570754 0.9731440246105194 0.00380552990827705
2452027.801485228 1.0108332633972168 0.003819957608357
2452027.836902284 1.0281569361686707 0.0038281560409813504
2452027.8723193407 1.0097018480300903 0.003814521478489
2452027.905653041 0.9723294377326964 0.0037947515957057
2452027.942459001 0.9905036091804504 0.0037967577809467504
2452027.977181605 1.020164966583252 0.00380316039081655
2452028.0132931136 1.0124371647834778 0.0037959245964884
2452028.0480157174 0.9773682057857513 0.00377515063155435
2452028.084127226 0.9747537076473234 0.00376601726748045
2452028.117460925 1.0133137106895447 0.0037841275334358
2452028.154266885 1.027267575263977 0.0037885587662458
2452028.188989489 1.006034016609192 0.0037777766119688
2452028.2230176404 0.9713997542858124 0.0037597933551296
2452028.259129148 0.995717316865921 0.00376658095046875
2452028.293851752 1.0191219449043274 0.0037716211518272497
2452028.329268807 1.0146957635879517 0.003759600338526
2452028.3646858623 0.9811836779117584 0.00373478885740035
2452028.3994084653 0.9773932993412018 0.00372424745000895
2452028.434825521 1.01425039768219 0.0037333811633288
2452028.470937028 1.0266201496124268 0.0037365863099694
2452028.5063540833 1.0011379718780518 0.00372700125444675
2452028.5410766862 0.9732484817504883 0.00372009421698745
2452028.576493741 0.9948779344558716 0.0037411272060126
2452028.610521892 1.0188609361648557 0.0037625092081725
2452028.645244495 1.0120115876197815 0.00376890809275205
2452028.6813560016 0.9752168953418732 0.00376104109454895
2452028.7174675083 0.9796226620674134 0.0037659484660252
2452028.7508012066 1.0133236646652222 0.0037873913533985
2452028.7855238086 1.0268333554267883 0.0037924812640994
2452028.821635315 1.0033119916915894 0.0037810165667906
2452028.8570523695 0.9730230569839476 0.0037630074657499
2452028.892469424 0.9964450597763059 0.00377154862508175
2452028.927886478 1.0212589502334597 0.0037762164138257
2452028.963303532 1.009567379951477 0.00376766966655845
2452028.997331682 0.9780787825584412 0.0037505980581045
2452029.0320542837 0.9775533080101012 0.0037445505149662
2452029.06816579 1.0142161846160889 0.0037558905314654
2452029.1028883914 1.0266960859298706 0.0037573904264718
2452029.134138733 1.0050493478775024 0.0037487072404474003
2452029.1751114028 0.9713168740272522 0.0037349523045122
2452029.2084451006 0.9977716207504272 0.0037522634956985
2452029.243862154 1.0219101309776306 0.00376334565225985
2452029.2792792073 1.0096997022628784 0.0037557813338935
2452029.3140018084 0.9733116626739502 0.0037314847577363
2452029.349418862 0.9777510464191437 0.0037263524718581997
2452029.384835915 1.0191216468811035 0.003735932521522
2452029.4195585162 1.0263019800186155 0.0037324808072298
2452029.454975569 0.9978295266628265 0.0037171884905546496
2452029.490392622 0.9734075665473938 0.0037040053866803
2452029.525115223 0.997653007507324 0.0037206793203949
2452029.5605322756 1.0217275619506836 0.0037393129896372
2452029.5959493285 1.0093641281127927 0.0037422459572553
2452029.630671929 0.9728851914405824 0.0037380047142505
2452029.6660889816 0.9813588261604309 0.00374913623090825
2452029.7015060345 1.0192325115203855 0.0037743374705314
2452029.736228635 1.0256179571151731 0.0037791528739035
2452029.7716456875 1.0008156895637512 0.0037669687299057503
2452029.80706274 0.9725779294967652 0.0037562600336968
2452029.84178534 1.000849366188049 0.0037685600109398
2452029.8772023926 1.020260751247406 0.0037772388895973
2452029.9126194445 1.0094481706619265 0.0037699674721807
2452029.9473420447 0.9735185503959656 0.003752599703148
2452029.9827590967 0.9837199151515961 0.0037520846817642
2452030.0181761486 1.0166536569595337 0.0037622402887791
2452030.052898749 1.0252665281295776 0.0037617033813148
2452030.0890102526 0.9913976192474364 0.0037438254803419
2452030.1237328527 0.9706123471260072 0.0037308547180145
2452030.1584554524 1.005627989768982 0.003745149821043
2452030.193872504 1.0226629972457884 0.0037549254484474
2452030.229289556 1.0061492919921875 0.0037493237759917
2452030.2640121556 0.969898462295532 0.0037286751903593
2452030.299429207 0.9840134680271149 0.00373078801203515
2452030.334846259 1.0195155143737793 0.0037412878591567
2452030.3695688588 1.0251502990722656 0.0037342002615332
2452030.4049859103 0.9926724135875702 0.00371740723494435
2452030.440402962 0.9719247817993164 0.0036995764821767
2452030.475125561 1.0035922527313232 0.0037173109594732
2452030.5105426125 1.0225086212158203 0.0037273444468155
2452030.545959664 1.0019285678863523 0.0037231056485325
2452030.5806822637 0.9701313972473145 0.0037141109351068
2452030.6160993148 0.987093985080719 0.0037348187761381
2452030.6515163663 1.021303653717041 0.0037584877572953
2452030.686238966 1.0237413644790647 0.0037635457701981
2452030.721656017 0.9930649995803833 0.00375525304116305
2452030.7570730685 0.9745323061943054 0.0037490269169211
2452030.7917956677 1.0062540769577026 0.0037625937256962
2452030.8272127192 1.0213991403579712 0.0037767443573102
2452030.8626297703 1.0032256841659544 0.0037659183144569
2452030.89735237 0.9700228571891784 0.0037518430035561
2452030.932074969 0.9901652336120604 0.003760915948078
2452030.9674920207 1.0226377248764038 0.00377032847609365
2452031.0029090717 1.0218464136123655 0.0037679986562579
2452031.0376316714 0.991767168045044 0.0037488467060029
2452031.0730487225 0.9745398163795471 0.0037335265660658
2452031.108465774 1.0083245038986206 0.0037451828829944
2452031.143188373 1.0213979482650757 0.0037529261317104
2452031.178605425 1.0024469494819641 0.00374693598132575
2452031.214022476 0.968819797039032 0.0037289976608008
2452031.248745076 0.9938946962356568 0.003739180509001
2452031.2841621274 1.0224599838256836 0.0037472839467227
2452031.319579179 1.0212681293487549 0.0037446881178766
2452031.3543017786 0.98611581325531 0.0037235140334814
2452031.3897188306 0.9744416177272797 0.0037074406864121
2452031.425135882 1.0108890533447263 0.0037195817567408
2452031.459858482 1.0214921236038208 0.0037228669971227
2452031.4952755338 0.9977310597896576 0.00371252058539535
2452031.5306925857 0.9676925539970398 0.0037005855701863
2452031.5640262817 0.9924886226654052 0.0037171037402004
2452031.6015266897 1.0265284776687622 0.0037429409567266
2452031.6362492894 1.0206458568572998 0.0037473246920853
2452031.67097189 0.9875532388687132 0.0037404133472591
2452031.706388942 0.9753040075302125 0.0037403104361146498
2452031.7418059944 1.011986255645752 0.0037616696208715
2452031.776528595 1.0212485790252683 0.0037664633709937
2452031.811945648 0.9985210895538328 0.003758868551813
2452031.8473627004 0.9679026603698728 0.0037472692783921
2452031.882085301 0.9963067173957824 0.0037649825681
2452031.917502354 1.0263911485671997 0.0037776376120745997
2452031.9529194073 1.0198705196380615 0.0037732271011918
2452031.9876420083 0.9876685142517088 0.0037521966733038
2452032.0230590617 0.9788896441459656 0.0037418801803141
2452032.058476115 1.0097198486328125 0.0037508008535951
2452032.093198717 1.0224602222442627 0.0037523412611335
2452032.1286157705 0.9968646466732024 0.00374187063425775
2452032.164032825 0.9703433513641356 0.003725170623511
2452032.198755427 0.9971354603767396 0.0037441225722432
2452032.234172481 1.026999056339264 0.0037568269763141498
2452032.269589536 1.018224000930786 0.0037516714073717
2452032.302923234 0.9836556911468506 0.0037358650006353
2452032.3397291936 0.9789091646671295 0.00372808554675425
2452032.3751462484 1.0100902318954468 0.003737193532288
2452032.410563304 1.0206916332244873 0.00373812019824975
2452032.4459803593 0.9936745166778564 0.0037198977079242
2452032.480008511 0.9684673249721526 0.00370405404828485
2452032.5147311147 0.9978322088718414 0.0037187130656093
2452032.5501481714 1.0268100500106812 0.003735183738172
2452032.585565228 1.0175796151161194 0.0037386195035650997
2452032.6209822847 0.9803404211997984 0.0037283222191035
2452032.656399342 0.9804338216781614 0.0037391216028481
2452032.6925108517 1.0152046084403992 0.0037626937264576
2452032.726539005 1.0215212106704712 0.0037744741421192
2452032.762650515 0.9945316910743712 0.0037626128178089
2452032.7973731216 0.9696761965751648 0.0037554448936134
2452032.8314012755 1.0049560070037842 0.00377313815988595
2452032.866818335 1.0271199941635132 0.0037877457216382
2452032.902929846 1.0148277282714844 0.003785329638049
2452032.938346906 0.9770411550998688 0.0037727473536505497
2452032.973763966 0.982329249382019 0.0037680829409509
2452033.0070976703 1.013522982597351 0.0037780564744025
2452033.0432091835 1.0205727815628052 0.0037775305099785
2452033.0779317925 0.9942025542259216 0.0037545557133853
2452033.1140433066 0.9670990109443665 0.0037395623512566
2452033.149460369 1.0035139918327332 0.0037568550324066996
2452033.184182979 1.0273515582084654 0.0037661304231732503
2452033.220988947 1.0140457153320312 0.0037634277250617
2452033.2529337495 0.977941393852234 0.0037495787255465
2452033.289045266 0.9845845699310303 0.0037523795617743503
2452033.3237678786 1.015213966369629 0.0037619278300553
2452033.3591849436 1.0213069915771484 0.0037641911767422997
2452033.3946020096 0.9935047030448912 0.0037472683470696
2452033.4307135283 0.9705167412757872 0.003728806739673
2452033.466130595 1.004848837852478 0.0037390713114291
2452033.5008532107 1.0281583666801453 0.0037452215328812
2452033.536270279 1.0149123668670654 0.0037339539267122
2452033.5716873477 0.9745513796806335 0.00371845136396585
2452033.6057155123 0.984902024269104 0.00373184029012915
2452033.6404381306 1.0159832239151 0.0037581012584269
2452033.676549654 1.019728183746338 0.0037697160150855
2452033.710577821 0.9923483729362488 0.0037673100596293503
2452033.7446059883 0.9692160487174988 0.0037646431010216
2452033.782106419 1.0080580711364746 0.003789119888097
2452033.817523493 1.0296602845191956 0.00380267214495685
2452033.8522461154 1.0148903727531433 0.003800653736107
2452033.8890520963 0.9796475768089294 0.0037848290521651
2452033.9230802683 0.9899612367153168 0.003790863440372
2452033.9578028927 1.0182344913482666 0.00380320881959045
2452033.9939144244 1.0186670422554016 0.0038020490901544
2452034.0279425983 0.9893890619277954 0.0037812497466802
2452034.0640541315 0.972312092781067 0.0037608176935464
2452034.098776761 1.0065268278121948 0.0037654414772987
2452034.1334993904 1.028074324131012 0.00377290463075035
2452034.168916474 1.0135629177093506 0.0037532154237850997
2452034.203639107 0.9746184051036835 0.0037302545970305002
2452034.2383617396 0.9877866208553313 0.003735635546036
2452034.273778827 1.0144234895706177 0.003748730989173
2452034.309890368 1.0166702270507812 0.003746623173356
2452034.344613005 0.9842247366905212 0.0037344093434512
2452034.3800300956 0.9698220193386078 0.0037213757168501
2452034.415447188 1.00719952583313 0.0037324542645365
2452034.4508642815 1.0256313681602478 0.0037325484445318
2452034.4862813763 1.0072487592697144 0.0037148683331906
2452034.520309567 0.974164754152298 0.0036919964477419498
2452034.5557266646 0.9900855422019958 0.003686717711389
2452034.590449311 1.0174828767776487 0.0036912746727466
2452034.6258664113 1.0159303545951843 0.00368248939048495
2452034.661283513 0.9843186140060426 0.0036560280714184
2452034.696006163 0.9698331356048584 0.0036357666831463
2452034.7328121737 1.0095338225364685 0.00363110005855555
2452034.767534827 1.0269986391067505 0.00360958604142065
2452034.8029519334 1.0086774826049805 0.0035685149487107
2452034.836980135 0.9723964035511017 0.00352985598146915
2452034.872397244 0.990846574306488 0.0035309155937283503
2452034.9071199005 1.0180524587631223 0.0035441408399492
2452034.943231464 1.0121005773544312 0.0035410884302109
2452034.9772596676 0.9805094003677368 0.0035266226623207
2452035.01337123 0.970312237739563 0.0035232423106208
2452035.0487883384 1.009994387626648 0.0035426625981926
2452035.083510992 1.024977684020996 0.0035472121089696
2452035.1189280963 1.0093727111816406 0.00353938934858885
