2451325.3369823094 1.010552167892456 0.0030204823706299
2451325.4133708803 1.009500503540039 0.0030425763688981
2451325.489759459 1.0067753791809082 0.0030582714825868
2451325.565453604 1.0028676390647888 0.00307945592794565
2451325.641147755 1.0016896724700928 0.0030909210909157
2451325.717536355 0.9996564984321592 0.0030967961065471
2451325.7939249603 0.998704195022583 0.0031168507412076
2451325.8696191288 0.9981295168399811 0.0031264529097825003
2451325.9446188603 0.997647762298584 0.0031218833755701503
2451326.0217019212 0.9981802701950072 0.003131654812023
2451326.098090544 0.9968746900558472 0.00314323278144
2451326.173784727 0.9965741634368896 0.0031488592503592
2451326.2494789134 0.993177890777588 0.0031482891645282
2451326.325173102 0.9735561311244965 0.0031447584042325
2451326.402256176 0.9977791309356688 0.0031664064154028
2451326.4779503676 0.9976736605167389 0.0031752991490065496
2451326.55364456 0.9970585703849792 0.0031882538460195
2451326.6300331955 0.9962981939315796 0.003195125143975
2451326.7064218316 0.996276319026947 0.0031889753881841
2451326.7821160257 0.995493561029434 0.0031820137519389
2451326.8578102197 0.998019218444824 0.0031807040795683
2451326.9341988554 0.9972437620162964 0.0031604734249413
2451327.009893049 0.9967542886734008 0.0031404301989823
2451327.0848927996 0.9973015189170837 0.0031414296245201997
2451327.16336476 0.9979381561279296 0.0031416935380548
2451327.2383645093 0.9980485439300536 0.003132501617074
2451327.3140586996 0.9986199438571928 0.0031193874310702
2451327.389752888 0.9986760616302488 0.0031159466598182
2451327.4661415177 0.9998809099197388 0.0031196726486086
2451327.542530146 1.000179886817932 0.0031298878602683
2451327.6182243302 0.9994053244590757 0.0031365681206807
2451327.693918513 0.9998217225074768 0.0031323945149779
2451327.7696126937 0.9995243847370148 0.0031304376898332997
2451327.851556851 1.0017632842063904 0.0031254907371475998
2451327.922389934 1.0004242658615112 0.0031141291838138498
2451327.998084109 1.001803278923035 0.0031000452581793
2451328.0744727235 1.0034891366958618 0.0030987209174782
2451328.1508613364 1.0043443441390991 0.003100105561316
2451328.226555505 1.0058962106704712 0.0030952319502830002
2451328.3022496705 1.0074996948242188 0.0030877890530973
2451328.378638276 1.0094815492630005 0.0030845038127154
2451328.4536379953 1.009190559387207 0.0030852905474603
2451328.530026595 1.009605288505554 0.0030937856063246
2451328.606415193 0.9605369567871092 0.0030764953698962
2451328.6828037878 1.0125752687454224 0.0031008322257548
2451328.757803497 1.0129696130752563 0.0031004562042653
2451328.834192086 1.0141880512237549 0.0030998410657048
2451328.910580673 1.0154298543930051 0.0030927821062505
2451328.986969257 1.0149914026260376 0.0030824795830994
2451329.062663396 1.0161555409431455 0.00308024592231955
2451329.1376630906 1.0158086419105528 0.00308281718753275
2451329.215440549 1.013604760169983 0.00308158469852055
2451329.291134679 1.0165544748306274 0.0030789182055741
2451329.366134365 1.0153801441192627 0.0030719726346433
2451329.4418284893 1.0130802392959595 0.00306929834187025
2451329.5189114935 1.0122411251068115 0.0030720015056431
2451329.595300053 1.0110419988632202 0.0030779340304434
2451329.670994168 1.0087851881980896 0.00307876197621225
2451329.747382721 1.0071542263031006 0.0030768106225877497
2451329.8230768293 1.007431983947754 0.0030748983845114
2451329.8980764933 1.0049729347229004 0.0030696426983922
2451329.9696039474 1.0048877596855164 0.0030622676713391497
2451330.0508535765 1.0026357173919676 0.0030579520389437
2451330.1272421135 1.0000524520874023 0.0030567001085728
2451330.202936205 0.9998938143253326 0.00305809569545085
2451330.278630294 0.9982703328132628 0.0030536553822457
2451330.359879908 0.9965711534023285 0.00304694625083355
2451330.431407343 0.9961704015731812 0.0030448648612946
2451330.5071014212 0.9944184422492982 0.003046041005291
2451330.5827954966 0.9937156438827514 0.0030514714308083
2451330.659184009 0.993441164493561 0.0030552227981388
2451330.735572518 0.9934304356575012 0.0030544565524905
2451330.8112665825 0.9933917820453642 0.0030532451346516
2451330.8869606433 0.9152986407279968 0.0030134196858853
2451330.963349141 0.9955427050590516 0.0030489165801554
2451331.0397376358 0.997316598892212 0.0030466292519122
2451331.115431686 0.997384250164032 0.0030462590511887502
2451331.1904312917 0.9984385073184967 0.0030478693079203003
2451331.267514216 0.9972411394119264 0.0030456292442977
2451331.3432082552 0.9970696270465851 0.00304022757336495
2451331.418902291 0.996622622013092 0.0030363036785274
2451331.495290763 0.9968921542167664 0.0030359036754816
2451331.572373673 0.9967564344406127 0.00304099055938415
2451331.6473732563 0.9955897331237794 0.00304593401961025
2451331.723067277 0.9958006143569944 0.0030485372990369
2451331.7994557344 0.9963819682598114 0.00304827536456285
2451331.875844188 0.9970051050186156 0.0030481573194265
2451331.9515381977 0.9959110617637634 0.00304547697305675
2451332.027232203 0.9952573776245116 0.0030439083930104
2451332.103620645 0.9952737390995028 0.00304393819533285
2451332.1800090834 0.9960452914237976 0.0030460504349321
2451332.257091958 0.9966539442539215 0.0030474524246528
2451332.3334803884 0.996936023235321 0.0030436858069151
2451332.407785494 0.9975445866584778 0.0030390718020498
2451332.484868357 0.9968324601650238 0.0030381657416000503
2451332.559867895 0.9979101717472076 0.0030448772013186498
2451332.635561869 0.9983396530151368 0.003051544772461
2451332.7126447195 0.9983827471733093 0.0030538062565028
2451332.786255366 0.9994897246360778 0.00305303395725785
2451332.868199289 0.9994926452636718 0.0030528561910614
2451332.9397266074 1.0010809898376465 0.0030527997296303
2451333.016115002 1.0033875703811643 0.0030522369779646
2451333.0918089524 1.0042303800582886 0.0030533203389495
2451333.1675028983 0.9660714864730836 0.0030396475922316
2451333.2438912806 1.0036916732788084 0.0030577562283724
2451333.3202796583 1.0078879594802856 0.0030564707703888
2451333.395279153 1.0097986459732056 0.0030505757313221
2451333.471667522 1.0121580362319946 0.003049154067412
2451333.548055887 1.0099909305572508 0.0030541317537426
2451333.6244442486 1.0087602138519287 0.0030597748700529
2451333.7001381656 1.0086725950241089 0.00306234601885075
2451333.7758320784 1.0079636573791504 0.0030608854722231
2451333.852220427 1.008712887763977 0.0030591182876378
2451333.928608771 1.007988214492798 0.0030567345675081
2451334.004302671 1.0077470541000366 0.0030544678447767997
2451334.0799965668 1.006782054901123 0.0030530225485563
2451334.156384898 1.0069720745086668 0.0030549534130841
2451334.2320787846 1.0054182410240173 0.0030554415425285
2451334.3077726676 1.0053542852401731 0.003051572246477
2451334.384160985 1.0036919116973877 0.0030444322619587
2451334.4605492977 1.0012809038162231 0.0030388999730348
2451334.536243167 1.0004982352256775 0.0030392475891858
2451334.6119370316 0.998747944831848 0.0030400252435356
2451334.6890197704 0.9982245564460754 0.0030388538725673996
2451334.7647136254 0.9957510232925416 0.0030345937702804
2451334.8404074768 0.9946252703666686 0.0030315319309010998
2451334.9154068837 0.9953249096870422 0.0030256758909672
2451334.9911007253 0.9948940873146056 0.0030217166058719
2451335.068877879 0.9945355057716369 0.0030181913170963
2451335.144571711 0.9945164322853088 0.0030163256451487003
2451335.220265538 0.9957845211029052 0.0030131083913147
2451335.2973482376 0.9956468343734742 0.0030067013576626
2451335.3779031257 0.9948920011520384 0.0029987028101458504
2451335.449430306 0.9234646558761596 0.0029592718929052
2451335.5244296747 0.995995044708252 0.0029908835422247
2451335.601512354 0.9983291029930115 0.0029883041279390003
2451335.677206151 0.9987807273864746 0.0029857757035642
2451335.752205505 0.9989856481552124 0.0029833652079105
2451335.82859373 0.9987316727638244 0.0029820455238223
2451335.90498195 0.9999296665191648 0.0029824830126017
2451335.9806757257 0.9988875985145569 0.00298161176033315
2451336.056369496 1.0000309944152832 0.0029819880146533
2451336.132757699 0.998567759990692 0.0029806667007505
2451336.2091458966 0.9986161589622496 0.0029805798549205
2451336.2848396506 0.9987889230251312 0.0029807266546413
2451336.360533398 0.9997629523277282 0.0029809181578457
2451336.436921578 0.999505281448364 0.002981478581205
2451336.5133097516 1.0003503561019895 0.00298144062981
2451336.589003481 1.0004854202270508 0.00298141932580615
2451336.663308329 1.0007736682891843 0.0029819216579198
2451336.741779797 1.0003641247749329 0.0029815166490152
2451336.817473507 1.0003424882888792 0.0029818622861057
2451336.8931672107 1.0013216733932495 0.002982193371281
2451336.968860907 1.0020732879638672 0.0029823945369571
2451337.045249034 1.0018484592437744 0.0029825086239725
2451337.1209427165 1.00237238407135 0.0029822636861353497
2451337.196636392 1.0054237842559814 0.002983073471114
2451337.273024496 1.007728099822998 0.0029840897768735
2451337.348023718 1.0081663131713867 0.0029849198181182
2451337.4244118067 1.0076801776885986 0.002985572675243
2451337.5021887603 1.00869083404541 0.0029858252964913
2451337.5764935203 1.0107443928718567 0.0029871042352168998
2451337.652881582 1.011463463306427 0.0029878771165385504
2451337.729269634 1.0113728046417236 0.0029876024927943503
2451337.803574366 0.9751204252243042 0.0029680500738322
2451337.8841290176 1.0148942470550537 0.002989352447912
2451337.957739292 1.014365553855896 0.0029898667708039
2451338.0334328655 1.0143194198608398 0.0029897982021793
2451338.109126427 1.0152368545532229 0.0029904078692197
2451338.1855144133 1.0158334970474243 0.0029912667814642
2451338.2619023863 1.0145410299301147 0.0029904099646955
2451338.3375959103 1.0129355192184448 0.002990475972183
2451338.413289421 1.0137200355529783 0.0029905894771218
2451338.4875940457 1.012584388256073 0.00299003301188345
2451339.662578011 1.0037018656730652 0.0029815572779625004
2451339.7063274058 1.0021957159042358 0.0029812620487064
2451339.782020809 1.0020838975906372 0.0029816041933372
2451339.8577142186 1.0013191699981687 0.002985956845805
2451339.934102069 0.9999647140502927 0.0029994298238307
2451340.010489926 0.9960563778877256 0.0030070389620959
2451340.0861833533 0.975093364715576 0.00301466393284495
2451340.1618767865 0.9993010163307188 0.0030357602518051
2451340.2382646594 0.9983011484146118 0.0030486097093671
2451340.313958102 0.9973835647106171 0.00306011806242165
2451340.3896515486 0.997474491596222 0.0030666831880807
2451340.466039434 0.9967061877250672 0.0030757535714656
2451340.5424273224 0.9955180883407592 0.0030878165271133
2451340.618815214 0.9951732158660888 0.0030906777828931
2451340.693814237 0.9943349361419676 0.0030881736893206
2451340.770202133 0.9930228590965272 0.0030934473033994
2451340.846590031 0.9932337999343872 0.0031031686812639
2451340.9208946237 0.9941129982471466 0.00309999939054245
2451341.000060266 0.9934772849082947 0.00309774489141995
2451341.07436486 0.9936761260032652 0.0031049561221152
2451341.150752762 0.9942665696144104 0.0031058674212545
2451341.226446228 0.9953706562519073 0.00310140592046075
2451341.302139695 0.9965101480484008 0.0030978736467659
2451341.3785275966 0.997180700302124 0.0030984755139797
2451341.454915498 0.9974157214164732 0.0031073519494384
2451341.530608963 0.9961534738540649 0.0031176835764199
2451341.6063024285 0.996960401535034 0.0031208482105284
2451341.6799125867 0.9978076219558716 0.00311365700326855
2451341.7590782265 0.9987754225730896 0.003107285592705
2451341.834077253 1.0020961761474607 0.0031087629031389
2451341.911159585 1.0076459050178528 0.00309942546300585
2451341.9861586094 1.0057810544967651 0.0030846751760691
2451342.0604631966 1.0072301626205444 0.0030839655082672
2451342.1382399593 1.0061366558074951 0.0030883108265697
2451342.219488897 1.0052542090415955 0.0030859146500006
2451342.291015738 1.0071179866790771 0.0030804120469838
2451342.3667091895 0.9571326375007629 0.0030486872419714503
2451342.442402639 1.00804340839386 0.0030785722192376
2451342.5187905217 1.009922742843628 0.0030858730897307
2451342.5951784025 1.0101113319396973 0.0030934149399399
2451342.6708718454 1.0096070170402527 0.0030914734816178497
2451342.7465652865 1.0100301504135132 0.0030872388742864
2451342.822953161 1.0099676847457884 0.003085408359766
2451342.8993410324 1.0100266933441162 0.0030808828305453
2451342.975034467 1.0093370676040647 0.0030687656253576
2451343.0507278983 1.0092501640319824 0.0030640580225735
2451343.127115763 1.0080865621566772 0.0030670017004013
2451343.2028091894 1.0078635215759277 0.0030674908775836004
2451343.278502614 1.0071560144424438 0.0030618913006037
2451343.3548904704 1.0064711570739746 0.0030544267501682
2451343.4305838896 1.0048032999038696 0.0030546188354491997
2451343.506277306 1.0033912658691406 0.0030580346938222
2451343.585442894 1.0029090642929075 0.0030641828197985
2451343.659053 1.0006308555603027 0.0030655008740723
2451343.736135278 0.9994705915451049 0.0030624116770923
2451343.811134248 0.9985277056694031 0.0030598420416935498
2451343.8868276505 0.9972057938575744 0.003059102455154
2451343.96252105 0.9968118965625764 0.00305387692060315
2451344.0396033158 0.9951311349868774 0.0030462832655757
2451344.1152967094 0.9936305284500122 0.0030456483364105
2451344.1909900997 0.994456708431244 0.0030462925788015
2451344.264600183 0.9949117302894592 0.0030415634391829
2451344.343765741 0.9944931268692015 0.0030338878277689
2451344.4194591227 0.9941478371620178 0.0030347823631018
2451344.4944580663 0.9937640726566314 0.0030400018440559003
2451344.5743180495 0.9937856197357176 0.0030466297175735
2451344.6451503793 0.9183684587478635 0.0030135852284729
2451344.7263992247 0.9923761188983917 0.0030476304236799
2451344.799314852 0.992392301559448 0.003047099802643
2451344.875702649 0.9936510920524596 0.0030457156244665
2451344.951396008 0.9930184185504913 0.00304076308384535
2451345.0270893644 0.9940571188926696 0.0030357108917087
2451345.1034771516 0.9923821091651917 0.0030371160246431
2451345.1798649356 0.9922568798065184 0.0030391772743314
2451345.2555582817 0.9913959801197051 0.00303520471788935
2451345.3312516245 0.9925844073295592 0.0030296070035547
2451345.4076393987 0.9926072359085084 0.0030277168843895
2451345.4840271687 0.9928725957870485 0.0030313278548419
2451345.559720502 0.9924464523792267 0.00303871661890295
2451345.635413831 0.992928683757782 0.0030431172344833
2451345.7118015913 0.9930200576782224 0.003042122349143
2451345.7881893483 0.9936075806617738 0.0030417970847338
2451345.8638826674 0.9946582019329071 0.0030422965064644
2451345.939575983 0.9939029216766356 0.0030387006700038
2451346.015963729 0.9959656596183776 0.0030361514072865
2451346.092351472 1.0131633281707764 0.0030446392484009
2451346.1680447767 1.073608934879303 0.0030797715298831003
2451346.243738079 1.0129135847091677 0.0030483792070299
2451346.320125811 1.0042719841003416 0.0030374766793102
2451346.395819105 1.006753623485565 0.0030352742178365
2451346.472901264 1.0073107481002808 0.0030377611983567
2451346.547900118 1.0042152404785156 0.0030424140859395
2451346.6235934016 1.0028693079948425 0.00304997281637035
2451346.6999811158 1.0042006373405457 0.00305071345064785
2451346.7763688257 1.004181146621704 0.0030503888847305998
2451346.8527565324 1.0059478878974915 0.00305398670025165
2451346.927755368 0.9673610627651215 0.0030348374275490503
2451347.004143067 1.0054945349693298 0.00304984673857685
2451347.0826140633 1.0086156129837036 0.0030519915744662
2451347.1513629863 1.0102527141571045 0.003055312205106
2451347.232611709 1.0079113245010376 0.003056313842535
2451347.3076105257 1.0066475868225095 0.0030494739767163
2451347.3791371724 1.010191559791565 0.0030444740550592
2451347.450663815 1.0122376680374143 0.0030438511166721
2451347.5353846885 1.01390278339386 0.0030497673433274
2451347.615244524 1.0081512331962583 0.0030569829978048003
2451347.687465589 1.009134829044342 0.0030576870776712504
2451347.779130782 1.0081464648246765 0.0030570512171834
2451347.8437130735 1.007818341255188 0.0030612892005592
2451347.9131563944 1.0064640045166016 0.0030612351838499
2451347.980516413 1.004098117351532 0.0030596308642998
2451348.0909312814 1.0017873644828796 0.0030565927736460998
2451348.135375 1.0052921772003172 0.0030560721643269
2451348.204123874 1.0074411630630493 0.00305684772320085
2451348.323566355 1.0048753023147583 0.0030470362398773
2451348.386065323 1.0023078918457031 0.00303959148004645
2451348.4249535687 1.0098400712013245 0.00303721951786425
2451348.513840983 1.007832109928131 0.00304259685799475
2451348.608283855 0.9982638955116272 0.0030490414937957497
2451348.645088796 0.99462229013443 0.0030503971502184
2451348.735365062 1.0037558078765867 0.0030518460553139
2451348.8374466794 1.0093171000480652 0.00305505597498265
2451348.9305006634 1.0025806427001953 0.0030547806527465
2451348.9673055955 1.0024182796478271 0.0030520595610141
2451349.0582762733 0.9991745948791504 0.00304456753656265
2451349.111747585 0.999846875667572 0.0030426557641476
2451349.219384633 0.907994419336319 0.0029908573487773
2451349.312438591 0.9966667592525482 0.00303390261251475
2451349.3596599996 0.9916659891605377 0.0030290130525827
2451349.436047569 0.9920887351036072 0.0030240922933444
2451349.5152128637 0.9934608340263367 0.0030233690049499
2451349.5909059914 0.9938954710960388 0.0030230619013309
2451349.6603492238 0.9931206107139589 0.0030205673538148
2451349.7409033687 0.9906755685806272 0.0030151268001645
2451349.8172909147 0.990872859954834 0.0030117484275251
2451349.8929840242 0.9915018081665039 0.00300805468577885
2451349.9686771287 0.9912265539169312 0.0030034065712243
2451350.0450646603 0.991127908229828 0.0029988314490765
2451350.121452187 0.991797149181366 0.002995210699737
2451350.197145277 0.9922927618026732 0.002992512891069
2451350.272838362 0.9936288595199586 0.002990874228999
2451350.3485314418 0.9943370521068573 0.0029899295186623497
2451350.42561338 0.9946701526641843 0.0029901701491326
2451350.5013064495 0.994538426399231 0.00299055199138815
2451350.5769995134 0.995519995689392 0.0029912579338997
2451350.6533870036 0.9957623481750488 0.0029924865812063
2451350.729774488 0.9984608888626098 0.002993093105033
2451350.8054675357 0.998596727848053 0.0029922631802037003
2451350.8811605773 0.9988749027252196 0.0029926477000117
2451350.957548044 1.0027344226837158 0.002994172507897
2451351.0332410745 1.0040301084518433 0.0029945388669147498
2451351.1096285293 1.0041483640670776 0.0029957663500681
2451351.1846271153 1.0049907565116882 0.0029970649629831
2451351.261708989 1.0062729120254517 0.0029972271295264
2451351.339485287 1.0066293478012085 0.0029975944198668
2451351.4137894223 1.0086350440979004 0.00299873482435935
2451351.4894824126 1.0064538717269895 0.0029981464613229
2451351.565175396 0.9694933295249939 0.0029801549389958
2451351.6401739414 1.0113531351089478 0.00300042016897345
2451351.7179502025 1.0108261704444885 0.00300183042418205
2451351.795726455 1.010666847229004 0.00300158374011515
2451351.8700305456 1.0110354423522947 0.0030025718733668
2451351.945723489 1.01114022731781 0.0030021937564015
2451352.0228052847 1.009052276611328 0.0030022251885384
2451352.09780378 1.0101224184036257 0.0030024624429643
2451352.1700245435 1.0078543424606323 0.0030024941079318
2451352.2498840317 1.0052096247673035 0.00300308968871825
2451352.3255769266 1.004656195640564 0.0030030403286218
2451352.4019642407 1.0024471282958984 0.0030033357907086
2451352.477657113 1.003836452960968 0.0030051112407818003
2451352.553349974 1.0007535219192505 0.0030036526732146
2451352.629737252 1.000289797782898 0.00300471810624
2451352.706818946 0.9992569983005521 0.0030056820251047
2451352.781817338 0.995591402053833 0.0030048324260859996
2451352.8575101458 0.9943403601646424 0.0030048578046262
2451352.933897368 0.993452250957489 0.0030051267240196
2451353.0102845766 0.99153333902359 0.0030056731775403
2451353.0859773415 0.9907254874706266 0.0030067956540733498
2451353.15125366 0.990560382604599 0.0030065757455304
2451653.9350994457 1.0029824972152708 0.0021398297976702
2451653.986489355 1.0050690174102783 0.0021409357432276
2451654.062185306 1.0046354532241821 0.002152630360797
2451654.1371868034 1.005354642868042 0.0022072780411689997
2451654.2142716795 1.004838466644287 0.0023539068643003
2451654.291356561 0.9738134443759918 0.00255186378490175
2451654.36635807 1.004293918609619 0.0027448354521766
2451654.4420540417 1.0044591426849363 0.002889561234042
2451654.5226112255 1.0033496618270874 0.0030209170654416
2451654.5934459926 1.0042892694473269 0.0031303896103054
2451654.66983643 1.0042767524719238 0.0031601986847817
2451654.746226868 1.0049244165420532 0.0031697114463895
2451654.822617308 1.0053058862686155 0.0031570468563586
2451654.8976188307 1.00368595123291 0.0030898130498826
2451654.9740092712 1.0039272308349607 0.0030183068010956
2451655.050399712 1.0015766620635986 0.0030055474489927
2451655.126790152 1.000841736793518 0.0030092769302427
2451655.2031805916 1.002548098564148 0.0029728063382208
2451655.2781821135 1.0018932819366455 0.0029141129925847
2451655.3545725513 1.000798225402832 0.0028597409836947
2451655.4316574465 0.9995807111263274 0.00283038103953
2451655.506658965 1.0001896619796753 0.00281768210697915
2451655.582354941 0.9999457001686096 0.0028127760160714
2451655.658745373 0.999236524105072 0.0027773515321314
2451655.7344413456 0.9984689950942992 0.0027306202100589
2451655.810137316 0.9990442395210266 0.0026941902469843
2451655.8865277437 0.9981179237365722 0.0026435239706188
2451655.9629181684 0.9988093972206116 0.0025772934313863
2451656.0386141334 0.9978588521480559 0.0025334866950288
2451656.114310096 0.99883896112442 0.0025090158451348
2451656.1907005147 0.9985510110855104 0.0024932851083576
2451656.267090931 0.9979082345962524 0.0024660227354615
2451656.342786887 0.9986559748649596 0.0024232836440205
2451656.4184828405 0.9981861114501952 0.0024013058282434
2451656.49487325 0.9976308345794676 0.0023935858625918
2451656.571263657 0.95337176322937 0.0023804204538464
2451656.646959603 0.9985237419605254 0.00239643687382335
2451656.7226555464 0.9977946877479552 0.0023837944027036
2451656.7990459455 0.998750627040863 0.0023706248030066
2451656.875436342 0.9987491369247437 0.0023584268055856
2451656.951132278 0.9983150959014893 0.00233601697254925
2451657.026828211 0.9983248114585876 0.0023135475348681
2451657.1032185988 0.9990692734718322 0.0023031393066048
2451657.1789145265 0.9990271925926208 0.0023002041270956
2451657.254610451 0.9995336532592772 0.002295000012964
2451657.3261396247 1.000511109828949 0.0022812045644968497
2451657.402530002 0.9997700750827788 0.00226441782433535
2451657.4844760397 0.9993001520633696 0.00225923152174795
2451657.556699663 1.000251829624176 0.00226452900096765
2451657.634478947 1.0009625554084778 0.0022659227252006
2451657.7080914807 1.0012655854225159 0.00226145144551985
2451657.787954132 1.0017343759536743 0.0022550639696419
2451657.862955576 1.0018999576568604 0.0022508513648062
2451657.9393459316 1.0035499334335327 0.0022425486240535
2451658.0143473693 1.003523826599121 0.0022321608848869
2451658.0914321775 1.0042931437492373 0.0022273466456681
2451658.1671280665 1.0050963163375854 0.002227934077382
2451658.2435184103 1.0052711963653564 0.0022261296398937
2451658.319908751 1.0067073106765747 0.0022201349493116
2451658.395604631 1.0059699416160583 0.0022121117217466
2451658.4713005084 1.00664484500885 0.0022087972611188
2451658.548385297 1.0065539479255676 0.0022096427856012502
2451658.62338671 1.0068597197532654 0.00221237621735775
2451658.6990825776 1.0067657232284544 0.0022101919166743
2451658.7754728994 1.0063729286193848 0.0022070619743317
2451658.851863218 0.976208746433258 0.0021922402083873
2451658.927559076 1.005750298500061 0.0022014203714206
2451659.0032549305 1.005383849143982 0.0021960639860481
2451659.0796452393 1.0051239728927612 0.0021928015630692
2451659.156035545 1.004887938499451 0.0021917356643825
2451659.2317313896 1.0038852095603943 0.0021918832790105997
2451659.3074272317 1.0036035776138303 0.0021891207434237
2451659.3838175274 1.003052830696106 0.0021852869540452
2451659.46020782 1.0029362440109253 0.0021832846105098
2451659.5352091948 1.001126050949097 0.002183862728998
2451659.6115994807 1.0009379386901855 0.0021848815958946
2451659.687989763 1.0004392862319946 0.002184378914535
2451659.763685585 0.9998563826084137 0.0021829213947057
2451659.839381404 0.9994524717330932 0.0021812207996845
2451659.9157716767 0.9987908005714417 0.0021799281239509
2451659.9921619454 0.9980234503746032 0.0021771860774606
2451660.0678577544 0.9973275661468506 0.0021720428485422502
2451660.1435535597 0.9973325133323668 0.0021689671557396
2451660.2199438186 0.9971596002578736 0.00216905050911
2451660.2963340743 0.9972499608993528 0.0021682954393327
2451660.37202987 0.9980146288871765 0.0021667962428182
2451660.4477256616 0.9972518682479856 0.0021654346492141
2451660.5241159066 0.9965450763702391 0.0021653657313436
2451660.6005061483 0.9967080354690552 0.0021668772678822
2451660.6755074733 0.9969661831855774 0.0021693736780434
2451660.755369992 0.9959399700164794 0.0021674589952453503
2451660.83037131 0.9969578385353088 0.00216694700065995
2451660.9053726243 0.996594250202179 0.0021665119566023003
2451660.980373936 0.9971324503421783 0.0021644700318574498
2451661.0560697005 0.9968683719635008 0.0021612888667732
2451661.1324599176 0.951903700828552 0.0021397494710981
2451661.2095445883 0.9959112703800204 0.00215654226485635
2451661.2838514294 0.9970943927764891 0.0021578469313681
2451661.3602416366 0.9972223043441772 0.0021549388766288
2451661.437326296 0.996446430683136 0.0021535120904444998
2451661.5123275835 0.9974295794963837 0.0021546671632677
2451661.586634411 0.9975017309188842 0.0021559104789048
2451661.6644135164 0.9984180927276612 0.0021583319175988
2451661.740803706 0.9989887475967408 0.0021586355287581
2451661.8164994353 0.999206930398941 0.0021580214379354496
2451661.8921951614 0.999541699886322 0.0021579333115369
2451661.96858534 1.0005850791931152 0.0021573116537183
2451662.044975515 1.0017961263656616 0.002155523514375
2451662.1206712304 1.0017482042312622 0.0021535687847062503
2451662.196366942 1.0030303001403809 0.002152204979211
2451662.272757106 1.0026593208312988 0.0021513167303055
2451662.3484528107 1.0030921697616577 0.0021502191666513
2451662.4241485116 1.0033296346664429 0.0021489695645868
2451662.500538665 1.0046038627624512 0.0021499344147741
2451662.5769288144 1.0044276714324951 0.0021510573569685
2451662.6526245046 1.005323588848114 0.0021539761219173496
2451662.7283201907 1.0059492588043213 0.0021541062742471
2451662.8047103295 1.0063749551773071 0.0021541910246014
2451662.881100464 1.0071392059326172 0.0021553495898842
2451662.9567961395 1.0075740814208984 0.0021542431786655504
2451663.0324918116 1.0073280334472656 0.0021506389603018
2451663.108881935 1.0081647634506223 0.0021508943755179
2451663.185272055 1.0085415840148924 0.0021504051983356
2451663.260967716 1.0081976056098938 0.0021502505987882
2451663.3359689172 1.007972538471222 0.00214904069434845
2451663.413053482 1.0047816038131712 0.0021448074840009
2451663.4894435867 0.9964526295661926 0.0021431350614875
2451663.565139232 1.0062967538833618 0.00214738131035115
2451663.6408348745 1.006088137626648 0.0021475772373378
2451663.7172249677 1.0054484605789185 0.0021474082022905
2451663.7929206025 1.0087756514549255 0.0021497390698641
2451663.868616233 1.0063965320587158 0.002147406572476
2451663.9450063147 1.0047590732574463 0.0021466261241585
2451664.021396393 1.0034278631210327 0.0021439676638692
2451664.1019531987 1.003525972366333 0.0021415876690298
2451664.173482083 1.0020003914833069 0.0021405959269030998
2451664.249177694 1.0012091398239136 0.0021398882381618
2451664.3255677563 1.000906467437744 0.0021392886992543
2451664.400568905 0.999481201171875 0.0021368518937379
2451664.4769589594 0.9988203048706056 0.0021346642170101
2451664.554043465 0.9985588490962982 0.00213450670707965
2451664.6297390563 0.9974892735481262 0.0021328735165297
2451664.7061290992 0.9978628754615784 0.0021316586062312
2451664.7825191375 0.9972105026245116 0.002130351262167
2451664.8582147164 0.9972538352012633 0.0021277206251397
2451664.934604747 0.9963690042495725 0.0021263511152937497
2451665.0096058636 0.9968631267547607 0.00212631118483835
2451665.0853014304 0.9969326257705688 0.0021254473831504
2451665.161691448 0.9967164397239684 0.0021254671737551
2451665.237387007 0.9962845444679258 0.00212608545552935
2451665.287387741 0.9965479969978333 0.00212671118788415
2451665.390861476 0.9965404868125916 0.0021259970963001
2451665.465862567 0.9974653720855712 0.0021247782278805
2451665.541558109 0.9974118769168854 0.00212705554440615
2451665.6172536463 0.9972539544105528 0.0021254252642393
2451665.6936436333 0.9854301810264589 0.0021216259337961
2451665.770033616 0.9933982491493224 0.0021230378188192
2451665.8457291396 0.9974286258220673 0.0021257954649626497
2451665.921424659 0.997250199317932 0.0021264646202325
2451665.9978146274 0.9974510669708254 0.0021273929160088
2451666.0742045916 0.9977831840515136 0.0021269347053021
2451666.149900096 0.9983208179473878 0.0021254860330372502
2451666.225595596 0.9982926249504088 0.0021269689314067
2451666.3019855446 0.9983209371566772 0.0021268457639962
2451666.3783754883 0.9985413551330566 0.0021262096706777
2451666.454070973 0.998215526342392 0.00212664541322735
2451666.5297664516 0.9987196326255798 0.0021270988509058
2451666.606156379 0.9991493225097656 0.0021261684596538
2451666.681851847 1.0011370182037354 0.0021287425188347498
2451666.7575473087 1.0000836849212646 0.0021278266794979
2451666.833937218 1.0012147426605225 0.0021285261027514
2451666.910327121 1.0015116930007937 0.0021284809336066
2451666.9860225637 1.0020533204078674 0.0021282144589349003
2451667.0617179996 1.0025874376296997 0.0021291570737957
2451667.137413428 1.0031490325927734 0.00212919246405355
2451667.214497756 1.0040689706802368 0.0021292318124324
2451667.2901931694 1.004815101623535 0.0021299432264640502
2451667.365888574 1.004702925682068 0.0021300292573869
2451667.442278423 1.004883050918579 0.0021285766270011
2451667.518668262 1.0053977966308592 0.0021298902574926
2451667.594363638 1.0068325996398926 0.00213085254654285
2451667.6624200228 1.0048174858093262 0.00213134009391065
2451668.66243157 0.9999684691429137 0.0023220094153657
2451668.734654624 0.999674916267395 0.0024565482744946503
2451668.8103499417 0.9988074898719788 0.0026225491892546
2451668.8881286187 0.9993816018104552 0.0027214288711547
2451668.9645183925 0.9990084767341612 0.0027205317746847
2451669.0381303565 0.9983372092247008 0.0027436683885753
2451669.1152145835 0.9985040724277494 0.0027859434485435
2451669.191604358 0.9979961812496184 0.00280928809661415
2451669.266605228 0.998318910598755 0.00281932798679915
2451669.3423005496 0.9984670877456664 0.0028128721751272
2451669.418690323 0.9988336563110352 0.0028205844573676
2451669.4950800953 1.0002655982971191 0.0028431387618184
2451669.5700809616 1.0001965761184692 0.0028544799424707
2451669.646470731 1.0001184940338137 0.0028177499771118
2451669.722860499 0.99969881772995 0.0027542919851839
2451669.7992502656 0.9997920989990232 0.0027257518377155
2451669.8749455772 0.9992437362670898 0.00271131494082505
2451669.9506408875 0.9989722967147828 0.0026454920880496
2451670.0270306477 0.999171793460846 0.0025715650990605
2451670.1034204056 0.9991681575775144 0.0025381208397448
2451670.179115709 0.9992814660072327 0.00252318929415195
2451670.25481101 0.9991495609283448 0.0024951926898211
2451670.331200761 0.9566829800605774 0.0024428300093859
2451670.4075905094 0.9996067881584167 0.0024354960769414
2451670.4832858024 0.9992112219333649 0.0024238337064161498
2451670.558981093 0.999595820903778 0.0024285714607685
2451670.6353708333 0.999816119670868 0.0024232268333435
2451670.7110661184 1.0002241730690002 0.0024026171304284997
2451670.7867614008 1.0005477666854858 0.0023906731512397
2451670.863151132 1.0002932548522947 0.0023826647084206
2451670.9395408607 1.0001249313354492 0.0023639716673642
2451671.0152361346 1.0001198053359983 0.002337610698305
2451671.090931405 1.0006660223007202 0.0023243834730237
2451671.167321124 1.001425862312317 0.0023219257127493
2451671.2437108406 1.0017331838607788 0.0023123943246901
2451671.319406102 1.002373456954956 0.0022947440156712504
2451671.39510136 1.0028568506240845 0.0022813810501247
2451671.4714910667 1.0032953023910522 0.0022748513147234
2451671.5478807706 1.0034327507019043 0.0022754394449293
2451671.623576019 1.0040257573127747 0.00227256864309305
2451671.699271264 1.004014492034912 0.002267361851409
2451671.775660958 1.0063445568084717 0.0022648093290627
2451671.8520506485 1.00638747215271 0.0022656845394521
2451671.9277458843 1.0078465938568115 0.00226145680062465
2451672.003441116 1.0074182748794556 0.0022506909444928
2451672.0846919576 1.0080361366271973 0.00223900552373375
2451672.160387183 1.0079033374786377 0.0022338458802551
2451672.2319156956 1.007160484790802 0.0022313896333798003
2451672.307610914 1.0074950456619265 0.0022226858418434
2451672.384000581 1.0071372985839844 0.0022160613443702
2451672.4576124386 1.0069541931152344 0.0022131437435746
2451672.5367799043 1.006568431854248 0.0022138736676424
2451672.611780658 0.9779785275459288 0.002202418167144
2451672.688864762 1.005937397480011 0.0022108654957264003
2451672.7638655086 1.0057666301727295 0.0022101759677752002
2451672.839560703 1.0047770738601685 0.0022125137038528
2451672.9159503453 1.004796266555786 0.002210228703916
2451672.9923399845 1.003597378730774 0.0022038952447474
2451673.0680351686 1.0031792521476746 0.0021988548105582
2451673.143035897 1.0022550821304321 0.0021938746795058
2451673.220119977 1.0014777183532717 0.0021921186707913
2451673.2958151503 1.0007778406143188 0.00218911806587125
2451673.37151032 1.0003433227539062 0.0021843430586159
2451673.447899937 1.0000447034835815 0.0021818375680595
2451673.5242895507 0.9999812245368956 0.0021820452529937
2451673.59998471 0.9989013671875 0.0021857331739738002
2451673.6756798653 0.9990787506103516 0.0021880802232772
2451673.752069468 0.9981216192245485 0.0021870092023164
2451673.8284590673 0.9969034194946288 0.0021879198029637
2451673.904154212 0.9970678091049194 0.0021852541249245
2451673.979849353 0.9963425993919371 0.0021817153319716
2451674.056238941 0.9985540509223938 0.0021781318355351
2451674.1319340747 0.9975125193595885 0.00217576185241335
2451674.2083236557 0.9972070753574371 0.0021745412377639998
2451674.2840187815 0.9975462555885316 0.0021729979198426
2451674.360408355 0.9965304136276244 0.0021688430570065
2451674.436797925 0.9962223768234254 0.0021663745865225
2451674.51249304 0.9960535168647765 0.0021676566684618002
2451674.588188152 0.9965338110923768 0.0021717881318181
2451674.66457771 0.9963724613189696 0.0021741781383752
2451674.7402728144 0.9968984425067902 0.0021738437935709502
2451674.8159679146 0.9969160556793212 0.0021745420526713
2451674.892357462 0.95101660490036 0.0021538864821195
2451674.968747006 0.9958667755126952 0.0021706407424062
2451675.044442095 0.9967449903488158 0.00216636713594195
2451675.12013718 0.9971745014190672 0.0021644672378897
2451675.1965267127 0.9983271360397338 0.0021648069377988
2451675.272916241 0.9977449774742126 0.0021633934229612
2451675.3486113152 0.9975959360599518 0.0021603275090455497
2451675.4194452344 0.9989466071128845 0.002159847645089
2451675.4993070024 0.9982905983924864 0.0021614972501993
2451675.577085416 0.9990996718406676 0.0021638311445713
2451675.652780475 0.999281346797943 0.0021648226538672497
2451675.7284755306 0.999962031841278 0.0021655671298503
2451675.8048650324 1.0001140832901 0.002166201127693
2451675.88125453 1.0003044605255127 0.002166228601709
2451675.956949574 1.000209391117096 0.00216399866621935
2451676.032644614 1.0008621215820312 0.002161365468055
2451676.1090341005 1.001636981964111 0.0021594227291643
2451676.184729133 1.0023497343063354 0.0021589797688648
2451676.260424162 1.0026345252990725 0.0021577649749815
2451676.3368136366 1.0048558712005615 0.0021581740584224
2451676.413203107 1.0044171810150146 0.0021550373639911
2451676.4888981245 1.0059369206428526 0.0021565362112596
2451676.5645931377 1.0061902999877927 0.0021583600901067
2451676.640982597 1.0067963600158691 0.0021610541734844
2451676.7173720524 1.0067498683929443 0.0021612138953059
2451676.793067054 1.0070199966430664 0.0021610305411741
2451676.8687620517 1.0070549249649048 0.002162096556276
2451676.9451514953 1.008966326713562 0.0021623051725327
2451677.0215409347 1.0079957246780396 0.0021596404258161
2451677.097235921 1.0080904960632324 0.00215784425381565
2451677.172930903 1.005953311920166 0.0021545961499214
2451677.2493203306 0.9955424070358276 0.0021494969259947
2451677.325709754 1.0067411661148071 0.0021552932448685
2451677.4014047245 1.0058841705322266 0.0021536373533308003
2451677.4770996915 1.005953311920166 0.0021532294340431
2451677.553489103 1.0050592422485352 0.0021543956827372
2451677.6291840617 1.0054842233657837 0.0021561899920925
2451677.704879016 1.0041984319686887 0.0021565703209489
2451677.781268416 1.0034620761871336 0.0021558045409619
2451677.8576578116 1.0029407739639282 0.0021545651834458
2451677.9333527545 1.002508521080017 0.0021548824151977498
2451678.009047693 1.001681208610535 0.0021546850912272
2451678.0854370766 1.0007479190826416 0.0021506613120436
2451678.1618264564 0.9994383454322816 0.0021504289470613
2451678.237521383 0.998561680316925 0.00214945466723285
2451678.3132163053 0.9981446266174316 0.0021482489537447
2451678.3896056726 0.9976666569709776 0.0021446177270263
2451678.4659950356 0.9972748160362244 0.0021447178442031
2451678.541689946 0.9966525435447692 0.00214453390799455
2451678.617384852 0.9966863393783568 0.002146361162886
2451678.693774203 0.9971688389778136 0.0021464410237967
2451678.7653024094 0.9966736137866974 0.00214549689553675
2451678.845858443 0.9964863061904905 0.00214383529964825
2451678.921553333 0.9962149858474731 0.0021432884968817
2451678.997942667 0.996401071548462 0.0021426619496196
2451679.073637548 0.997056245803833 0.00214049452915785
2451679.1493324256 0.9973877072334288 0.0021401306148618
2451679.2257217467 0.9981569051742551 0.0021397492382675
2451679.3021110636 1.0000395774841309 0.0021379827521741
2451679.377805928 0.9975336194038391 0.00213553162757305
2451679.453500788 0.9882628917694092 0.0021287256386131
2451679.529890092 0.992754578590393 0.0021288618445396
2451679.606279392 0.9974773526191713 0.0021309775765985
2451679.6819742387 0.9969771504402161 0.0021315499907359
2451679.7576690814 0.9968769550323486 0.0021307889837771
2451679.8340583676 0.997394561767578 0.0021302858367562
2451679.9104476497 0.9980438947677612 0.0021304923575371
2451679.986142479 0.9973495900630951 0.0021313020261004003
2451680.0618373035 0.998072862625122 0.0021307137794792
2451680.1382265715 0.9985831379890442 0.0021319510415196
2451680.213921387 0.9996560513973236 0.00213190750218925
2451680.289616198 1.0009654760360716 0.0021330988965928
2451680.366005452 0.9993700981140136 0.002132253954187
2451680.4423947013 0.9995079636573792 0.0021319070365279
2451680.5180894975 1.0008965134620667 0.00213344779331235
2451680.593784289 1.000621676445007 0.0021332097239792
2451680.670173523 1.0010184049606323 0.0021329852752387
2451680.7465627524 1.0009644031524658 0.0021325014531612
2451680.822257528 1.001409113407135 0.0021330051822586998
2451680.8979522996 1.0030659437179563 0.0021346695721149
2451680.9743415127 1.003202438354492 0.0021349708549678
2451681.0507307197 1.0032851696014404 0.0021343308035284
2451681.126425474 1.0040284395217896 0.0021344850538298
2451681.2021202226 1.00444757938385 0.0021346770226955
2451681.2785094124 1.0050636529922483 0.0021365722641348
2451681.3548985953 1.0046857595443723 0.0021341994870454
2451681.430593325 1.0043801665306091 0.0021340325474738502
2451681.506288048 1.0043040513992307 0.0021361580584198
2451681.5826772107 1.0048645734786987 0.0021358081139624
2451681.6583719193 1.003848135471344 0.0021357429213821
2451681.7340666195 1.0029891729354858 0.0021356237120926
2451681.8104557586 0.9718499183654784 0.0021231994032859
2451681.886844889 1.001978039741516 0.0021371578332036
2451681.962539563 1.0013099312782288 0.00213592732325195
2451682.0382342273 1.001544952392578 0.0021372672636061
2451682.1146233277 1.000144839286804 0.0021371550392359
2451682.1958735404 1.000015676021576 0.0021372510818764
2451682.2667070488 0.9986788928508759 0.0021368963643907998
2451682.33198498 0.9979507625102998 0.0021362819243222
2452061.866502062 1.012439250946045 0.0029171154601499
2452061.928307301 1.0079065561294556 0.0029166855383664
2452062.003306903 1.0060898065567017 0.0029158031102269
2452062.079000932 1.003213107585907 0.0029148535104467996
2452062.1546949493 1.0050734281539917 0.0029146196320652
2452062.2310833954 1.0036714076995847 0.0029135330114513
2452062.307471831 1.001847505569458 0.0029121066909283
2452062.3831658163 1.0019379258155823 0.0029113108757882504
2452062.458859793 1.001388669013977 0.002910838695243
2452062.5352482013 0.9522451162338256 0.0028858929872512
2452062.611636602 1.0011310577392578 0.0029102927073836
2452062.6873305547 1.0002415180206299 0.00291001098230475
2452062.7630245006 0.999910533428192 0.0029098507948219
2452062.839412879 1.0005167722702026 0.0029095604550093
2452062.915106811 0.9997333884239197 0.0029090966563671003
2452062.9908007374 1.000101327896118 0.0029089173767715
2452063.0671890965 0.9988273978233336 0.0029091197066009
2452063.14357745 0.9962079524993896 0.0029083676636219
2452063.219271358 0.9972059130668639 0.0029083924600854
2452063.29496526 1.0030746459960935 0.0029113150667399
2452063.3713535964 1.000573992729187 0.0029098535887897
2452063.447741927 0.997618019580841 0.0029085834976285
2452063.5234358134 0.9964113831520081 0.0029080611420795
2452063.5991296945 0.9959511160850526 0.0029081450775265
2452063.6755180093 0.995314300060272 0.0029082214459776
2452063.751906319 0.9934223890304564 0.0029079597443342
2452063.827600185 0.9933449327945709 0.0029073798796161497
2452063.9032940455 0.9944968819618224 0.0029072342440485
2452063.9796823403 0.9935150146484376 0.0029063608963042
2452064.056070631 0.9937606453895568 0.0029068407602608
2452064.131764477 0.9927313923835754 0.0029059128137304503
2452064.2074583187 0.9913782477378844 0.002906419802457
2452064.283846595 0.9909695982933044 0.0029055788181722
2452064.3595404276 0.9906458258628844 0.00290570233482865
2452064.4352342556 0.9900645613670348 0.002906157169491
2452064.511622518 0.9902687072753904 0.002906258450821
2452064.5880107754 0.9899752736091612 0.0029056447092443
2452064.66370459 0.9904561340808868 0.00290661910548805
2452064.7393984 0.9895453453063964 0.0029064447153359
2452064.8157866444 0.916518986225128 0.0028680816758424
2452064.892174884 0.9951019883155824 0.0029092035256326
2452064.967868681 0.9960398972034454 0.0029097305377945
2452065.0435624737 0.9976234436035156 0.0029109122697263
2452065.1199507006 0.9986780881881712 0.0029121949337422
2452065.196338923 1.0012394189834597 0.0029130822513252
2452065.2720327033 1.0035297274589539 0.00291393429506565
2452065.3477264787 1.0044045448303225 0.002914575394243
2452065.4241146888 1.0071035623550415 0.0029161411803215
2452065.500502894 1.0093066692352295 0.0029173523653298
2452065.576196657 1.0095464587211609 0.0029185638995840504
2452065.651890416 1.011880874633789 0.0029187370091676
2452065.728278609 1.0128629207611084 0.0029201281722635
2452065.8039723597 1.0122762322425842 0.0029200639110058
2452065.8796661063 1.013802170753479 0.0029207479674369
2452065.956054287 1.0139226913452148 0.0029208736959844
2452066.0324424636 1.0150994062423706 0.0029204136226326
2452066.1081361976 1.016170859336853 0.0029217973351478
2452066.1838299283 1.015752911567688 0.0029218457639217
2452066.2602180922 1.0148853063583374 0.0029210643842816
2452066.3366062525 1.0138834714889526 0.002920274855569
2452066.412299971 1.0115920305252075 0.0029198843985795498
2452066.487993685 1.00748074054718 0.0029186818283051
2452066.564381833 1.00697922706604 0.0029184983577579
2452066.640769977 1.0047553777694702 0.0029182548169046
2452066.7164636794 1.0030866265296936 0.0029186998726799503
2452066.792157378 1.0014772415161133 0.0029195705428719
2452066.86854551 1.0001760721206665 0.0029214599635452
2452066.944933638 1.000422954559326 0.0029235244728624
2452067.020627325 0.9972096383571625 0.00292501843068745
2452067.0963210077 0.946540892124176 0.0029008199926465
2452067.172709124 0.995895266532898 0.0029276846908032
2452067.248402799 0.9967207312583923 0.0029305511852726
2452067.32409647 0.9933280944824218 0.0029289277736097
2452067.4004845745 0.9945261478424072 0.0029287154320627
2452067.4768726756 0.9942723512649536 0.0029315375722944
2452067.5525663346 0.9959027767181396 0.0029379467014223
2452067.6282599904 0.996412754058838 0.002943051746115
2452067.70464808 0.996289849281311 0.0029459025245159
2452067.7810361646 0.9935863614082336 0.0029466298874467
2452067.856729809 0.9932542443275452 0.0029477423522621003
2452067.9324234496 0.9912903904914856 0.0029473737813532
2452068.008811523 0.9973676204681396 0.00294671254232525
2452068.085199593 1.0024256706237793 0.0029469619039446
2452068.1608932223 1.0032537579536438 0.0029498811345547
2452068.236586848 1.005526065826416 0.0029514105990529
2452068.312974906 1.0041847229003906 0.0029486138373613
2452068.389362961 1.0040453672409055 0.0029459663201123
2452068.4650565754 1.0051116943359375 0.0029495329363271004
2452068.5407501855 1.0037765502929688 0.0029561598785221
2452068.6171382293 1.0040349960327148 0.0029624397866427
2452068.6928318324 1.002729892730713 0.00296432024333625
2452068.768525432 1.0026673078536987 0.0029641976580023
2452068.844913464 1.0026832818984983 0.0029651483055204
2452068.921301493 1.0017659664154053 0.0029657820705324
2452068.996995081 1.0018959641456604 0.0029636507388203503
2452069.072688666 1.0007357597351074 0.0029636381659656
2452069.1490766834 0.9999462366104126 0.0029674055986106
2452069.225464698 0.9998589158058168 0.0029698021244257
2452069.3011582717 1.0027352571487427 0.0029691444942727
2452069.376851842 0.929949641227722 0.0029303412884473
2452069.453239845 1.0023058652877808 0.0029727139044553
2452069.5296278447 1.002962589263916 0.0029841577634215
2452069.6053214045 1.0013708472251892 0.0029997313395142
2452069.6810149606 1.0015957355499268 0.0030073029920458
2452069.758097386 1.0047128200531006 0.003013341105543
2452069.8337909346 1.0045477151870728 0.0030190923716872
2452069.9094844805 1.0074389576911926 0.0030221008928491997
2452069.985178022 1.0101193189620972 0.0030207056552171
2452070.061565997 1.0119102001190183 0.0030206535011529
2452070.1372595327 1.012883722782135 0.00302599999122315
2452070.212953064 1.0142083168029783 0.0030317567288875
2452070.289341029 1.0153167247772217 0.0030307171400636
2452070.3657289897 1.0155346393585205 0.0030260237399488
2452070.4414225114 1.0155619978904724 0.003027822705917
2452070.5171160297 1.0130486488342283 0.0030404119752347
2452070.5935039804 1.0119402408599851 0.0030662345234304
2452070.669891928 1.0103620290756223 0.0030880628619343
2452070.745585436 1.0078048110008238 0.00309899880085135
2452070.8212789414 1.0067481994628906 0.0031063100323081
2452070.8976668795 1.0054773092269895 0.0031113247387111
2452070.974054814 1.002827763557434 0.0031062213238328
2452071.049748309 1.0019257068634033 0.0030990153318270503
2452071.1254418013 0.9993582367897031 0.0031041023321449
2452071.2018297263 0.99665892124176 0.0031192305032163
2452071.278217648 0.9951137900352478 0.0031220859382301
2452071.3539111316 0.994929164648056 0.0031149793649092
2452071.4296046114 0.9927874803543092 0.003111774334684
2452071.5059925243 0.9925905466079714 0.0031261909753084
2452071.582380434 0.9959058165550234 0.0031641768291592
2452071.658073905 0.9949683845043182 0.00319253350608045
2452071.733767374 0.9896323680877684 0.0032144766300916
2452071.810155275 1.0028083324432373 0.0032370721455663
2452071.8858487383 1.0044565200805664 0.0032514763297512503
2452071.9615421984 1.0041886568069458 0.0032539323437958
2452072.0379300914 1.0030107498168943 0.0032509493175894
2452072.114317982 1.0044279098510742 0.0032639431301504
2452072.190011435 1.0068957209587097 0.00329524697735905
2452072.2434829553 1.0081645250320437 0.0033145893830806
2452075.1753891404 1.006386637687683 0.0029203526210039
2452075.2281661853 1.0092158317565916 0.0029204941820353
2452075.30733174 1.0042061805725095 0.0029199225828051
2452075.3830251084 1.0038097500801086 0.0029198655392974
2452075.458718466 1.0088188648223877 0.0029191961511969
2452075.5351062478 1.0101696252822876 0.0029191372450441
2452075.611494019 1.009817600250244 0.0029179726261645
2452075.6871873476 1.0088474750518799 0.0029163244180381
2452075.762880667 1.0086058378219604 0.0029160727281123
2452075.839268413 1.0043067932128906 0.0029150107875466
2452075.9156561513 1.0030640363693235 0.0029138475656509
2452075.990655014 1.0005697011947632 0.0029129721224308
2452076.0670427373 0.9996173977851868 0.0029132706113159
2452076.143430454 0.9994250535964964 0.0029119965620338
2452076.219123731 0.9982439577579498 0.00291146384552115
2452076.294817001 0.945931315422058 0.0028859868180006
2452076.371204699 0.9967393279075624 0.0029110517352819
2452076.447592391 0.9962238669395448 0.0029105853755027
2452076.523285643 0.9964200854301452 0.00291087036021045
2452076.5989788906 0.9967795610427856 0.0029109015595167
2452076.6753665656 0.9972569942474364 0.0029110140167176
2452076.7517542355 0.9950785636901855 0.0029107555747032
2452076.8274474666 0.9928608238697052 0.0029103249544277
2452076.903140692 0.9968485236167908 0.0029117404483258
2452076.979528346 0.9966757297515868 0.0029109823517501
2452077.055915995 0.9943667650222776 0.002910608658567
2452077.131609206 0.9939625263214111 0.0029101261170580497
2452077.207302412 0.9936233162879946 0.0029101003892719
2452077.283690046 0.994407832622528 0.0029094973579049
2452077.360077676 0.9930412769317628 0.0029095092322677
2452077.4357708674 0.99283829331398 0.00290893146302545
2452077.511464055 0.9929900765419006 0.0029095108620822
2452077.5878516706 0.9918264150619508 0.0029090356547385
2452077.664239282 0.9917717576026917 0.0029086431022733
2452077.739932455 0.9921998381614685 0.0029082418186589503
2452077.8156256247 0.991400957107544 0.0029082600958645
2452077.8920132224 0.9912919998168944 0.0029081250540912
2452077.967706383 0.9927484393119813 0.0029085029382258003
2452078.0433995393 0.9905708432197572 0.0029078866355121
2452078.119787124 0.9894575476646424 0.0029081946704536
2452078.1961747045 0.988935649394989 0.0029076233040541
2452078.271867848 0.988627463579178 0.0029082191176712
2452078.3475609873 0.9899399280548096 0.0029087434522807
2452078.4239485553 0.9925236105918884 0.0029105520807206
2452078.500336119 0.9924356937408448 0.0029116007499396
2452078.5760292457 0.9196252822875977 0.00287477101664985
2452078.651722369 0.9972725510597228 0.0029125078581273
2452078.72810992 0.9996570348739624 0.0029132678173482
2452078.8044974674 0.9995883107185364 0.0029140536207705
2452078.8801905783 1.0038665533065796 0.002915640361607
2452078.955883685 1.0079095363616943 0.0029177754186093
2452079.03227122 1.0080018043518066 0.0029184909071773
2452079.108658751 1.0096491575241089 0.0029196327086538
2452079.1843518466 1.0134685635566711 0.0029217762639745497
2452079.2600449375 1.01506245136261 0.0029217875562608
2452079.336432457 1.0160671472549438 0.0029222869779914
2452079.41212554 1.017990529537201 0.0029237190028652002
2452079.48781862 1.017856478691101 0.0029238604474812
2452079.564206128 1.0184718370437622 0.002923963824287
2452079.6405936317 1.0218578577041624 0.0029252707026898
2452079.7162866998 1.020325481891632 0.00292547035496675
2452079.791979764 1.0198018550872805 0.0029254681430757
2452079.8683672566 1.0206364393234253 0.0029260988812893
2452079.9447547453 1.019476294517517 0.0029272476676851
2452080.0204477985 1.017077386379242 0.00292845757212485
2452080.096140848 1.0140697956085205 0.0029292178805917
2452080.1725283256 1.0131704807281494 0.0029305932112038
2452080.248915799 1.009910225868225 0.0029305634088814
2452080.3246088373 1.008282721042633 0.00293002137914295
2452080.4003018723 1.007745385169983 0.0029316728468984
2452080.476689335 1.007396221160889 0.0029326886869966
2452080.553076794 1.0057398080825803 0.002934864256531
2452080.6287698178 1.0036208629608154 0.00293706427328285
2452080.704462838 1.0029979944229124 0.0029390142299234
2452080.780850286 0.9994544386863708 0.0029410200659185
2452080.8565432993 0.9438518285751343 0.0029152092756703
2452080.9322363087 0.994868278503418 0.0029428352136164
2452081.0086237458 0.99478417634964 0.002942108316347
2452081.085705611 0.9930180013179779 0.00294313335325565
2452081.1565375915 0.9948190748691559 0.0029436778277158
2452081.2377860365 1.005256414413452 0.0029441369697451
2452081.3127845973 1.008691906929016 0.0029417721088975
2452081.3891720166 1.0063627958297727 0.0029419627971947
2452081.464865002 1.0059110522270203 0.00294260808732355
2452081.5405579833 1.0066382884979248 0.0029469199944287
2452081.6169453925 1.0061326026916504 0.0029514022171497
2452081.693332798 1.006239414215088 0.002955941716209
2452081.769025769 1.0068532824516296 0.0029587831813841503
2452081.8447187366 1.0060279369354248 0.0029614281374961
2452081.921106132 1.003265142440796 0.0029621750582009
2452081.997493524 1.0019242763519287 0.0029617385007441
2452082.073186482 1.00345379114151 0.0029632415389641504
2452082.148879436 1.0024899244308472 0.0029662291053682
2452082.225266818 1.003153085708618 0.0029654153622686
2452082.3016541963 1.0024521350860596 0.0029625594615936
2452082.3773471406 1.0015701651573181 0.0029600964626297
2452082.4530400815 0.9994340538978576 0.0029612013604491
2452082.52942745 0.997515857219696 0.0029675490222871
2452082.6051203846 0.9949928820133209 0.00297637062612915
2452082.6808133163 0.992736041545868 0.0029855684842914
2452082.7572006746 0.9924679398536682 0.0029921550303697
2452082.83358803 0.9919922351837158 0.0029979990795254
2452082.9092809516 0.9909207224845885 0.0030039080884307
2452082.98497387 0.9921572804450988 0.003005989594385
2452083.061361216 0.9930933117866516 0.0030095353722572
2452083.1377485585 0.914486527442932 0.0029767083469778
2452083.213441468 0.9919110834598541 0.00301216309890145
2452083.2891343734 0.9947612285614011 0.0030089882202446
2452083.3655217066 0.9956198930740356 0.0030042657162994
2452083.441909037 0.9982216954231262 0.0030038624536246
2452083.517601934 1.0014224648475647 0.00301511841826135
2452083.5932948277 0.9986876249313352 0.0030320887453854
2452083.6696821484 1.000752091407776 0.0030511419754475
2452083.7460694667 1.0025674104690552 0.003064815653488
2452083.8217623513 1.0048713088035581 0.0030777925858273504
2452083.8974552336 1.0064061880111694 0.0030876686796545
2452083.9738425426 1.0084327459335327 0.0030881594866514
2452084.050229849 1.0077961683273315 0.0030878810212016
2452084.1252282923 1.010472297668457 0.0030958678107708
2452084.201615593 1.0097689628601074 0.003101093461737
2452084.2780028908 1.0090000629425049 0.0030938806012272
2452084.353695756 1.0090082883834839 0.0030812948243691997
2452084.4293886186 1.0065298080444336 0.0030795270577073
2452084.505775908 1.0084211826324463 0.0030979991424828
2452084.582163195 1.008852481842041 0.0031264135614037
2452084.65785605 1.0092470049858093 0.00314973318018015
2452084.733548902 1.010112762451172 0.0031705177389085
2452084.8099361816 1.0086510181427 0.0031972285360097
2452084.8863234585 1.0082983970642088 0.0032219032291322
2452084.962016303 1.0081954598426819 0.0032267125789076003
2452085.037709146 1.0064343214035034 0.0032247705385088
2452085.1140964157 1.002954125404358 0.0032363594509661
2452085.1904836837 1.002135992050171 0.003252979600802
2452085.26617652 1.0003234148025513 0.0032595560187473
2452085.341869354 0.9988925457000732 0.0032467963173985
2452085.4182566153 0.9915422201156616 0.0032356141600757
2452085.4946438754 0.9852956533432008 0.0032563493587076
