2451656.2494202834 1.009574055671692 0.0109719280153512
2451656.2896987675 1.0162580013275146 0.0109173264354467
2451656.3299772497 0.9938054084777832 0.0110201900824904
2451656.3702557315 0.9658305644989011 0.0110982544720172
2451656.410534213 0.9615067243576048 0.0113679971545934
2451656.4508126923 0.9829384088516236 0.0113994404673576
2451656.4910911713 1.010059833526611 0.011250989511609
2451656.5313696493 1.0091736316680908 0.0110144130885601
2451656.5716481265 1.0057015419006348 0.0106014320626854
2451656.6119266027 1.0048197507858276 0.010155682452023
2451656.6522050775 1.0093731880187988 0.0099748959764838
2451656.692483552 1.0114023685455322 0.009899997152388
2451656.7327620247 1.0109437704086304 0.0098703112453222
2451656.7730404967 1.0124337673187256 0.0098404856398701
2451656.8133189674 1.0056462287902832 0.009821924380958
2451656.8535974375 1.0115975141525269 0.0098062679171562
2451656.8938759062 1.009121656417847 0.0097614740952849
2451656.9341543736 1.0063371658325195 0.0096963746473193
2451656.9744328405 1.00706684589386 0.0091481618583202
2451657.0147113055 1.0008304119110107 0.0087613807991147
2451657.0549897696 0.9968520998954772 0.0087343286722898
2451657.0952682327 1.001392126083374 0.0087449057027697
2451657.1355466945 1.0001085996627808 0.0088425176218152
2451657.1758251553 0.999539852142334 0.0088235484436154
2451657.216103615 0.9983471632003784 0.0087963370606303
2451657.2563820733 0.9998759031295776 0.0087596466764807
2451657.29666053 0.9999002814292908 0.0086386343464255
2451657.3313833363 0.9969717860221864 0.0085674505680799
2451657.375828528 0.99783056974411 0.0085222469642758
2451657.412634701 0.9961147904396057 0.0085036442615091
2451657.456385433 0.9948102235794068 0.0085100466385483
2451657.4966638843 0.9951841831207277 0.0085281152278184
2451657.536247878 0.9958515167236328 0.00856486288830635
2451657.577220782 0.99699205160141 0.0086077759042382
2451657.616110317 0.995061695575714 0.0086311865597963
2451657.65847213 0.9988463222980499 0.00864544091746205
2451657.695972751 0.9989428818225861 0.0086426683701574
2451657.7383345617 0.995220959186554 0.0086331078782677
2451657.7772240913 0.995672345161438 0.0086341109126806
2451657.8195858994 0.9978127777576447 0.00863615889102215
2451657.8598643383 0.9988793730735779 0.00863937707617875
2451657.900142776 0.9975979030132294 0.008625978603959049
2451657.939726756 0.9983478188514708 0.0086012128740549
2451657.980005191 0.9992890357971193 0.0085694147273898
2451658.018894713 0.9957906007766724 0.0085417656227946
2451658.060562056 0.9943469166755676 0.0085312165319919
2451658.1008404866 0.994269609451294 0.008531198836863
2451658.141118916 0.998665690422058 0.0085413362830877
2451658.1813973435 0.996024489402771 0.0085605010390281
2451658.2209813143 0.997871160507202 0.008573192637413699
2451658.2619541953 0.9967229366302488 0.0085716554895043
2451658.302927074 0.9952896237373352 0.008546758908778401
2451658.34251104 0.9956652522087096 0.0085113402456045
2451658.382789461 0.997462034225464 0.0084732752293348
2451658.4230678803 0.997763693332672 0.0084471860900521
2451658.4626518423 0.9954030215740204 0.0084452549926936
2451658.502235803 0.9945090413093568 0.0084596425294876
2451658.5432086736 0.9976797997951508 0.00849030725657935
2451658.5827926314 0.9966254830360411 0.0085077201947569
2451658.623071043 0.995693266391754 0.0085192481055855
2451658.6633494534 0.9957557916641236 0.0085164979100227
2451658.703627862 0.9955208301544188 0.0085038924589753
2451658.7439062693 0.9981757402420046 0.0084917666390538
2451658.7841846747 0.9970297813415528 0.008482452481985
2451658.8244630797 0.9978798627853392 0.0084842005744576
2451658.8647414823 0.9970248937606812 0.0084824804216623
2451658.9050198835 0.9989538788795472 0.0084650507196784
2451658.945298283 0.9979291558265686 0.0084549030289053
2451658.9855766813 0.996296226978302 0.0084142163395881
2451659.025855078 0.9989177584648132 0.0083902413025498
2451659.066133473 0.9956910014152528 0.0083714872598648
2451659.106411867 0.9950279593467712 0.0083639482036232
2451659.1466902588 0.9936169385910032 0.0083640301600098
2451659.1869686493 0.9918267726898192 0.0083670755848288
2451659.227247038 0.9953128099441528 0.008381032384932
2451659.2675254256 0.9958322048187258 0.0083711827173829
2451659.307803811 1.0005114078521729 0.0083556184545159
2451659.348082195 1.001431941986084 0.0083335489034652
2451659.388360578 1.0005362033843994 0.0083187669515609
2451659.4286389593 0.9997509717941284 0.0082985265180468
2451659.4689173386 1.0013837814331057 0.0083004692569375
2451659.509195716 1.0025458335876465 0.0083061577752232
2451659.5487796385 1.0033047795295715 0.008318209555
2451659.5897524673 0.9993795752525328 0.0083317933604121
2451659.629336386 1.0026412606239319 0.008338211104273751
2451659.668920303 1.004210352897644 0.0083361091092228
2451659.709198673 1.0053472518920898 0.0083322189748287
2451659.749477041 1.005629062652588 0.0083264280110597
2451659.7897554077 1.0039653778076172 0.0083158556371927
2451659.830033773 1.006083369255066 0.0083193145692348
2451659.8703121366 1.0087896585464475 0.0083260852843523
2451659.9105904987 1.007556676864624 0.0083130551502108
2451659.950868859 1.0076709985733032 0.0082967048510909
2451659.991147218 1.0085151195526123 0.008268304169178
2451660.031425575 1.0112688541412351 0.008239671587944
2451660.07170393 1.010666847229004 0.0082223145291209
2451660.111982284 1.010201334953308 0.0082047041505575
2451660.1522606364 1.0108181238174438 0.0082034021615982
2451660.192538987 1.0109670162200928 0.0081966994330287
2451660.232817336 1.0119714736938477 0.0081987520679831
2451660.273095683 1.0127167701721191 0.0081970738247036
2451660.3133740285 1.0108119249343872 0.0081873508170247
2451660.3536523725 1.0127917528152464 0.0081767542287707
2451660.393930715 1.0108433961868286 0.0081572532653808
2451660.4342090557 1.0114408731460571 0.0081514855846762
2451660.474487395 1.009178876876831 0.0081481635570526
2451660.5147657325 1.0116145610809326 0.0081558804959058
2451660.555044068 1.012326955795288 0.0081630572676658
2451660.595322402 1.01510488986969 0.0081800743937492
2451660.6356007345 1.0117440223693848 0.0081968363374471
2451660.675879066 1.0120117664337158 0.0082023767754435
2451660.711296217 1.0101128220558167 0.008194769732654001
2451660.755046814 1.0112922191619873 0.0081863952800631
2451660.796714048 1.011393904685974 0.0081819463521242
2451660.8376868265 1.0088713765144348 0.00818018149584525
2451660.875187333 1.0096981525421143 0.0081808292306959
2451660.916160108 1.008119225502014 0.0081690866500139
2451660.9564384273 1.0085856914520264 0.0081477267667651
2451660.9967167447 1.0133625268936155 0.0081267785280942
2451661.0369950607 1.007743000984192 0.0081003792583942
2451661.0772733754 1.0064973831176756 0.0080832140520215
2451661.1175516876 1.0085028409957884 0.0080674784258008
2451661.1578299985 1.0068098306655884 0.0080624148249626
2451661.1981083076 1.0056427717208862 0.0080565391108393
2451661.2383866156 1.0035498142242432 0.0080490037798881
2451661.2786649214 1.006070256233215 0.0080425646156072
2451661.3189432253 1.0038412809371948 0.0080218464136123
2451661.3592215283 1.0059916973114011 0.0080105876550078
2451661.398805375 1.0044086575508115 0.007994119543582149
2451661.4397781277 1.0024467706680296 0.0079895332455635
2451661.480056425 1.005595326423645 0.0079925078898668
2451661.5203347215 1.0052058696746826 0.0079947616904973
2451661.5606130157 1.0036107301712036 0.00800337549299
2451661.6022802144 1.004428148269653 0.0080174291506409
2451661.6411695983 1.0013201236724851 0.0080242212861776
2451661.681447888 1.0012452602386477 0.0080246469005942
2451661.7217261754 1.0007959604263303 0.0080182868987321
2451661.7620044607 1.0022835731506348 0.0080213332548737
2451661.802282745 1.0021991729736328 0.0080093285068869
2451661.8425610275 1.0036579370498655 0.0080062840133905
2451661.882144855 1.0030826330184937 0.00800701556727285
2451661.9217286813 1.0013303756713867 0.0079966969788074
2451661.9620069587 0.9906482696533204 0.0079818684607744
2451662.002285234 0.9525954723358152 0.0079318722710013
2451662.042563508 0.9506632685661316 0.0079074623063206
2451662.0828417805 0.9742206335067748 0.0079086637124419
2451662.1231200513 1.0042822360992432 0.007924779318273
2451662.16339832 1.003387212753296 0.0079080704599618
2451662.203676587 1.000561237335205 0.007904652506113
2451662.243954853 1.0029220581054688 0.0079044979065656
2451662.284233117 1.0010160207748413 0.0078904004767537
2451662.324511379 0.9975946545600892 0.0078826388344168
2451662.36478964 0.9996743202209472 0.0078708482906222
2451662.405067899 0.9975430369377136 0.0078637097030878
2451662.4453461557 0.9989802837371824 0.0078501161187887
2451662.485624411 0.9995842576026917 0.0078420881181955
2451662.5259026657 0.9966871738433836 0.007842524908483
2451662.5661809174 0.9992470145225524 0.0078505920246243
2451662.606459168 0.9974027276039124 0.0078560169786214
2451662.646737417 0.9994181394577024 0.0078635597601532
2451662.6870156643 0.999301254749298 0.0078645218163728
2451662.7272939095 0.9954784512519836 0.0078563839197158
2451662.7675721534 0.9972698092460632 0.0078526269644498
2451662.807850396 0.9994271993637086 0.0078474655747413
2451662.848128636 0.996397078037262 0.0078418925404548
2451662.8884068746 0.9981157183647156 0.0078371493145823
2451662.9286851124 0.9970438480377196 0.007828583009541
2451662.968963348 0.9961246252059937 0.0078239981085062
2451663.008547129 0.9973941445350647 0.00781788257881995
2451663.0481309085 0.9978200197219848 0.0077986880205571
2451663.08840914 0.99671071767807 0.0077896383590996
2451663.1286873682 0.9954444766044616 0.0077814729884266
2451663.1689655953 0.9953528046607972 0.0077783814631402
2451663.2092438214 0.9949703812599182 0.0077723306603729
2451663.2495220453 0.9956609606742858 0.0077657466754317
2451663.289800267 0.9925634264945984 0.0077621676027774
2451663.3300784878 0.9949635267257688 0.0077488268725574
2451663.3710511588 0.9953455328941344 0.007741549052298
2451663.410634924 0.99686199426651 0.007731266785413
2451663.4509131396 0.9953552484512328 0.0077258986420929
2451663.491191354 0.9957821369171144 0.0077214199118316
2451663.5314695663 0.9964869022369384 0.0077173779718577
2451663.5717477766 0.9948933124542236 0.0077192666940391
2451663.6120259855 0.9915087223052976 0.0077177686616778
2451663.6523041935 0.9960430860519408 0.0077187144197523
2451663.692582399 0.997669756412506 0.0077210585586726
2451663.732860603 0.99539053440094 0.0077190366573631
2451663.7731388058 0.9947869181632996 0.0077126780524849
2451663.8134170067 0.9967764616012572 0.0077090305276215
2451663.853695206 0.993898630142212 0.0077014118432998
2451663.893973403 0.994233787059784 0.0077031520195305
2451663.9342515995 0.9940837025642396 0.0076978751458227
2451663.9745297935 0.9933645725250244 0.0076949279755353
2451664.014807986 0.9935382008552552 0.0076888939365744
2451664.0550861773 0.992334246635437 0.0076814806088805
2451664.0953643667 0.9962274432182312 0.0076823187991976495
2451664.132864749 0.9930362105369568 0.007676095701754
2451664.1731429356 0.9920777082443236 0.0076729301363229
2451664.214810023 0.9927537441253662 0.0076734046451747
2451664.2550882064 0.9927119016647338 0.0076749352738261
2451664.2953663873 0.9957985281944276 0.0076734451577067
2451664.335644568 0.9959422945976256 0.0076689752750098
2451664.375922746 0.992889165878296 0.007665550801903
2451664.4155064714 0.993254244327545 0.0076647545211017
2451664.4564790977 0.9925516843795776 0.0076598636806011
2451664.4967572717 0.9950849413871764 0.0076588578522205
2451664.5370354434 0.9890453815460204 0.0076551591046154
2451664.576619162 0.9917960166931152 0.0076538284774869
2451664.6168973316 0.9915007948875427 0.007653658045455749
2451664.6564810476 0.994584023952484 0.0076513239182531
2451664.6981481155 0.9948975443840026 0.0076500666327774
2451664.7384262793 0.9938042759895324 0.0076459622941911
2451664.7773155402 0.993442952632904 0.0076418686658143
2451664.818982603 0.9872641563415528 0.0076355808414518
2451664.859955213 0.9904600083827972 0.0076354804914444
2451664.8988444693 0.9926679730415342 0.0076382248662412
2451664.9398170765 0.9938567876815796 0.0076389824971556
2451664.9800952314 0.9945415258407592 0.0076366253197193
2451665.0203733845 0.9961538910865784 0.0076357214711606
2451665.060651536 0.9946916699409484 0.0076378155499696
2451665.1009296863 0.9952390789985656 0.0076331081800162
2451665.1412078347 0.9952422976493835 0.0076334583573043
2451665.1814859817 0.9956431984901428 0.0076333819888532
2451665.2217641273 0.999754011631012 0.0076394509524106
2451665.26134782 0.9956137835979462 0.007634118665009701
2451665.2919036527 0.9991111457347868 0.0076360506936907005
2451665.3592653708 0.995913326740265 0.0076334956102073
2451665.3814877924 0.9979795217514038 0.0076375510543584
2451665.4217659305 1.000617742538452 0.007639733608812
2451665.4620440667 1.0018556118011477 0.0076389093883335
2451665.5023222016 0.9993276000022888 0.007636765949428
2451665.542600335 1.001284122467041 0.0076372493058443
2451665.5828784667 0.9999040961265566 0.007636880967766
2451665.6231565974 1.0027229785919187 0.0076389391906559
2451665.6634347257 1.0032908916473389 0.0076399901881814
2451665.703712853 1.0008306503295898 0.0076432642526924
2451665.7439909787 1.000712275505066 0.00764100253582
2451665.7842691033 1.0040898323059082 0.0076426919549703
2451665.824547226 1.0037108659744265 0.0076427510939538
2451665.864825347 1.0061317682266235 0.0076437178067862
2451665.905103467 1.0059089660644531 0.0076457853429019
2451665.945381585 1.004069447517395 0.007642054464668
2451665.9856597017 1.003249168395996 0.0076417634263634
2451666.0259378166 1.0060696601867676 0.007645808160305
2451666.0662159305 1.0076121091842651 0.0076483800075948
2451666.1064940426 1.0088312625885008 0.0076471175998449
2451666.1467721527 1.0067816972732544 0.0076467520557343
2451666.187050262 1.007071018218994 0.007647484075278
2451666.2273283694 1.009257435798645 0.0076489676721394
2451666.267606475 1.011529803276062 0.0076500652357935
2451666.3078845786 1.0081037282943723 0.0076529872603714
2451666.348162682 1.009967565536499 0.0076547716744244
2451666.387746332 1.0077275037765503 0.00764743261970575
2451666.4273299817 1.0081257820129397 0.0076493313536047
2451666.4676080793 1.0065765380859375 0.0076493546366691
2451666.5078861755 1.0112239122390747 0.0076504740864038
2451666.5481642694 1.0083881616592407 0.0076556708663702
2451666.5884423614 1.010905623435974 0.0076512866653501
2451666.6287204525 1.010793924331665 0.0076523544266819
2451666.668998541 1.0075801610946655 0.007649480830878
2451666.7092766277 1.0067503452301023 0.0076522300951182
2451666.749554713 1.0069822072982788 0.0076521546579897
2451666.7898327955 1.006373643875122 0.0076519940048456
2451666.830110876 1.0074347257614136 0.007649278268218
2451666.8703889544 1.0055850744247437 0.0076489583589136
2451666.910667031 1.0047926902770996 0.0076464479789137
2451666.9509451045 1.0051952600479124 0.0076477820985019
2451666.9912231755 1.0041369199752808 0.0076454519294202
2451667.0315012443 1.0051026344299316 0.0076487925834953
2451667.0717793102 1.0034505128860471 0.0076527204364538
2451667.1120573725 1.0061246156692505 0.0076506161130964
2451667.152335432 1.0026825666427612 0.0076482538133859
2451667.1926134885 1.0044877529144287 0.0076485099270939
2451667.232891541 1.0034002065658567 0.0076501285657286
2451667.273169589 1.0033849477767944 0.007656002882868
2451667.3134476333 1.002008318901062 0.0076520224101841
2451667.353725673 1.0025111436843872 0.0076526282355189
2451667.3940037074 1.0024352073669431 0.0076501835137605
2451667.434281736 0.9994255304336548 0.0076474016532301
2451667.4745597593 1.0014566183090208 0.007648283150047
2451667.514143327 1.0018373131752014 0.007651811931282251
2451667.5537268873 0.9990497827529908 0.0076474198140203
2451667.5940048886 0.9931562542915344 0.0076478919945657
2451667.6342828805 0.955821454524994 0.0076093808747828
2451667.6745608626 0.9553757905960084 0.007603436242789
2451667.6953942976 0.9721454381942748 0.0076218708418309
2451668.6460890644 0.9918262958526611 0.007845874875783851
2451668.680811177 0.9961396455764768 0.007877657655626449
2451668.7203943827 0.9968375563621522 0.0079101333394646
2451668.7606720272 0.9979155659675598 0.0079543832689523
2451668.800949669 0.9962907433509826 0.0080151949077844
2451668.8405328663 0.9968532621860504 0.008059383369982201
2451668.8821993885 0.997052937746048 0.0080808359198272
2451668.9217825825 0.9973474740982056 0.0080899987369775
2451668.963449101 0.9973682165145874 0.008079127408564
2451669.0023378506 0.9950770139694212 0.0080868368968367
2451669.0419210414 0.9956867694854736 0.0080993962474167
2451669.082893115 0.9976980090141296 0.008124565705657
2451669.123865188 0.99601811170578 0.008136420510709251
2451669.1627539345 0.9947933852672577 0.00814816076308485
2451669.203726006 0.9979923963546754 0.0081702135503292
2451669.244003635 0.9967830777168274 0.0081773241981863
2451669.2842812636 0.9999885559082032 0.0081863179802894
2451669.3245588923 0.998136520385742 0.0081874560564756
2451669.36483652 0.9981793761253358 0.008197646588087
2451669.4051141473 0.9988228678703308 0.0082126343622803
2451669.4453917746 0.9966099858283995 0.008230336010456
2451669.486363843 0.9968395233154296 0.00825578719377515
2451669.5266414685 0.9996663928031921 0.00829109502956265
2451669.566224653 1.001155376434326 0.0083125391975045
2451669.6071967203 0.9985561370849609 0.0083184232935309
2451669.646779903 0.998172640800476 0.0083186607807874
2451669.6870575277 1.0002275705337524 0.0083091668784618
2451669.7273351513 1.0003336668014526 0.0082991728559136
2451669.7676127753 1.0017033815383911 0.0083045782521367
2451669.807195957 0.9996615350246429 0.00832098908722395
2451669.846779137 0.9999746680259703 0.0083448980003595
2451669.8870567596 1.0007323026657104 0.0083576207980513
2451669.927334381 1.00177800655365 0.0083385054022073
2451669.9676120016 1.000203251838684 0.0083011798560619
2451670.007889622 0.9997276663780212 0.0082750217989087
2451670.0481672413 0.9988011121749876 0.0082708271220326
2451670.08844486 0.9954444766044616 0.0082703223451972
2451670.128722478 0.996164619922638 0.0082768118008971
2451670.169000096 0.9985849261283872 0.0082894526422023
2451670.209277713 1.0000499486923216 0.0082870349287986
2451670.249555329 0.9988781809806824 0.0082845240831375
2451670.2898329445 0.998396337032318 0.0082715190947055
2451670.3301105592 0.9990010857582092 0.0082705300301313
2451670.370388173 0.9955382347106932 0.0082642519846558
2451670.410665786 0.9964860081672668 0.0082768956199288
2451670.4509433983 0.9913027882575988 0.008281578309834
2451670.4912210093 0.9943519234657288 0.0083102043718099
2451670.53149862 0.9969878196716307 0.0083508882671594
2451670.571776229 1.0011942386627195 0.0083771646022796
2451670.612053838 1.0006312131881712 0.0084040351212024
2451670.6523314454 1.0026295185089111 0.0084126992151141
2451670.692609052 0.9993991255760192 0.008407698944211
2451670.732886658 0.999795913696289 0.0084075257182121
2451670.7731642625 1.003040075302124 0.0084234960377216
2451670.813441866 1.0003930330276487 0.0084373876452445
2451670.8537194687 1.0058400630950928 0.0084593081846833
2451670.893997071 1.0025895833969116 0.0084618721157312
2451670.934274671 1.0010875463485716 0.0084459837526083
2451670.9738578293 1.0024561882019043 0.0084224725142121
2451671.0134409866 1.0017075538635252 0.0084009701386094
2451671.053718584 1.001979112625122 0.0083865709602832
2451671.09399618 1.0046123266220093 0.0084000956267118
2451671.1342737754 1.0024919509887695 0.0084165781736373
2451671.1745513696 1.0047427415847778 0.0084322923794388
2451671.2148289625 1.006558179855347 0.0084410486742854
2451671.255106554 1.005895495414734 0.0084297908470034
2451671.295384145 1.0025149583816528 0.008410713635385
2451671.335661734 1.0028328895568848 0.0083889635279774
2451671.3759393217 1.003468871116638 0.0083753867074847
2451671.4162169085 1.002375602722168 0.0083754230290651
2451671.456494495 1.0054833889007568 0.0083785634487867
2451671.496772079 1.0052093267440796 0.0083893965929746
2451671.537049662 1.005603551864624 0.0084122065454721
2451671.577327244 1.0055426359176636 0.0084354579448699
2451671.6176048247 1.0071585178375244 0.0084487600252032
2451671.6578824036 1.0101051330566406 0.008448839187622
2451671.6981599815 1.0077916383743286 0.0084454743191599
2451671.7384375585 1.0075761079788208 0.0084497649222612
2451671.778715134 1.0070704221725464 0.0084729762747883
2451671.818992708 1.0069663524627683 0.0084967818111181
2451671.859270281 1.009073257446289 0.0085167167708277
2451671.899547852 1.0113154649734497 0.0085353543981909
2451671.939825422 1.0094646215438845 0.0085158832371234
2451671.9801029908 1.009268879890442 0.0084931338205933
2451672.0203805584 1.0070698261260986 0.0084595391526818
2451672.064130328 1.0086792707443237 0.00843843026086685
2451672.101630129 1.0062613487243652 0.008429522160440649
2451672.137741048 1.0084136724472046 0.00842735264450305
2451672.1787130507 1.0073697566986084 0.008434752933681
2451672.2203794923 1.0078378915786743 0.0084350761026144
2451672.261351492 1.0094044208526611 0.008420769590884399
2451672.300934609 1.0104947090148924 0.0084034334868192
2451672.341212165 1.0082571506500244 0.0083807120099663
2451672.3814897193 1.0098310708999632 0.0083655649796128
2451672.4210728323 1.0071115493774414 0.0083651896566152
2451672.461350384 1.0071976780891418 0.008371948730200501
2451672.5037112557 1.0093194246292114 0.0083918534219264
2451672.5432943637 1.0104385614395142 0.0084164473228156
2451672.582877471 1.0057910680770874 0.0084317261353135
2451672.6231550165 1.0075589418411257 0.0084426840767264
2451672.66273812 1.0064738988876343 0.0084407259710133
2451672.703710104 1.0075621604919431 0.0084366705268621
2451672.743987645 1.0116320848464964 0.0084417527541518
2451672.784265185 1.0078730583190916 0.0084425332024693
2451672.824542723 1.0100855827331543 0.0084684779867529
2451672.86482026 1.0069621801376345 0.00847705360502
2451672.905097795 1.0093746185302734 0.0084853312000632
2451672.945375329 1.0055274963378906 0.0084688542410731
2451672.9863473014 1.0066015124320984 0.00844060163944955
2451673.025235952 1.008755385875702 0.0084118801169097
2451673.066207921 1.0063145160675049 0.0083863977342844
2451673.106485449 1.0056393146514893 0.0083652781322598
2451673.146068535 1.0063220858573914 0.0083573050796985
2451673.1870404994 1.0058295726776123 0.0083538359031081
2451673.2273180224 1.0003342628479004 0.0083476863801479
2451673.266901104 0.9652635753154755 0.0083075850270688
2451673.3064841833 0.9502400755882264 0.008276549167931
2451673.3467617016 0.9611217379570008 0.0082558011636137
2451673.387039218 0.995616376399994 0.0082660820335149
2451673.4273167336 1.0005842447280884 0.008253252133727
2451673.467594247 1.0025936365127563 0.0082596540451049
2451673.5078717587 1.0019556283950803 0.0082744769752025
2451673.548149269 1.0037360191345217 0.0082949148491024
2451673.588426778 1.0020244121551511 0.0083197942003607
2451673.6287042852 1.000623345375061 0.0083363018929958
2451673.6689817905 1.0018866062164309 0.0083518764004111
2451673.709259295 1.0033286809921265 0.0083573656156659
2451673.749536797 1.002624750137329 0.0083551881834864
2451673.7898142976 0.9992753863334656 0.0083548631519079
2451673.8300917963 1.000496506690979 0.0083663491532206
2451673.870369294 1.0016655921936035 0.0083692483603954
2451673.91064679 0.998198628425598 0.0083520347252488
2451673.950924284 0.9980583190917968 0.0083349300548434
2451673.991201777 0.9971696138381958 0.0083055822178721
2451674.031479268 0.9973332881927488 0.0082731861621141
2451674.071756757 0.997349977493286 0.0082533778622746
2451674.1120342445 0.996563971042633 0.0082385158166289
2451674.1523117307 0.9967952966690063 0.0082342009991407
2451674.192589215 0.9955500960350036 0.0082338461652398
2451674.232866698 1.0000823736190796 0.0082296011969447
2451674.273144179 0.996928870677948 0.008220856077969
2451674.3134216582 0.996685802936554 0.0081987380981445
2451674.353699136 0.9951156377792358 0.0081728100776672
2451674.3932821727 0.9964497685432434 0.00814292905852195
2451674.4328652085 0.9979956150054932 0.0081372437998652
2451674.473142681 0.9941200613975524 0.0081427851691842
2451674.5134201525 0.997976779937744 0.0081601068377494
2451674.5536976224 0.9938623309135436 0.0081825796514749
2451674.59397509 0.9933606386184692 0.0082133095711469
2451674.634252556 0.9936643242836 0.0082315383478999
2451674.6745300204 0.9943177700042723 0.0082444297149777
2451674.714807484 0.99515563249588 0.008246524259448
2451674.755084945 0.9960497617721557 0.0082444408908486
2451674.795362404 0.9945250749588012 0.0082373647019267
2451674.8356398623 0.9937296509742736 0.0082466099411249
2451674.8759173183 0.9947362542152404 0.0082493843510746
2451674.916194773 0.9930890798568724 0.0082354601472616
2451674.9564722255 0.9938820600509644 0.0082150604575872
2451674.9967496768 0.9935584664344788 0.0081904381513595
2451675.037027126 0.9937683939933776 0.0081630600616335
2451675.0773045737 0.9910369515419006 0.0081384805962443
2451675.1175820203 0.9930314421653748 0.0081292334944009
2451675.1578594646 0.99071604013443 0.0081146014854311
2451675.198136907 0.988580048084259 0.0081174811348319
2451675.238414348 0.9909923672676086 0.0081110093742609
2451675.2786917877 0.9882946014404298 0.0081010404974222
2451675.318969225 0.9892763495445251 0.0080808587372303
2451675.359246661 0.990771234035492 0.0080651771277189
2451675.3995240955 0.988982319831848 0.008051099255681
2451675.444662597 0.9876312613487244 0.008048625197261499
2451675.480078959 0.9912150204181671 0.00805660523474215
2451675.520356388 0.9896152019500732 0.0080734547227621
2451675.560633816 0.9931513667106628 0.008082915097475
2451675.599522365 0.9898880124092102 0.0080987820401787
2451675.6397997886 0.9927093386650084 0.0081131821498274
2451675.6800772115 0.991840064525604 0.00811502430588
2451675.7203546325 0.9933657050132751 0.0081143788993358
2451675.760632051 0.9920572638511655 0.0081088785082101
2451675.8009094684 0.993411898612976 0.008110674098134
2451675.8411868843 0.9933487772941588 0.0081155486404895
2451675.8814642983 0.9937267899513244 0.008117695339024
2451675.9217417105 0.9931648969650269 0.008108478039503
2451675.9620191213 0.9909899830818176 0.0080936243757605
2451676.00229653 0.9924979209899902 0.0080743832513689
2451676.042573937 0.9922000765800476 0.0080453921109437
2451676.082851343 0.984890341758728 0.00802584271878
2451676.123128747 0.9882518053054808 0.008006821386516
2451676.163406149 0.9895694851875304 0.0080028623342514
2451676.203683549 0.990768015384674 0.0079946089535951
2451676.2439609477 0.9907820224761962 0.0079932790249586
2451676.2842383455 0.9933818578720092 0.0079823900014162
2451676.3245157404 0.9920819997787476 0.0079676629975438
2451676.364793134 0.994359254837036 0.007956014946103
2451676.4050705265 0.9935941100120544 0.0079446099698543
2451676.4453479163 0.996024489402771 0.0079385386779904
2451676.4856253047 0.993483066558838 0.0079396069049835
2451676.5259026918 0.9957299828529358 0.0079470034688711
2451676.5661800774 0.995307207107544 0.0079559702426195
2451676.6064574607 0.9971513152122496 0.0079679600894451
2451676.646734842 1.0001847743988037 0.007975373417139
2451676.6863177847 0.9962542951107024 0.0079786400310695
2451676.725900726 0.9983777403831482 0.0079801157116889
2451676.7661781027 0.9981008172035216 0.0079678716138005
2451676.8064554776 1.0011980533599851 0.0079645318910479
2451676.846732851 0.9978780150413512 0.0079646669328212
2451676.8870102228 1.0010246038436887 0.0079679582267999
2451676.927287593 1.0045461654663084 0.0079660173505544
2451676.9675649614 1.0012224912643433 0.0079501001164317
2451677.007842328 1.0032455921173096 0.0079391850158572
2451677.048119693 1.004837155342102 0.0079232575371861
2451677.0883970563 1.0049465894699097 0.0079131489619612
2451677.128674418 1.004647135734558 0.0079033803194761
2451677.168951778 1.0035414695739746 0.0079016489908099
2451677.2092291364 1.007885217666626 0.0079011535272002
2451677.249506493 1.0060495138168335 0.0078957574442029
2451677.289783848 1.0072462558746336 0.0078852111473679
2451677.330061201 1.0060352087020874 0.0078749097883701
2451677.3703385526 1.0049749612808228 0.0078613208606839
2451677.410615903 1.006842851638794 0.0078500043600797
2451677.450893251 1.0083940029144287 0.0078416122123599
2451677.4911705977 1.0044531822204588 0.0078446147963404
2451677.531447943 1.0078980922698977 0.0078428704291582
2451677.571725286 1.0074968338012695 0.0078519387170672
2451677.612002628 1.0088859796524048 0.0078595522791147
2451677.6522799674 1.009522557258606 0.0078631844371557
2451677.6925573065 1.0090442895889282 0.0078602628782391
2451677.7328346428 1.0087573528289795 0.0078600160777568
2451677.7731119776 1.0125205516815183 0.0078562637791037
2451677.813389311 1.0115965604782104 0.0078471731394529
2451677.8529722067 1.009774088859558 0.00783892069011925
2451677.8925551 1.0112709999084473 0.0078379064798355
2451677.9328324283 1.0087733268737793 0.0078303879126906
2451677.973109755 1.0127081871032717 0.007825662381947
2451678.0133870807 1.010553240776062 0.0078124990686774
2451678.053664404 1.0101726055145264 0.0078059914521872
2451678.0939417263 1.0103341341018677 0.007797310128808
2451678.1342190467 1.0095384120941162 0.0077920001931488
2451678.1744963652 1.00642192363739 0.00778079777956
2451678.2147736824 1.00983726978302 0.0077813169918954
2451678.255050998 1.011781930923462 0.0077762552537024
2451678.295328312 1.0093857049942017 0.0077697415836155
2451678.335605624 1.009929656982422 0.0077635142952203
2451678.3758829352 1.010514736175537 0.0077587529085576
2451678.416160244 1.0101970434188845 0.007758040446788
2451678.4564375514 1.0107169151306152 0.0077511211857199
2451678.4967148574 1.01112699508667 0.0077516715973615
2451678.536992162 1.0066996812820437 0.00775344716385
2451678.5772694647 1.007597804069519 0.007752007804811
2451678.6175467656 1.0077227354049685 0.0077532324939966
2451678.657824065 1.0083893537521362 0.007753659505397
2451678.698101363 1.0089149475097656 0.0077559542842209
2451678.7383786594 1.006738781929016 0.0077529880218207
2451678.778655954 1.0117900371551511 0.0077494382858276
2451678.8237943 1.0078493356704712 0.007746092043817
2451678.8592105396 1.0068960189819336 0.0077421506866812
2451678.8994878293 0.9792287945747375 0.0077165057882666
2451678.9397651176 0.9574527144432068 0.007690055295825
2451678.980042405 0.9649189710617064 0.0077011324465274
2451679.0196252544 0.9968295693397522 0.0077251002658158
2451679.0592081025 1.0068175792694092 0.0077352710068225
2451679.099485385 1.0038385391235352 0.0077264546416699
2451679.139762666 1.007285237312317 0.0077234450727701
2451679.180039945 1.0056216716766355 0.0077231852337718
2451679.2203172226 1.0054315328598022 0.0077172606252133
2451679.2605944993 1.003603458404541 0.0077102174982428
2451679.300871774 1.0051476955413818 0.0077132056467235
2451679.3411490475 1.0038321018218994 0.0077012493275105
2451679.3814263195 1.0046807527542114 0.0077019506134092
2451679.4217035896 1.0032864809036257 0.0076957521960139
2451679.461980858 1.0023874044418335 0.0076958700083196
2451679.502258125 1.001360535621643 0.0076920785941183
2451679.542535391 0.9989657998085022 0.0076871048659086
2451679.5828126553 1.0004887580871582 0.0076884622685611
2451679.623089918 1.00140380859375 0.007689076475799
2451679.6633671797 1.0003366470336914 0.0076841954141855
2451679.7036444396 1.00207257270813 0.0076888664625585
2451679.7439216976 1.0002074241638184 0.0076820524409413
2451679.7841989547 0.999341368675232 0.007682716473937
2451679.8244762104 0.9995102286338806 0.0076816887594759
2451679.8647534642 0.9999525547027588 0.007680513896048
2451679.9050307167 1.0004307031631468 0.0076845902949571
2451679.9453079677 0.9978859424591064 0.0076793283224105
2451679.9855852174 1.000290870666504 0.0076817898079752
2451680.0258624656 0.9990800023078918 0.0076819160021841
2451680.066139712 0.9987433552742004 0.0076850815676152
2451680.106416958 0.9994661211967468 0.0076806722208857
2451680.145999766 0.9958693385124207 0.0076827739831059495
2451680.1855825735 0.9996709823608398 0.0076833418570458
2451680.225859815 1.0015686750411987 0.0076856766827404
2451680.266137054 0.9985523819923402 0.0076826233416795
2451680.3064142927 1.0010054111480713 0.0076822321861982
2451680.3466915293 1.0001254081726074 0.007676132954657
2451680.386968765 0.9972760677337646 0.0076793539337813
2451680.4272459988 0.9993711709976196 0.0076800468377768
2451680.467523231 0.9963783025741576 0.0076795988716185
2451680.5078004627 0.9980590939521788 0.0076805781573057
2451680.5480776923 0.9968881011009216 0.0076726879924535
2451680.5883549205 0.9966192245483398 0.0076766717247664
2451680.628632147 0.9942035675048828 0.0076737045310437
2451680.6689093728 0.997190237045288 0.0076733739115297
2451680.709186597 0.9963474869728088 0.0076741124503314
2451680.749463819 0.9933191537857056 0.007672170177102
2451680.78974104 0.9955698251724244 0.0076723876409232
2451680.83001826 0.9938684105873108 0.0076726423576474
2451680.8702954776 0.994115114212036 0.0076716383919119
2451680.910572694 0.9942110180854796 0.0076749539002776
2451680.95084991 0.9955263137817384 0.0076700150966644
2451680.991127123 0.9924156069755552 0.0076697552576661
2451681.0314043346 0.9957021474838256 0.0076691359281539
2451681.071681545 0.994214415550232 0.0076674935407936
2451681.111958754 0.993455946445465 0.0076749408617615
2451681.152235961 0.995824098587036 0.0076696355827152
2451681.192513166 0.995391011238098 0.00767521886155
2451681.23279037 0.9954235553741456 0.0076706232503056
2451681.273067571 0.9936140775680542 0.0076749008148908
2451681.3126503364 0.9924843907356262 0.0076666183304041
2451681.3522331 0.9949733018875122 0.0076615298166871
2451681.392510296 0.9952241778373718 0.0076565849594771
2451681.432787489 0.9980984926223754 0.0076509155333042
2451681.47306468 0.9966793656349182 0.0076642460189759
2451681.513341869 0.9960226416587828 0.0076676127500832
2451681.553619055 1.0001263618469238 0.0076731983572244
2451681.5938962386 0.9982555508613584 0.0076773217879235
2451681.6341734193 0.9983609318733216 0.0076767015270888
2451681.6744505963 0.99810653924942 0.0076734526082873
2451681.7147277696 0.9930533170700072 0.0076699336059391
2451681.755004939 0.990846276283264 0.0076687056571245
2451681.795282105 0.9962717294692992 0.007667520083487
2451681.835559266 0.9967737793922424 0.0076802084222435
2451681.8758364217 0.997769057750702 0.0076764640398323
2451681.916113572 1.00068998336792 0.0076804356649518
2451681.956390716 1.0001182556152344 0.0076758819632232
2451681.996667853 1.0041437149047852 0.0076791201718151
2451682.0369449826 1.0038659572601318 0.0076829143799841
2451682.0772221033 1.000961661338806 0.0076851435005664
2451682.117499214 0.9999780058860778 0.0076873106881976
2451682.155693016 0.9995086491107941 0.00768909533508115
2451682.2008311315 1.0045036077499387 0.0076987813226878
2451682.238330477 1.0062545537948608 0.0076978094875812
2451682.278607536 1.0082464218139648 0.0077036898583173
2451682.3188845795 1.0057989358901975 0.0077047049999237
2451682.350828429 1.0035771131515503 0.0077075948938727
2452036.298681371 1.0054014921188354 0.0059391818940639
2452036.332708939 1.0059212446212769 0.0059392726980149
2452036.372986468 1.0046734809875488 0.0059375651180744
2452036.413263996 1.0021432638168335 0.0059354687109589
2452036.4535415233 1.0061863660812376 0.0059342430904507
2452036.49312461 1.002987563610077 0.0059318027924746
2452036.532707696 1.0026390552520752 0.0059337927959859
2452036.5729852202 1.0021392107009888 0.0059307855553925
2452036.6132627446 1.0043492317199707 0.0059295250102877
2452036.653540268 1.0007140636444092 0.0059274886734783
2452036.693817791 1.0028235912322998 0.0059302696026861
2452036.7340953127 1.0005239248275757 0.0059237829409539
2452036.774372834 1.0007983446121216 0.005923883523792
2452036.814650354 1.00250244140625 0.0059252390637993
2452036.854927874 1.0022616386413574 0.0059229028411209
2452036.8952053925 0.9997099637985228 0.0059219081886112
2452036.935482911 1.0018744468688965 0.0059240022674202
2452036.975760428 1.001392841339111 0.0059241666458547
2452037.0160379442 0.9994848966598512 0.0059224921278655
2452037.05631546 0.9953420758247375 0.0059182699769735
2452037.0965929744 0.9947945475578308 0.0059154941700398
2452037.136870488 0.9928843975067138 0.0059135504998266
2452037.177148001 0.9987210631370544 0.0059190210886299
2452037.2174255126 1.000429391860962 0.0059230136685073
2452037.257703024 1.0004194974899292 0.0059206425212323
2452037.2979805334 0.9995151758193968 0.005920810624957
2452037.3382580425 0.9993321299552916 0.005918298382312
2452037.3785355506 0.9995723366737364 0.0059192241169512
2452037.4195074975 1.0000313818454742 0.005916718160733501
2452037.459090563 0.998403549194336 0.0059158694930374
2452037.4993680683 0.99947988986969 0.0059185777790844
2452037.5389511324 0.9989401400089264 0.00591889815405005
2452037.5799230747 1.0009646415710447 0.0059195971116423
2452037.6195061365 1.0004151463508606 0.00592077383771535
2452037.6590891974 1.0016533136367796 0.0059204208664596
2452037.6993666966 0.9999740719795228 0.0059211095795035
2452037.7396441945 0.999831974506378 0.005921124946326
2452037.779921692 0.9980472922325134 0.0059217321686446
2452037.8201991874 0.9989486932754515 0.0059227827005088
2452037.8604766824 0.996046781539917 0.0059203272685408
2452037.9007541756 0.9989780187606812 0.0059225438162684
2452037.941031668 0.9998314380645752 0.0059262025170028
2452037.9813091587 0.998174250125885 0.0059248660691082
2452038.0215866487 0.9978938102722168 0.0059245564043521
2452038.0618641367 0.998742699623108 0.0059270849451422
2452038.1021416243 0.998436450958252 0.0059269885532557
2452038.14241911 1.0003048181533811 0.0059334184043109
2452038.182696595 1.0006802082061768 0.0059351925738155
2452038.222974078 1.0013352632522583 0.0059376247227191
2452038.26325156 1.0007071495056152 0.0059352279640734
2452038.3035290404 0.999433696269989 0.005932661704719
2452038.34380652 0.9970940947532652 0.0059324447065591
2452038.3840839975 0.99784517288208 0.0059323399327695
2452038.4243614743 0.9950205683708192 0.0059309508651494
2452038.4646389494 0.9978766441345216 0.0059352219104766
2452038.5049164235 0.9995074868202208 0.0059377681463956
2452038.5451938957 0.998051106929779 0.0059411828406155
2452038.585471367 0.9980247020721436 0.0059466259554028
2452038.6257488364 0.9971956014633178 0.0059468899853527
2452038.666026305 0.9977981448173524 0.0059496560133993
2452038.7063037716 0.99702650308609 0.0059498357586562
2452038.7465812373 0.9968352913856504 0.0059508988633751
2452038.786164262 0.9977963864803314 0.00595488888211545
2452038.8257472855 0.9990262985229492 0.005957125686109
2452038.866024747 0.9982022643089294 0.0059543782845139
2452038.906302206 0.9989435076713562 0.0059568043798208
2452038.9465796645 0.9991793632507324 0.0059547023847699
2452038.9868571213 0.9987894892692564 0.0059531666338443
2452039.027134577 0.9970053434371948 0.005952744744718
2452039.06741203 0.9971515536308287 0.0059516313485801
2452039.1076894826 0.9984995126724244 0.0059548718854784
2452039.147966933 0.999654233455658 0.0059588239528238
2452039.188244383 0.996439218521118 0.0059596290811896
2452039.22852183 0.9992784261703492 0.0059603084810078
2452039.2687992766 0.9968594312667848 0.0059574167244136
2452039.3090767213 1.000035047531128 0.0059571750462055
2452039.3493541647 0.9982694983482362 0.0059536411426961
2452039.389631606 0.9993529319763184 0.0059513794258236
2452039.4299090463 0.99634450674057 0.0059487842954695
2452039.4701864845 1.0000439882278442 0.0059527214616537
2452039.510463922 0.996768057346344 0.0059535917825996
2452039.5507413573 0.9949800372123718 0.0059524192474782
2452039.5910187913 0.9967172145843504 0.0059596057981252
2452039.6312962235 0.9974877834320068 0.0059626316651701
2452039.6715736547 0.9947178959846495 0.0059623271226882
2452039.7118510837 0.9986106753349304 0.0059694265946745
2452039.7521285117 0.9970782399177552 0.005969941150397
2452039.7924059373 0.9979470968246462 0.0059701330028474
2452039.832683362 0.9956605434417723 0.0059702545404434
2452039.8729607854 0.9686248302459716 0.0059362463653087
2452039.912543768 0.948155403137207 0.0059118377976119
2452039.95212675 0.9553810358047484 0.0059186243452131
2452039.992404168 0.9879469871520996 0.0059558390639722
2452040.032681585 0.9994996190071106 0.0059723518788814
2452040.0729589993 0.997546911239624 0.005970801692456
2452040.1132364133 0.9973379969596864 0.0059693437069654
2452040.1535138246 0.9983496665954588 0.0059742131270468
2452040.1937912353 1.0004422664642332 0.0059784543700516
2452040.234068644 0.9979753494262696 0.0059779821895062
2452040.274346051 1.001897931098938 0.0059812539257109
2452040.314623456 1.0003951787948608 0.005977421067655
2452040.3549008598 1.001346468925476 0.0059742415323853
2452040.3951782617 1.001677632331848 0.0059730554930865
2452040.4354556627 1.002230882644653 0.0059727351181209
2452040.4757330613 1.0023307800292969 0.0059750275686383
2452040.5160104586 1.0037020444869995 0.0059782434254884
2452040.5562878544 1.0028380155563354 0.0059831361286342
2452040.5965652484 1.004926681518555 0.0059908418916165
2452040.6368426406 1.002527952194214 0.0059945774264633
2452040.677120032 1.003284573554993 0.0059984414838254
2452040.7173974207 1.0063123703002927 0.0060039632953703
2452040.757674808 1.006480693817139 0.0060084448195993
2452040.7979521938 1.0070741176605225 0.006010013166815
2452040.8382295785 1.0047781467437744 0.0060140560381114
2452040.8785069613 1.0064055919647217 0.0060194139368832
2452040.918784342 1.0088423490524292 0.0060163820162415
2452040.9590617213 1.009118676185608 0.0060198847204446
2452040.9993390986 1.0099945068359375 0.0060150315985083
2452041.039616475 1.0083918571472168 0.0060120350681245
2452041.0791994114 1.0071386694908142 0.0060091097839175996
2452041.118782347 1.00751793384552 0.0060140807181596
2452041.159059718 1.0086143016815183 0.0060146395117044
2452041.1993370876 1.0065795183181765 0.0060161375440657
2452041.239614455 1.0097053050994873 0.0060202563181519
2452041.2798918216 1.0062134265899658 0.0060148718766868
2452041.3201691858 1.0090694427490234 0.0060112266801297
2452041.3604465486 1.0076892375946045 0.006007760297507
2452041.40072391 1.0088313817977903 0.0060038808733224
2452041.4410012695 1.0087336301803589 0.0060041532851755
2452041.481278627 1.0073328018188477 0.0060084527358412
2452041.5215559835 1.0067802667617796 0.0060138986445963
2452041.561833338 1.0080361366271973 0.0060251634567976
2452041.6021106914 1.0065622329711914 0.0060305604711174
2452041.642388042 1.0070122480392456 0.0060416660271584
2452041.6826653923 1.0061627626419067 0.0060469866730272
2452041.7229427397 1.0068033933639526 0.0060498085804283
2452041.763220086 1.0047580003738403 0.0060529639013111
2452041.803497431 1.0049262046813965 0.0060568158514797
2452041.843774774 1.0050888061523435 0.0060603977181017
2452041.884052116 1.0038634538650513 0.006062130909413
2452041.924329455 1.001892328262329 0.0060616182163357
2452041.9646067936 1.0033516883850095 0.0060609020292758
2452042.00488413 1.0016741752624512 0.0060546034947037
2452042.0451614647 1.0003563165664673 0.0060491356998682
2452042.0854387977 1.001044511795044 0.0060518151149153
2452042.1257161293 1.0009337663650513 0.006052344571799
2452042.165993459 0.9997379183769226 0.0060541164129972
2452042.205576351 0.9992053508758545 0.0060537864919751
2452042.2451592404 1.0006237030029297 0.0060555865056812
2452042.2854365655 0.9976380467414856 0.0060487217269837
2452042.331269382 0.9989331364631652 0.0060413028113544
2452042.3659912106 0.9973496198654176 0.006032196804881
2452042.4062685305 0.9969568848609924 0.0060302587226033
2452042.446545849 0.9967759251594543 0.0060291192494332
2452042.486823166 0.9961903691291808 0.0060361116193234
2452042.527100481 0.996487319469452 0.0060473601333796
2452042.5673777945 0.993350386619568 0.0060614268295466
2452042.6076551066 0.9975571036338806 0.0060855713672935
2452042.6479324168 0.9943019151687622 0.0060980203561484
2452042.6882097255 0.99384605884552 0.0061118346638977
2452042.7284870325 0.9935175776481628 0.0061195641756057
2452042.768764338 0.9923476576805114 0.0061255865730345
2452042.8090416417 0.994254410266876 0.0061352322809398
2452042.849318944 0.998737633228302 0.0061496249400079
2452042.889596245 0.997025787830353 0.006152244284749
2452042.9298735433 0.9972460865974424 0.006153920199722
2452042.970150841 0.9972058534622192 0.0061529399827122
2452043.0104281367 0.9967408180236816 0.0061512412503361
2452043.050705431 0.9962323307991028 0.0061494470573961
2452043.090982723 0.997632622718811 0.0061519844457507
2452043.131260014 0.9961387515068054 0.0061526726931333
2452043.1715373034 0.9997613430023192 0.0061588110402226
2452043.211814591 0.9974801540374756 0.0061597279272973
2452043.252091877 0.999668002128601 0.0061626462265849
2452043.292369162 0.9995331168174744 0.0061572971753776
2452043.332646445 0.997250556945801 0.0061496417038142
2452043.3722292907 1.0002420544624329 0.00615103193558745
2452043.4118121346 0.998534381389618 0.0061508384533226
2452043.452089413 1.0007007122039795 0.0061658401973545
2452043.4923666897 0.998161733150482 0.0061815669760108
2452043.532643965 1.0009132623672483 0.0062079257331788
2452043.5729212384 1.0018939971923828 0.0062384828925132
2452043.613198511 1.000713348388672 0.0062684696167707
2452043.653475781 0.998516857624054 0.0063005723059177
2452043.69375305 1.0018659830093384 0.0063262558542191
2452043.7340303175 1.0030913352966309 0.0063462886027991
2452043.7743075835 1.0021979808807373 0.0063667120411992
2452043.8145848475 1.002510666847229 0.0063827410340309
2452043.8548621107 1.0027606487274168 0.006396728567779
2452043.8951393724 0.999990165233612 0.0064129130914807
2452043.935416632 1.0027271509170532 0.0064149084500968
2452043.9756938904 1.0009582042694092 0.006406545639038
2452044.015971147 1.0025674104690552 0.0063939355313777
2452044.0562484027 1.0011225938796997 0.0063795815221965
2452044.096525656 1.0016169548034668 0.0063706929795444
2452044.1368029085 1.002736210823059 0.0063613168895244
2452044.177080159 1.0016005039215088 0.0063565531745553
2452044.2173574087 1.0021572113037107 0.0063578030094504
2452044.2576346565 1.0026943683624268 0.0063664908520877
2452044.2979119034 1.003509283065796 0.0063699716702103
2452044.338189148 1.0029374361038208 0.0063664796762168
2452044.3784663915 1.00503933429718 0.0063731814734637
2452044.418743633 1.0013138055801392 0.0063721449114382
2452044.4590208745 1.002628207206726 0.0063876709900796
2452044.4992981134 1.0049686431884763 0.0064043775200843
2452044.5388809163 1.0036727786064148 0.0064312489703297
2452044.578463717 1.0006468296051023 0.0064653721638023
2452044.618740952 1.0041669607162476 0.0065076141618192
2452044.6590181855 1.0038931369781494 0.0065465518273413
2452044.699295418 1.0063735246658323 0.0065824738703668
2452044.739572649 1.00471293926239 0.0066044270060956
2452044.7798498785 1.0072327852249143 0.00663473457098
2452044.8201271067 1.006411910057068 0.0066609298810362
2452044.860404333 1.007663369178772 0.0066909887827932
2452044.900681559 1.0072910785675049 0.006720480043441
2452044.9409587826 1.0097982883453367 0.0067374245263636
2452044.9812360057 1.0129424333572388 0.0067378585226833
2452045.021513227 1.0033434629440308 0.0067140697501599
2452045.061790447 1.006654977798462 0.0066960174590349
2452045.1020676657 1.00639009475708 0.0066740191541612
2452045.142344883 1.0032378435134888 0.0066613927483558
2452045.1826220993 1.003062725067139 0.0066545498557388
2452045.2228993145 1.0050172805786133 0.0066484343260526
2452045.263176528 1.0046451091766355 0.0066488166339695
2452045.3034537407 1.0007532835006712 0.0066486014984548
2452045.3437309517 1.0043962001800537 0.0066458852961659
2452045.384008162 1.0055915117263792 0.0066417474299669
2452045.424285371 1.0014975070953367 0.0066450582817196
2452045.4645625786 1.004277586936951 0.0066564576700329
2452045.504839785 0.980415105819702 0.0066492916084825
2452045.5451169903 0.955007553100586 0.0066532208584249
2452045.5853941943 0.9584389925003052 0.0067140632309019
2452045.6256713974 0.986025094985962 0.0068027861416339
2452045.656920951 1.001204252243042 0.00687540927901855
2452049.1728334706 0.9937328696250916 0.005884725600481
2452049.2047771 0.9988273978233336 0.0058922814205288
2452049.2450538487 0.996098220348358 0.0058892136439681
2452049.2853305964 0.9963940978050234 0.0058881733566522
2452049.325607342 0.9977182745933532 0.0058925356715917
2452049.3658840866 0.9984418749809264 0.0058906935155391
2452049.40616083 0.9980247020721436 0.0058900122530758
2452049.4464375726 0.9975277781486512 0.0058889626525342
2452049.4867143137 0.9970505237579343 0.0058907493948936
2452049.526991054 0.9993319511413574 0.0058928369544446
2452049.567267793 0.9989449977874756 0.0058924076147377
2452049.6075445316 0.9987642765045166 0.0058886860497295
2452049.6478212695 0.9972251653671264 0.0058885812759399
2452049.6880980055 1.0006753206253052 0.0058923312462866
2452049.7283747415 0.9994054436683656 0.0058904872275888
2452049.768651476 0.9994479417800904 0.0058907847851514
2452049.8089282103 1.001001238822937 0.0058918199501931
2452049.849204943 1.001378893852234 0.0058921528980135
2452049.8894816753 0.9987674355506898 0.0058918297290802
2452049.9297584067 0.9999574422836304 0.0058887717314064
2452049.970035137 1.000172138214111 0.0058919959701597
2452050.010311866 1.0004571676254272 0.005892380606383
2452050.050588595 1.0009653568267822 0.0058932527899742
2452050.0908653224 0.999213695526123 0.0058898678980767
2452050.1311420496 1.0000816583633425 0.0058911181986331
2452050.171418775 0.9985009431838988 0.00588820874691
2452050.2116955 1.0005584955215454 0.0058914953842759
2452050.2519722236 1.0015363693237305 0.0058938916772603
2452050.2922489466 1.0003821849822998 0.0058920355513691
2452050.331831242 0.999770313501358 0.00589068396948275
2452050.371413537 1.000113606452942 0.0058930423110723
2452050.411690256 1.002257227897644 0.0058938516303896
2452050.4519669753 1.0020997524261477 0.0058919033035635
2452050.4922436927 1.0017926692962646 0.0058934246189892
2452050.532520409 1.0029460191726685 0.0058921733871102
2452050.5727971247 1.0034668445587158 0.0058931219391524
2452050.6130738393 1.0040253400802612 0.0058923214673995
2452050.653350553 1.0005937814712524 0.0058900848962366
2452050.693627265 1.0003910064697263 0.0058874925598502
2452050.733903976 1.0018706321716309 0.0058926129713654
2452050.774180686 1.003025770187378 0.0058942777104675
2452050.8144573946 1.0024127960205078 0.0058921184390783
2452050.8547341023 1.0013079643249512 0.00589454267174
2452050.895010809 1.0048376321792605 0.0058953831903636
2452050.935287514 1.0017683506011963 0.0058924118056893
2452050.975564218 1.000456690788269 0.0058951056562364
2452051.0158409206 1.000033974647522 0.0058928825892508
2452051.0561176226 1.0005375146865845 0.0058946167118847
2452051.096394323 0.9997535347938536 0.005895999725908
2452051.136671022 0.9900712370872496 0.0058785281144082
2452051.1769477194 0.9579110145568848 0.0058436994440853
2452051.2172244163 0.9543412923812864 0.00583739252761
2452051.2575011114 0.9792300462722776 0.0058661545626819
2452051.297777806 0.9978886246681212 0.0058963811025023
2452051.338054498 1.0004271268844604 0.0058978949673473
2452051.37833119 1.0022335052490234 0.0059009790420532
2452051.41860788 1.0014125108718872 0.0059002875350415
2452051.4588845694 0.9995757937431335 0.0059010526165366
2452051.4984668307 1.0030152201652527 0.005906258244067399
2452051.5380490916 1.001455545425415 0.0059060920029878
2452051.578325777 1.0002534389495847 0.0059079332277178
2452051.6186024603 1.0003696680068968 0.0059108287096023
2452051.6588791427 1.002039074897766 0.0059130801819264
2452051.6991558233 0.9995136260986328 0.0059170350432395
2452051.739432503 1.000111103057861 0.0059166965074837
2452051.779709181 1.0006078481674194 0.0059201340191066
2452051.8199858577 0.9983386993408204 0.0059185558930039
2452051.860262533 1.0028905868530271 0.005923667922616
2452051.9005392073 1.0001403093338013 0.0059232828207314
2452051.9408158795 0.9993011951446532 0.0059204511344432
2452051.9810925513 1.0003409385681152 0.0059197628870606
2452052.0213692207 1.0014134645462036 0.0059187207370996
2452052.061645889 1.00172758102417 0.0059175882488489
2452052.101922556 1.0030415058135986 0.0059247203171253
2452052.142199222 1.002873778343201 0.0059250951744616
2452052.182475886 1.0019861459732056 0.0059258202090859
2452052.2227525488 1.002771258354187 0.0059263897128403
2452052.26302921 1.0008163452148435 0.0059235938824713
2452052.30330587 1.0025352239608765 0.0059229214675724
2452052.343582528 1.0036998987197876 0.0059237559325993
2452052.383859185 1.0050904750823977 0.0059251911006867
2452052.4241358405 1.0043946504592896 0.0059235412627458
2452052.4644124946 1.0017939805984497 0.0059232176281511
2452052.504689147 1.0062147378921509 0.0059301108121871
2452052.5449657985 1.0032057762145996 0.0059324502944946
2452052.585242448 1.004931092262268 0.0059350202791392
2452052.6255190964 1.0031284093856812 0.0059381583705544
2452052.665101318 1.005582332611084 0.0059422575868665495
2452052.7046835385 1.0052706003189087 0.0059461267665028
2452052.7449601823 1.0068200826644895 0.0059466627426445
2452052.785236825 1.0045862197875977 0.0059473579749464
2452052.825513466 1.0055729150772097 0.0059505933895707
2452052.865790105 1.002520203590393 0.0059490855783224
2452052.9060667427 1.0050286054611206 0.0059509249404072
2452052.946343379 1.0079104900360107 0.0059494022279977
2452052.986620014 1.0065007209777832 0.0059473649598658
2452053.026896647 1.0065966844558716 0.0059474846348166
2452053.0671732794 1.0065577030181885 0.0059489998966455
2452053.1074499097 1.0068259239196775 0.0059468406252563
2452053.1477265386 1.0062259435653689 0.0059529421851038
2452053.1880031656 1.0047309398651123 0.0059538260102272
2452053.228279792 1.0056092739105225 0.005953355692327
2452053.268556416 1.004572868347168 0.0059502297081053
2452053.3088330394 1.004186987876892 0.0059493207372725
2452053.3491096604 1.0041327476501465 0.0059480890631675
2452053.3893862804 1.0017238855361938 0.0059418552555143
2452053.429662898 1.006420850753784 0.0059464829973876
2452053.4699395155 1.0037466287612915 0.0059461677446961
2452053.5102161304 1.0014686584472656 0.005948428530246
2452053.5504927444 1.0013539791107176 0.0059534977190196
2452053.590769356 1.0043933391571045 0.0059607261791825
2452053.6310459673 1.002147197723389 0.0059626372531056
2452053.6713225762 1.002197265625 0.0059660412371158
2452053.7115991837 1.0029737949371336 0.0059721898287534
2452053.75187579 1.0012248754501345 0.0059707751497626
2452053.7921523945 1.00153911113739 0.0059752203524112
2452053.8317345735 0.9991716742515564 0.0059790373779833005
2452053.8713167505 0.9990174770355223 0.0059784119948744
2452053.911593351 1.0019327402114868 0.0059815966524183
2452053.951869949 0.9994689226150512 0.0059757838025689
2452053.9921465465 0.999623954296112 0.0059724114835262
2452054.0324231414 0.9932637214660645 0.005967189092189
2452054.0726997354 0.9990804195404052 0.0059711202047765
2452054.1129763275 1.0006972551345823 0.0059765921905636
2452054.1532529187 0.9996365904808044 0.0059772990643978
2452054.193529508 1.0016175508499143 0.0059835179708898
2452054.233806096 1.0004091262817385 0.0059831514954566
2452054.2740826816 0.996791124343872 0.0059749642387032
2452054.314359267 0.9990180134773254 0.005974484141916
2452054.3546358496 0.9962818026542664 0.0059704226441681
2452054.3949124315 0.9979673624038696 0.0059691960923373
2452054.4351890115 0.9978143572807312 0.0059683648869395
2452054.47546559 0.9962891936302184 0.005970983300358
2452054.515742167 0.998156487941742 0.0059792618267238
2452054.5560187427 0.9980777502059937 0.0059847948141396
2452054.5962953162 0.9978584051132202 0.0059962403029203
2452054.636571889 0.9992756247520448 0.006006184965372
2452054.6768484595 0.9966434240341184 0.0060117277316749
2452054.7171250293 0.9954038858413696 0.0060214754194021
2452054.7574015968 1.0011955499649048 0.0060322834178805
2452054.7976781633 0.997127830982208 0.0060348878614604
2452054.8379547284 0.998632311820984 0.0060381363146007
2452054.878231291 0.9969873428344728 0.0060394508764147
2452054.918507853 0.9963128566741944 0.0060377623885869
2452054.963645377 0.9990760684013367 0.00603571813553565
2452054.9983665487 0.9983460009098053 0.0060327104292809495
2452055.037948682 0.998165249824524 0.0060280924662947
2452055.0775308143 0.9967334568500519 0.0060324904043227
2452055.1185017917 0.9981740713119508 0.0060384324751794
2452055.1587783447 0.9951691031455993 0.006043295841664
2452055.1990548954 0.9994313716888428 0.0060485629364848
2452055.2393314457 0.9973081946372986 0.0060473135672509
2452055.279607993 0.9950665831565858 0.0060396227054297
2452055.31988454 0.997937560081482 0.0060313805006444
2452055.360161085 0.9971969723701476 0.006024626083672
2452055.400437629 0.998415470123291 0.0060221054591238
2452055.4407141707 0.9967060089111328 0.0060227122157812
2452055.480990711 0.9981051087379456 0.0060291080735623
2452055.52126725 0.9978993535041808 0.0060457373037934
2452055.561543788 0.9970669150352478 0.0060632820241153
2452055.6018203236 0.9971382021903992 0.0060846814885735
2452055.6420968585 1.0000125169754028 0.0061019281856715
2452055.6823733915 0.9988168478012084 0.0061137229204177
2452055.722649923 0.9999973773956298 0.0061248419806361
2452055.7629264537 0.9994906187057496 0.0061338073574006
2452055.803202982 1.0010470151901243 0.0061466810293495
2452055.8434795095 0.9986231327056884 0.0061518284492194
2452055.8837560345 0.9988525509834288 0.0061591905541718
2452055.924032559 0.9985507726669312 0.0061589810065925
2452055.9643090814 1.0016084909439087 0.0061580291949212
2452056.0045856033 1.001434564590454 0.0061540557071566
2452056.0448621227 1.001693606376648 0.0061531299725174
2452056.0851386413 1.0011584758758545 0.0061609945259988
2452056.125415158 1.0018514394760132 0.0061722341924905
2452056.164997251 1.0033137798309326 0.0061865688767284
2452056.2045793417 1.0016486644744873 0.0061923628672957
2452056.2448558547 1.0034053325653076 0.0061953081749379
2452056.2851323653 1.0015496015548706 0.0061867330223321
2452056.3254088755 1.0031245946884155 0.0061753187328577
2452056.3656853833 1.000849366188049 0.0061617097817361
2452056.4059618902 1.004010796546936 0.0061593009158968
2452056.4462383953 1.003438115119934 0.006169356405735
2452056.4865149 1.0015708208084106 0.0061865886673331
2452056.526791402 1.0047122240066528 0.0062187975272536
2452056.5670679035 1.0018609762191772 0.0062494473531842
2452056.6073444034 1.0039397478103635 0.0062855179421603
2452056.6476209015 1.004082441329956 0.0063212849199771
2452056.6878973986 1.003096580505371 0.0063461698591709
2452056.728173894 1.006025314331055 0.006370601709932
2452056.768450388 0.9970569014549256 0.0063819312490522
2452056.8087268807 0.962767958641052 0.006364258006215
2452056.8490033722 0.9572739005088806 0.0063783368095755
2452056.889279862 0.9751065969467164 0.0064130588434636
2452056.9295563507 1.0010441541671753 0.0064446395263075
2452056.969832838 1.008929133415222 0.0064394073560833
2452057.010109324 1.005096197128296 0.0064248023554682
2452057.0503858086 1.0061920881271362 0.0064107091166079
2452057.0906622917 1.0047996044158936 0.0064133564010262
2452057.1309387735 1.0029689073562622 0.0064229643903672
2452057.1712152543 1.0024220943450928 0.0064386818557977
2452057.2114917333 1.0068291425704956 0.0064511485397815
2452057.2517682114 1.0067323446273804 0.0064465524628758
2452057.2920446876 1.0044704675674438 0.0064305197447538
2452057.331626741 1.0052934288978577 0.00640693050809195
2452057.371208793 1.0018473863601685 0.0063864644616842
2452057.411485266 1.0039310455322263 0.0063769537955522
2452057.451761737 1.0028748512268066 0.0063881375826895
2452057.4920382076 1.003286600112915 0.0064196996390819
2452057.532314677 1.0035376548767088 0.0064691267907619
2452057.572591144 1.0045876502990725 0.0065205781720578
2452057.612867611 1.000827431678772 0.0065832370892167
2452057.653144076 1.0006250143051147 0.0066305184736847
2452057.69342054 0.9999873638153076 0.006675980053842
2452057.7336970028 1.0009328126907349 0.0067004947923123
2452057.7739734645 1.0001578330993652 0.0067259576171636
2452057.8142499244 0.9998511672019958 0.006752005778253
2452057.854526384 0.9979719519615172 0.0067811543121933
2452057.894802842 1.0009617805480957 0.0068039144389331
2452057.935079299 0.9994410276412964 0.0068060834892094
2452057.975355754 0.9993336200714112 0.0067954477854073
2452058.015632209 0.9977847337722776 0.0067723896354436
2452058.055908662 0.9982256293296814 0.0067576142027974
2452058.0961851142 0.9993934035301208 0.0067571303807199
2452058.1364615653 1.0014606714248655 0.0067823817953467
2452058.1767380154 1.0013957023620603 0.0068113799206912
2452058.217014464 1.000396728515625 0.0068353815004229
2452058.2572909123 1.000888705253601 0.0068391021341085
2452058.2975673587 0.9992101192474364 0.0068245120346546
2452058.3378438046 0.9994649291038512 0.0067920670844614
2452058.378120249 1.0032553672790527 0.0067688045091927
2452058.418396693 0.9997125267982484 0.0067629730328917
2452058.4586731354 1.0020140409469604 0.0067857764661312
2452058.4989495776 1.0004727840423584 0.0068255993537604
