2451410.9381199363 1.0015695691108704 0.0014616037369705498
2451411.027011784 1.0019307136535645 0.00146070990012955
2451411.104792147 1.0017153024673462 0.0014605641481466
2451411.183266971 1.0020023584365845 0.0014602339360862
2451411.261047321 1.0019394159317017 0.001460287370719
2451411.3409110657 1.0015295147895813 0.0014603031449950499
2451411.4186913995 1.0016653537750244 0.0014601718285120499
2451411.497860659 1.0016440749168396 0.00146028044400735
2451411.5777243758 1.001283049583435 0.0014601502334699
2451411.6568936156 1.0017064809799194 0.0014604985481128
2451411.7360628443 1.0009653568267822 0.0014601782895624
2451411.8145375964 1.0010939836502075 0.00146005133865395
2451411.8930123374 1.0008310079574585 0.0014602609444409
2451411.9721815344 1.0006577968597412 0.0014600295107811
2451412.052045187 1.0012122988700867 0.00146005430724465
2451412.1305198953 1.0003241300582884 0.0014599899295717
2451412.208994593 1.000705361366272 0.0014602445298805
2451412.2964973403 1.0003359913825989 0.00145948457065965
2451412.3687218204 0.986429750919342 0.0014530100161209499
2451412.4444186212 0.983959138393402 0.001451457850635
2451412.524976673 0.9844282865524292 0.0014522437704727
2451412.6034513167 0.9993959963321686 0.00145918258931485
2451412.683314881 1.0005946159362793 0.001460108323954
2451412.7617895026 1.0008055567741394 0.0014604052412322999
2451412.840264114 1.000882267951965 0.0014603901654481
2451412.91943318 1.0010632276535034 0.001460597733967
2451412.9986022357 1.0006203651428225 0.0014603945892304
2451413.0777712804 1.0008987188339231 0.0014602213632315
2451413.156245849 1.0010887384414673 0.0014606913900934
2451413.2326370133 1.0012465715408325 0.0014607297489419
2451413.3138894215 1.001247763633728 0.0014611907536163
2451413.393058425 1.0017443895339964 0.0014613046078011
2451413.4722274174 1.0016678571701048 0.0014615292893722
2451413.550701936 1.0018869638442993 0.00146128638880325
2451413.6291764434 1.0015560388565063 0.0014612084487453
2451413.7083454058 1.0018177032470703 0.0014614558313041
2451413.787514358 1.0012472867965698 0.0014609801582992
2451413.8666832997 1.001538872718811 0.0014610150828957
2451413.951407946 1.0016556978225708 0.0014611023943871
2451414.0264100824 1.0010637044906616 0.0014607335906475
2451414.1014122097 1.001272439956665 0.0014610941288992
2451414.1812755764 1.001332700252533 0.00146128755295645
2451414.261138933 1.0009640455245972 0.0014608987839892
2451414.340307816 1.000707507133484 0.0014607395278289
2451414.419476689 1.0007922649383545 0.001460553263314
2451414.498645552 1.0009300708770752 0.0014602489536628
2451414.576425479 1.0007115602493286 0.0014607571065425
2451414.6555943224 1.000383734703064 0.0014607403427362
2451414.734763157 1.0007719993591309 0.0014606687473133
2451414.813931982 0.9999576807022096 0.001460287021473
2451414.892406334 0.9998767375946045 0.0014603183954022
2451414.973658529 0.999786138534546 0.0014599447604268
2451415.050049473 0.9982431530952453 0.0014593234518542
2451415.129912723 0.998844176530838 0.00145951268495985
2451415.2097759633 0.9984943866729736 0.0014596931869164
2451415.2875558054 0.9995460510253904 0.0014596806140616
2451415.366030101 1.0000908970832827 0.0014604369061999001
2451415.4445043877 0.9999324083328248 0.0014608450001105
2451415.523673128 1.0002508163452148 0.0014605039032176
2451415.6028418583 1.000328779220581 0.0014607299817726
2451415.68201058 1.0003774166107176 0.0014603607123717
2451415.7611792916 1.0001552104949951 0.0014602212468162
2451415.839653532 1.0005765557289124 0.00146025785943485
2451415.9181277636 1.00091814994812 0.0014605140313506
2451415.997296448 1.0011051893234253 0.0014603448798879
2451416.076465123 1.0010430812835691 0.0014604788739234
2451416.1556337886 1.0009762048721311 0.001460337312892
2451416.2341079833 1.0009050369262695 0.00146030553150915
2451416.312582169 1.001047134399414 0.0014605550095438
2451416.3917508074 1.0010164976119995 0.0014601519796997
2451416.4709194363 1.001246690750122 0.001460512750782
2451416.5500880564 1.0015373229980469 0.00146052648779
2451416.629256667 1.0013970136642456 0.0014600998256355
2451416.7077308074 1.0017286539077759 0.00146045378642155
2451416.7862049383 1.0015287399291992 0.00146025698632
2451416.8653735216 1.0012502670288084 0.0014602204319089
2451416.9494033237 1.001152992248535 0.0014599345740862
2451417.0375998816 1.0009262561798096 0.0014599359128624
2451417.103573677 1.0013103485107422 0.00145978166256095
2451417.182047763 1.0005961656570437 0.0014596428954973
2451417.2535772314 1.0008191466331482 0.0014596161199733
2451417.334829143 1.0006656646728516 0.0014596155378967
2451417.419553348 1.0010515451431274 0.0014592505758628
2451417.4994163183 1.0007503628730774 0.00145957758650175
2451417.575806977 1.0013505816459656 0.0014597238623536499
2451417.6542810085 0.9915905594825744 0.0014551177155226
2451417.7327550305 0.9848534166812896 0.0014518552925437
2451417.8119235043 0.9847762286663055 0.0014516807859763
2451417.8917864286 0.9966009855270384 0.0014582514995709
2451417.970954884 1.0017998218536377 0.0014603059971705
2451418.04942887 1.001980483531952 0.0014601068105548
2451418.127902847 1.0019710063934326 0.0014603394083678
2451418.2070712745 1.0026756525039673 0.0014601841103285
2451418.285545233 1.0027506351470947 0.0014606162440031
2451418.365408102 1.0030040740966797 0.0014606164768338
2451418.4438820425 1.0033822059631348 0.0014607889461330501
2451418.486938536 1.002419650554657 0.00146079965634265
2451421.2307425826 0.997968018054962 0.0014440855011343
2451421.2862991123 0.9989460706710817 0.0014463521074503
2451421.364078246 0.9986339807510376 0.0014479898381978
2451421.443246283 0.9989161491394044 0.0014513700734823
2451421.5217198543 0.9988738298416138 0.00145402795169495
2451421.6008878723 0.9997351169586179 0.00145639525726435
2451421.6793614244 0.9996038675308228 0.0014583163429051
2451421.7585294237 1.0002899169921875 0.0014591871295124
2451421.8376974137 1.0004799365997314 0.0014602793380618
2451421.9168653945 1.0006393194198608 0.0014612501254305
2451421.996033367 1.0007038116455078 0.001462421612814
2451422.074506874 1.0003625154495237 0.0014621923910453
2451422.152980374 1.0004433393478391 0.0014625894837081
2451422.232148322 1.0004451274871826 0.0014675547135993
2451422.311316262 0.9998194575309752 0.0014812081353738
2451422.390484195 0.9994422793388368 0.0014967779861763
2451422.4689576672 0.9989911615848541 0.00151365977944805
2451422.5474311346 0.9984239339828492 0.0015339255332946
2451422.6134043997 0.9983973503112792 0.00155661179451265
2451424.559273065 0.9988299310207367 0.0014622954768128
2451424.6002461473 0.99933260679245 0.0014610741054639
2451424.679414473 0.9998400807380676 0.0014611451188102
2451424.757888335 0.9991505444049834 0.0014608673518523
2451424.8363621905 0.9995914101600648 0.001460725092329
2451424.9113637446 0.9990744590759276 0.0014605182223021
2451424.9940043376 0.9992627203464506 0.00146028160816055
2451425.071089251 0.9994370341300964 0.0014600513968616
2451425.152340906 0.9995811879634855 0.001460279978346
2451425.230814717 0.9994360208511353 0.0014599149581044
2451425.309982976 0.9994701743125916 0.0014602018054574
2451425.3891512235 0.9998368024826048 0.0014604363823309
2451425.46831946 1.000054121017456 0.001460294239223
2451425.546793227 0.9993571937084198 0.00146014930214725
2451425.625961441 0.9993762373924255 0.00145978527143595
2451425.7044351855 0.999112010002136 0.0014596724649891
2451425.7842978346 0.9991485178470612 0.00145976169733325
2451425.8627715562 0.9997090101242064 0.0014600250869989
2451425.941939724 1.0002658367156982 0.0014601302100345
2451426.021107881 1.000582218170166 0.0014605451142415
2451426.0995815685 1.0009471774101255 0.00146081909770145
2451426.178055245 1.0008045434951782 0.0014605208998546
2451426.257223367 1.0005123615264893 0.0014606269542127
2451426.3363914783 1.000677466392517 0.0014604482566937
2451426.4155595778 1.0009958744049072 0.0014605006435886
2451426.494033209 1.0007137656211853 0.00146070780465375
2451426.57250683 1.0011858940124512 0.001460985164158
2451426.651674896 1.0013247728347778 0.0014609029749408
2451426.730842951 1.0011693239212036 0.0014611983206123
2451426.8100109953 1.0012977123260498 0.0014609934296458
2451426.8891790286 1.0011624097824097 0.0014609752688556
2451426.967652594 1.001611590385437 0.0014614600804634
2451427.0461261496 1.0014511346817017 0.0014612715458497
2451427.1252941503 1.001850128173828 0.0014611799269914
2451427.2044621403 1.0018583536148071 0.0014613579260185
2451427.283630119 1.0019965171813965 0.0014611618826165
2451427.362798088 1.0019927024841309 0.0014608851633965
2451427.44127159 1.002158522605896 0.0014610215439461
2451427.519745082 1.0014127492904663 0.0014605015749111
2451427.6044686637 1.001312255859375 0.0014606151962652
2451427.6780809457 1.001322865486145 0.0014602721203118
2451427.757248862 1.0016809701919556 0.0014601679285988
2451427.8357223123 1.0005175471305847 0.0014598861453123
2451427.914195753 1.0012483596801756 0.00146020273678
2451427.9926691838 1.0003170967102053 0.0014597579138352999
2451428.072531514 1.000355243682861 0.0014594483654946
2451428.1523938337 1.0003127455711365 0.0014592881780117
2451428.2308672336 0.9995853900909424 0.0014585107564926
2451428.308646169 0.9846953749656676 0.0014513396890833
2451428.387814004 0.9830015897750854 0.0014501742552965
2451428.466981828 0.9852939844131468 0.0014515739167109
2451428.5461496427 1.0000278949737549 0.0014587193727493
2451428.624622993 0.9997821450233457 0.0014585708267985998
2451428.7037907876 1.0001626014709473 0.0014587070909328
2451428.7829585727 1.000625967979431 0.0014588859630748
2451428.861431893 1.0010501146316528 0.0014589240308851
2451428.9405996585 1.000518560409546 0.0014587878249585
2451429.0197674134 1.0006649494171145 0.0014587227487936
2451429.0989351585 1.00101637840271 0.0014589729253202
2451429.17740844 1.0007626414299011 0.0014589654747396
2451429.2558817123 1.0010757446289062 0.0014590960927307
2451429.335049428 1.0013327598571775 0.0014590084319934
2451429.4142171345 1.0017257928848269 0.0014593661762773
2451429.4933848307 1.0018233060836792 0.0014590711798518
2451429.572552517 1.0016614198684692 0.0014593082014471
2451429.6510257404 1.001567780971527 0.001459302729927
2451429.729498955 1.001578450202942 0.0014590841019526
2451429.8086666125 1.0015487670898435 0.0014590092469006
2451429.8878342602 1.0018858909606931 0.0014590451028198
2451429.9670018987 1.00156569480896 0.001459143590182
2451430.046169527 1.0015590190887451 0.0014590175123885
2451430.124642693 1.0011869668960571 0.0014588109333999
2451430.2031158498 1.0016286373138428 0.0014588370686396
2451430.282283449 1.000882267951965 0.0014588016783818
2451430.361451039 1.0006334781646729 0.0014585971366614
2451430.44061862 1.000415563583374 0.001458222977817
2451430.5190917384 1.0004668831825256 0.00145849672844625
2451430.602426013 1.0004151463508606 0.0014586407341994
2451430.676732399 1.0000766515731812 0.0014585995813831
2451430.755899941 1.0002747774124143 0.0014587026089429
2451430.8350674734 1.0000483989715576 0.0014585254248231
2451430.914234996 0.999505877494812 0.0014582375297322
2451430.9927080576 0.9994391798973083 0.0014582479489035501
2451431.071181109 0.9996590614318848 0.0014584371820092
2451431.1503486033 0.9997751116752625 0.0014585045864805
2451431.229516088 1.0003430843353271 0.0014587515033781
2451431.3086835626 1.0006585121154783 0.0014586324105039
2451431.387851028 1.0002425909042358 0.0014587886398658
2451431.4663240323 1.0001513957977295 0.00145866902312255
2451431.5447970266 1.0005980730056765 0.0014590508071705
2451431.623964463 1.000391721725464 0.0014590895734727
2451431.70313189 1.0005700588226318 0.0014587607001885
2451431.7822993067 1.0004417896270752 0.0014587950427085
2451431.8607722633 1.0008335709571838 0.00145879777846855
2451431.9392452105 1.0008795261383057 0.0014589076163247
2451432.0184125984 1.0011988878250122 0.0014592095976695
2451432.097579977 1.0006648302078247 0.0014590233331546
2451432.176747346 1.001110792160034 0.0014594753738492
2451432.255914705 1.0013041496276855 0.0014594629174098
2451432.3343876037 1.001611351966858 0.00145949900615955
2451432.4128604927 1.001420497894287 0.0014596035471186
2451432.492027823 1.0014654397964475 0.0014597957488149
2451432.571195143 1.0013433694839475 0.0014595433603972
2451432.650362453 1.001725435256958 0.0014596763066947
2451432.729529754 1.001152753829956 0.0014595586108043
2451432.8080025944 1.0009867548942566 0.00145925342803815
2451432.886475425 1.000979781150818 0.0014592607039958
2451432.9656426967 1.0006011724472044 0.0014593184459954
2451433.0448099575 1.0006946325302124 0.0014594371896237
2451433.1239772085 1.0007226467132568 0.0014595398679375
2451433.2024500007 1.000535488128662 0.0014598185662179999
2451433.2809227826 1.0006515979766843 0.0014593824744224
2451433.360090004 0.999662697315216 0.0014588170452043
2451433.4392572152 1.000075340270996 0.0014588409103453
2451433.5184244164 0.999692976474762 0.0014586725737899
2451433.602452751 0.9854343235492706 0.00145171629264945
2451433.6760643395 0.9835165441036223 0.0014509606407954998
2451433.7545370623 0.9846692085266112 0.0014512450434267
2451433.833704223 0.9989720582962036 0.0014584776945412
2451433.912871374 1.0002351999282837 0.0014593218220397
2451433.9920385145 1.0004318952560425 0.0014589803759008
2451434.0712056444 1.0005111694335935 0.0014589740894734
2451434.149678316 1.0005331635475159 0.00145894830347965
2451434.2281509773 1.0005437135696411 0.0014590586069971
2451434.307318077 1.000701665878296 0.001458941726014
2451434.386485166 1.0003472566604614 0.0014587814221158
2451434.4656522446 1.0008950233459473 0.0014589696656912
2451434.5441248645 1.001389503479004 0.00145910441642625
2451434.622597474 1.0012757778167725 0.0014592200750485
2451434.701764521 1.0013196468353271 0.0014593516243621
2451434.7809315585 1.0014044046401975 0.0014592871302738
2451434.860098584 1.00135338306427 0.0014593852683901
2451434.9392655995 1.0013477802276611 0.0014592874795198
2451435.017738157 1.0010702013969421 0.0014592067454941
2451435.096210704 1.001278519630432 0.0014591985382139
2451435.175377688 1.0013421773910522 0.0014593261294066
2451435.254544661 1.0010300874710083 0.0014590703649446
2451435.333711623 1.0011636018753052 0.0014591867802664
2451435.4128785753 1.0010532140731812 0.0014590942300856
2451435.4920455166 1.0013415813446045 0.0014592638472095
2451435.569823554 1.0011695623397827 0.0014590319478884
2451435.6489904737 1.000698447227478 0.001458930899389
2451435.728157384 1.0008759498596191 0.0014589999336749
2451435.8073242838 1.0002592802047727 0.0014586746692657
2451435.886491173 1.0006425380706787 0.0014589574420824
2451435.9649636066 1.0002935528755188 0.00145862874342125
2451436.043436031 0.9997849464416506 0.0014585696626454
2451436.1226028916 0.999744176864624 0.0014584029559046
2451436.201769744 0.9996721148490904 0.0014605276519432
2451436.280936588 0.9984970688819884 0.0014720852486789
2451436.3594089784 0.9980685710906982 0.00149008224252605
2451436.4378813626 0.9985661506652832 0.0015162834897637
2451436.517048187 0.999269962310791 0.0015492724487558
2451436.558020489 0.9988547265529633 0.00156621925998475
2451438.1983056488 0.9990698993206024 0.0015138262533582
2451438.2524727248 1.0007929801940918 0.0014773876173421
2451438.3316399883 1.001951038837433 0.0014481506659648502
2451438.4108072487 1.0020914673805237 0.00142721959855405
2451438.4906689525 1.0022650361061096 0.0014250378008
2451438.5691417493 1.002600908279419 0.00142501090886065
2451438.6490034363 1.0016053915023804 0.0014248515944927
2451438.7267817655 1.0012576580047607 0.0014246952487155
2451438.805948983 1.001603603363037 0.001424349960871
2451438.8844217397 0.9898490905761718 0.0014183350722305
2451438.9663667297 0.985183149576187 0.0014161090948617999
2451439.043450565 0.9847794771194458 0.0014164282474666
2451439.121228838 0.9985010623931884 0.0014228883665055
2451439.201090445 1.0014254450798035 0.0014245616621337
2451439.2788686934 1.001774787902832 0.0014246573555283001
2451439.3587302756 1.0017369985580444 0.0014244724297896
2451439.4378973967 1.0017904043197632 0.0014244831399992
2451439.516370057 1.0012046694755554 0.0014244854100979002
2451439.594842706 1.0018634796142578 0.0014250389067456
2451439.67400979 1.0016191005706787 0.0014248243533074
2451439.7531768624 1.0016770362854004 0.0014245887286961
2451439.832343922 1.0016402006149292 0.0014248209772631
2451439.91151097 1.0016311407089231 0.0014250354142859
2451439.989983558 1.0015614032745361 0.00142482487717635
2451440.0684561348 1.001731514930725 0.0014245555503293
2451440.147623147 1.0018191337585447 0.0014246760401874
2451440.2267901474 1.0021349191665647 0.0014248158549889
2451440.305957136 1.0020126104354858 0.0014247066574171
2451440.384429666 1.0015300512313843 0.0014245185884646499
2451440.462902185 1.001636981964111 0.0014243816258385
2451440.5420691394 1.0011301040649414 0.0014246334321796
2451440.6212360817 1.0009138584136963 0.0014241979224607
2451440.7004030137 1.000900387763977 0.0014242426259443
2451440.779569934 1.0007683038711548 0.0014240621821954
2451440.8580423966 1.0006198287010193 0.0014241504250094
2451440.9365148484 1.0007145404815672 0.0014239310985431
2451441.0073483796 1.000523567199707 0.0014238724252209
2451441.0906819343 1.0018353462219238 0.0014237781288102
2451441.1774877077 1.0018898844718933 0.0014241150929592
2451441.249015655 1.001049518585205 0.0014238413423299
2451441.334432513 1.0010895133018494 0.0014239529264159
2451441.410821562 1.0009501576423645 0.0014237362192943
2451441.4920717217 1.0009247064590454 0.0014236816205084
2451441.567071859 1.0000495910644531 0.0014234245754778
2451441.647627551 0.9994882345199586 0.0014233568217605
2451441.7260998962 0.9992585778236389 0.00142297876300285
2451441.8045722307 1.0000805854797363 0.0014237659052014
2451441.88235011 0.9998921751976012 0.0014236121205613
2451441.96290576 1.0001412630081177 0.0014238801086321
2451442.041378063 1.0001182556152344 0.0014237673603929501
2451442.1212392473 0.9999945759773254 0.0014238629955798
2451442.1997115305 1.0003204345703125 0.0014236941351554499
2451442.278183803 1.0000841617584229 0.0014240485616028
2451442.357350511 1.0002338886260986 0.0014241324970498
2451442.4365172083 1.0006520748138428 0.0014243742916733
2451442.515683896 1.0009146928787231 0.0014244340127333
2451442.594850573 1.0008387565612793 0.001424518879503
2451442.673322796 1.0010281801223755 0.0014249056112021
2451442.7517950083 1.0011669397354124 0.0014251924585551
2451442.830961656 1.0006132125854492 0.001424845890142
2451442.9101282926 1.0011279582977295 0.0014249378582462
2451442.9892949197 1.0008645057678225 0.001424653106369
2451443.0684615364 1.0008083581924438 0.0014244446065276
2451443.1469336995 1.0005217790603638 0.00142425467493005
2451443.225405853 1.000955581665039 0.0014242783654481
2451443.3045724398 1.0004894733428955 0.0014243912883102
2451443.383739017 1.000067949295044 0.0014241897733882
2451443.4629055844 1.0000640153884888 0.0014241436729207
2451443.5413776985 1.000317931175232 0.0014241054304875
2451443.6198498025 1.0000524520874023 0.0014241819735616
2451443.6990163405 1.0000829696655271 0.0014242875622585
2451443.7781828684 0.9994386434555051 0.0014240356395021
2451443.8573493864 0.9996320009231568 0.0014239442534744
2451443.9365158943 0.999413251876831 0.0014237310970202
2451444.0052657486 0.9997597932815552 0.00142374809365715
2451444.0962377666 1.000296711921692 0.0014232002431526
2451444.1740153595 0.9951553940773008 0.001421044464223
2451444.251792943 0.9837689399719238 0.0014149770140647
2451444.330959402 0.983253538608551 0.0014144843444228
2451444.4101258516 0.9903570413589476 0.0014180057914927
2451444.4885978485 0.9996016323566436 0.0014233880210667502
2451444.567069836 0.999644935131073 0.0014233264373615
2451444.646236256 1.0001038312911987 0.0014234129339456
2451444.7254026667 0.9999647140502927 0.0014234420377761
2451444.804569067 1.000223159790039 0.0014234440168365
2451444.883041016 1.0003970265388489 0.0014233148540370002
2451444.9615129544 1.0011168718338013 0.0014236090937629
2451445.040679326 1.000572919845581 0.0014236079296097
2451445.119845687 1.0008355379104614 0.0014236710267141
2451445.1990120388 1.0014269351959229 0.0014236889546737
2451445.2781783803 1.0013587474822998 0.0014235682319849
2451445.3566502705 1.001882553100586 0.0014236847637221
2451445.4351221514 1.001626968383789 0.0014238172443583
2451445.514288464 1.0015746355056765 0.0014240015298128
2451445.5934547666 1.0013723373413084 0.0014236618299037
2451445.6726210588 1.0013325214385986 0.0014236606657505
2451445.7517873417 1.0016686916351318 0.0014236859278753
2451445.830259173 1.0016602277755737 0.0014238980365916501
2451445.9087309954 1.0009291172027588 0.0014237362192943
2451445.9878972485 1.0010676383972168 0.0014233706751838
2451446.067063492 1.0009795427322388 0.0014234902337193
2451446.1462297253 1.0009500980377195 0.0014234947739169
2451446.224701508 1.0009797811508179 0.00142338767182075
2451446.303173281 1.000779390335083 0.0014234720729291
2451446.3823394845 1.000592827796936 0.0014232330722734
2451446.4615056776 1.0008573532104492 0.0014236285351216
2451446.5406718613 1.0004423856735227 0.0014229457592591
2451446.6198380343 1.000255107879639 0.0014230085071176
2451446.6983097577 1.000016838312149 0.0014227215433493
2451446.776781471 1.0001734495162964 0.001422694302164
2451446.855947614 0.9990184903144836 0.0014225575141608
2451446.9351137467 0.99979966878891 0.0014222696190699
2451447.0066410336 0.9999608099460602 0.0014221701421774499
2451447.093445982 1.0002830028533936 0.0014228459913283
2451447.171917645 1.000039130449295 0.0014229111257009
2451447.2503892975 1.0003522634506223 0.0014232966350391
2451447.329555379 1.0002208948135376 0.0014232962857931
2451447.4087214507 1.0004045963287351 0.001423314330168
2451447.4878875115 1.000467538833618 0.0014235932612791
2451447.567053562 1.0004774332046509 0.0014239404117688
2451447.645525163 1.0012486577033997 0.0014244753401725999
2451447.723996754 1.0007531642913818 0.001424265676178
2451447.803162773 1.001389503479004 0.0014243616024032
2451447.8823287818 1.001073718070984 0.0014246648643165
2451447.9614947797 1.00136399269104 0.0014248811639845
2451448.039966329 1.0015698075294495 0.00142539467196905
2451448.118437867 1.0015754699707031 0.0014250295935198
2451448.1976038334 1.0019645690917969 0.00142551981844
2451448.2767697885 1.0016785860061643 0.0014256029389798
2451448.355935733 1.0017307996749876 0.0014255396090447
2451448.4351016665 1.001657009124756 0.001425712252967
2451448.5135731515 1.0017793774604797 0.0014258188894018002
2451448.592044626 1.0012260675430296 0.0014256910653784
2451448.671210527 1.001230239868164 0.0014258509036153
2451448.7503764173 1.0010499954223633 0.001425847527571
2451448.8295422965 1.0012036561965942 0.0014259607996791
2451448.9087081645 1.0012284517288208 0.0014259396120905
2451448.987179585 1.0011810660362241 0.0014257659204303498
2451449.065650994 1.0012257099151611 0.0014259276213124
2451449.14481683 1.0011006593704224 0.0014257947914302
2451449.223982655 1.0005897283554075 0.0014257144648581
2451449.3031484694 1.0007054805755615 0.0014256685972213
2451449.3816198367 1.0003820061683655 0.00142546097049485
2451449.4600911937 0.9993594288825988 0.0014248368097469
2451449.539256978 0.9850024580955504 0.0014174685347825
2451449.6184227522 0.9845342040061952 0.001416900078766
2451449.697588518 0.987358808517456 0.001418306492269
2451449.7767542745 1.0014877319335935 0.0014249852392822
2451449.8552255877 1.0018616914749146 0.0014250284293666
2451449.9336968944 1.001788020133972 0.0014249453088268
2451450.008001578 1.0022691488265991 0.0014407959533855
2451450.0663342252 1.001808226108551 0.00149544654414055
2451451.5947927 0.9989442825317384 0.0014836200280115
2451451.6704867026 0.9993860423564911 0.00144654820905995
2451451.7482640226 0.9998017847537994 0.00142546242568635
2451451.8281246573 0.9996935725212096 0.0014230937231332
2451451.9065964036 1.0001047253608704 0.0014230567030608
2451451.9871514607 1.000292718410492 0.00142331741517405
2451452.0670120674 1.0006766319274902 0.0014232747489586
2451452.1454837825 0.9993680715560912 0.00142300227889785
2451452.222566607 0.9994680881500244 0.0014228650834411
2451452.3017327385 0.9994059205055236 0.0014230028027668
2451452.3802044187 0.99999138712883 0.001423027832061
2451452.4600649653 1.001011848449707 0.0014234250411391
2451452.5385366203 1.0007427334785461 0.00142322177998715
2451452.617008263 1.0009509325027464 0.001423533889465
2451452.6961743324 1.0009182691574097 0.0014234125846996
2451452.775340389 1.001020908355713 0.0014235450653359
2451452.8545064335 1.0009483098983765 0.0014236725401133
2451452.9336724654 1.0010654926300049 0.001423695590347
2451453.012144046 1.001443862915039 0.0014235871494747499
2451453.090615615 1.0014114379882812 0.001423644949682
2451453.1697816094 1.001409649848938 0.001423581270501
2451453.2489475925 1.0011980533599851 0.0014237097930163
2451453.3281135634 1.0012298822402954 0.0014236355200409
2451453.4072795226 1.001685619354248 0.0014235596172511
2451453.485751032 1.0013391375541687 0.0014235030976124
2451453.564222529 1.001837968826294 0.0014236454153433
2451453.643388453 1.0015270709991455 0.001423938316293
2451453.7225543656 1.0017757415771484 0.0014236390125006
2451453.801720266 1.0012840032577517 0.0014238930307328
2451453.880191718 1.0011267066001892 0.00142410118132825
2451453.958663159 1.0012842416763303 0.0014244058402255
2451454.037829026 1.000778555870056 0.0014239862794056
2451454.1169948825 1.0005369186401367 0.0014237386640161
2451454.196160727 1.0009855031967163 0.0014234266709536
2451454.275326561 1.0014206171035769 0.0014229769585654
2451454.353797947 1.0019493103027344 0.00142250716453415
2451454.4322693227 1.0025131702423096 0.0014226922066882
2451454.511435124 1.002163648605347 0.0014222403988242
2451454.5836565476 1.0007565021514893 0.0014223456382751
2451454.6697666952 0.9995689392089844 0.001422248315066
2451454.7489324645 0.9994609355926511 0.0014226154889911
2451454.8274037875 0.9843652546405792 0.00141491857357315
2451454.9058750994 0.9827154874801636 0.0014140319544821
2451454.985040838 0.9842002391815184 0.0014146869070827
2451455.0642065657 0.9992335438728333 0.001421793596819
2451455.1433722833 0.9994759559631348 0.0014221876626834
2451455.22253799 0.9995202422142028 0.001422181725502
2451455.3010092517 0.9994620382785797 0.0014221174060366501
2451455.3794805026 0.9999865293502808 0.0014222734607756
2451455.458646179 0.9997590184211732 0.0014223890611901
2451455.537811846 1.0001091957092283 0.0014224159531295
2451455.6169775026 1.0001280307769775 0.0014225522754713
2451455.6954487134 1.0005760788917542 0.0014226162456907
2451455.773919915 1.00045907497406 0.0014227282954379
2451455.8530855416 1.0007190704345703 0.001422721426934
2451455.932251158 1.0006567239761353 0.0014226860366761
2451456.011416765 1.0007708072662351 0.001422680565156
2451456.090582362 1.001117706298828 0.0014230012893676
2451456.169053514 1.000738799571991 0.0014225469785742
2451456.2475246564 1.0011689662933347 0.0014228170039132
2451456.326690224 1.0007888078689575 0.0014228267828002
2451456.405855782 1.0014426708221436 0.0014230608940124
2451456.48502133 1.0013434886932373 0.0014226703206077
2451456.5641868683 1.0016322135925293 0.0014229774242267
2451456.642657962 1.0011494159698486 0.0014227012870832501
2451456.7211290468 1.0009949207305908 0.0014223674079403
2451456.800294556 1.001654028892517 0.001422241795808
2451456.879460056 1.0030730962753296 0.0014225568156689
2451456.9586255457 1.0028308629989624 0.0014222875470295
2451457.037791026 1.0025691986083984 0.0014223085017874
2451457.1162620625 1.0024912357330322 0.0014220150769688
2451457.1947330902 1.0025430917739868 0.001422002329491
2451457.273898542 1.0020354986190796 0.001422204542905
2451457.353063984 1.0020855665206907 0.0014217420248314
2451457.4322294164 1.0019956827163696 0.0014219661243259
2451457.510700406 1.0015841126441956 0.0014214743860065
2451457.584310352 0.9999257624149323 0.0014215841074474
2451457.66833679 0.9993987679481504 0.001422002329491
2451457.7475021845 1.000177979469299 0.0014226355124264
2451457.8266675696 1.0001266002655027 0.0014222873141989
2451457.905832945 0.999657392501831 0.0014224926708266
2451457.9843038777 1.0000613927841187 0.0014223509351721998
2451458.0627748016 1.0004498958587646 0.0014224307378754
2451458.1419401485 1.0005304813385008 0.0014224802143871
2451458.221105486 1.0004262924194336 0.0014226969797164
2451458.300270814 1.0004189014434814 0.0014225024497136
2451458.3794361325 1.0007550716400146 0.0014227490173652
2451458.457907009 1.0010055899620056 0.0014228110085241
2451458.536377876 1.0014114379882812 0.0014229073422029
2451458.6155431657 1.000723361968994 0.0014225698541849
2451458.6947084465 1.0008825063705444 0.0014224651968106
2451458.7738737175 1.0012654066085815 0.0014225434279069
2451458.8523445465 1.0011277198791504 0.00142222322756415
2451458.9308153666 1.0007039308547971 0.0014224206097424
2451459.009980609 1.0006842613220217 0.0014223719481378
2451459.089145842 0.999838590621948 0.0014222462195903
2451459.1683110655 1.000227451324463 0.0014222241006791
2451459.2474762793 0.9999635815620422 0.0014222047757357
2451459.325947052 1.0002387166023254 0.0014224991318768998
2451459.404417815 1.0002577304840088 0.0014219898730516
2451459.483583 1.0002214908599851 0.0014221179299056
2451459.5627481756 1.0007119178771973 0.0014224044280126
2451459.6419133414 1.0001547336578367 0.001422090572305
2451459.7210784974 1.0006471872329712 0.001422303263098
2451459.7995492127 1.0009716749191284 0.0014223721809684502
2451459.8780199187 1.0013059377670288 0.0014224518090486
2451459.957185046 1.000467538833618 0.0014222939498722
2451460.036350163 1.0008407831192017 0.0014217989519238
2451460.1155152707 0.9866678714752196 0.0014148767804726
2451460.1946803685 0.9846317768096924 0.0014131474308669
2451460.273151026 0.9854997992515563 0.00141372357029465
2451460.351621674 0.9998723268508912 0.0014208781067281
2451460.4307867424 1.0013365745544431 0.0014215996488928
2451460.5099518006 1.0014193058013916 0.0014213781105354
2451460.584255838 1.000735580921173 0.0014214509283192
2451460.6675874577 0.9994117319583894 0.00142139219678935
2451460.7460580566 0.99981552362442 0.0014217133866623
2451460.825223075 0.9996795058250428 0.001421880791895
2451460.9043880836 0.9995452165603635 0.0014217861462384
2451460.983553082 1.0004588365554807 0.0014220668235793
2451461.0627180706 0.999994933605194 0.0014219803269952
2451461.1411886187 1.0003939270973206 0.00142212066566565
2451461.2196591576 1.0001214742660522 0.0014219533186405
2451461.298824115 1.0007164478302 0.0014221421442925
2451461.3779890626 1.0007840394973757 0.0014223972102627
2451461.4571539992 1.000452160835266 0.0014222542522475
2451461.5363189257 1.0002634525299072 0.0014223060570657
2451461.614789413 1.000930666923523 0.00142252322984855
2451461.6932598893 1.000322341918945 0.0014222671743482
2451461.7724247845 1.00081729888916 0.0014223341131582
2451461.851589669 1.0009186267852783 0.0014221986057236
2451461.930754543 1.000665307044983 0.0014222258469089
2451462.0099194054 1.000223159790039 0.0014222190948203
2451462.0883898293 1.0001382231712341 0.0014222058816812499
2451462.1668602424 1.000288009643555 0.0014219084987416
2451462.246025073 0.999921441078186 0.0014219303848221
2451462.3251898927 0.9996395111083984 0.0014218492433428
2451462.4043547013 1.000117778778076 0.0014219571603462
2451462.4828250706 0.9998537600040436 0.00142187514575195
2451462.5612954297 1.000116229057312 0.0014213331742212
2451462.6404602057 0.9999086260795592 0.0014213705435395
2451462.7196249706 1.0004026889801023 0.0014208944048732
2451462.7987897242 0.9994183182716369 0.0014205013867467
2451462.877954467 0.9993438720703124 0.0014205453917384
2451462.956424772 0.9999883174896238 0.00142076343763615
2451463.0348950666 1.000550389289856 0.0014211976667866
2451463.1140597784 1.0001728534698486 0.0014208944048732
2451463.19322448 1.000988245010376 0.0014212448149919
2451463.272389172 1.001107096672058 0.0014211935922503
2451463.351553855 1.0013471841812132 0.0014212117530405
2451463.4300241033 1.001264750957489 0.00142100063385435
2451463.508494345 1.001660108566284 0.0014211812522262
2451463.58279802 1.0010082125663757 0.00142652308568355
2451463.650851851 1.0007141828536987 0.0014803835074417
2452144.544825257 0.9861024022102355 0.0014439920778385501
2452144.6135774753 0.9846732020378112 0.0014430906740017001
2452144.6913577477 0.9859599471092224 0.0014432570897042
2452144.7705269363 1.000047206878662 0.0014507321175187
2452144.8490016405 1.0013704895973206 0.00145116902422155
2452144.926781861 1.0014673471450806 0.0014510054024867
2452145.0066454625 1.001271367073059 0.0014511081390082
2452145.08581458 1.0014870166778564 0.0014510034816339
2452145.1649836795 1.001415729522705 0.0014509782195091
2452145.2441527615 1.0013973712921145 0.0014509473694488
2452145.322627361 1.0022003650665283 0.00145116698695345
2452145.401101944 1.0017542839050293 0.0014514540089294
2452145.4802709757 1.0018118619918823 0.0014513139612972
2452145.559439991 1.002197027206421 0.0014513144269585
2452145.6386089907 1.0026421546936035 0.0014513310743495
2452145.71708351 1.002258837223053 0.0014513520873151
2452145.7955580144 1.00218665599823 0.0014512785710394
2452145.8747269684 1.0022318363189695 0.0014513165224343
2452145.953895908 1.0022811889648435 0.0014511860208585
2452146.0330648324 1.0017797946929932 0.0014511632034555
2452146.112233743 1.0020581483840942 0.0014512974303215
2452146.190708176 1.0021848678588867 0.0014513222267851
2452146.2691825954 1.0020761489868164 0.0014514520298689
2452146.348351465 1.0020641088485716 0.0014510499313473
2452146.427520321 1.002505660057068 0.0014513914939016
2452146.506689165 1.0019532442092896 0.0014510737964883
2452146.5858579953 1.0014013051986694 0.0014510294422507
2452146.66433235 1.0014892220497131 0.0014509847969747499
2452146.742806692 1.001583695411682 0.0014504301361739
2452146.8219754854 1.0006897449493408 0.001450388575904
2452146.9011442666 1.0006438493728635 0.0014501959085464
2452146.9803130357 1.0009726285934448 0.0014505664585158
2452147.05878733 1.0004096627235413 0.0014499570825137
2452147.137261613 0.999832570552826 0.0014497439842671
2452147.216430347 0.9998064637184144 0.0014492509653791
2452147.2955990694 0.9995989799499512 0.0014493942726403
2452147.374767781 0.999662399291992 0.0014493409544229
2452147.4539364805 1.000365138053894 0.0014498272212222
2452147.5324107073 1.0009728074073792 0.0014499858953058498
2452147.6108849226 1.0008388757705688 0.0014497817028313
2452147.6900535896 1.000754714012146 0.0014500661054626
2452147.7685277844 1.000606119632721 0.00144991843262685
2452147.848390891 1.0006463527679443 0.0014498498057946
2452147.9275595257 1.0008416175842283 0.0014501117402687
2452148.0060336883 1.0011967420578003 0.0014500437537208
2452148.08450784 1.0007699728012085 0.0014497996307909
2452148.1629819823 1.0010895133018494 0.0014501403784378999
2452148.2428450366 1.0012935400009155 0.0014500652905553
2452148.3220136194 1.001585841178894 0.0014501682016998
2452148.4004877303 1.0014953017234802 0.0014502294361591
2452148.4789618314 1.0020052194595337 0.0014502175617963
2452148.558130384 1.001115083694458 0.0014498913660645
2452148.6372989262 1.0013139247894287 0.0014500590041279
2452148.7164674583 1.0007156133651731 0.0014499173266813
2452148.7956359806 1.0006572008132937 0.0014500407269224
2452148.874110033 1.0011756420135498 0.00144990446278825
2452148.952584075 1.000694155693054 0.0014495712239295
2452149.0317525677 1.0009437799453735 0.0014495780924335
2452149.110921051 1.0008046627044676 0.0014496059156954
2452149.1900895247 1.000718355178833 0.0014498494565486
2452149.2685635285 1.0000669956207275 0.0014494180213659499
2452149.3470375226 0.9999343752861024 0.0014493453782051
2452149.4262059676 1.0001254081726074 0.0014495833311229
2452149.5053744027 1.00025475025177 0.0014493053313344
2452149.5845428286 1.0005797147750854 0.0014492989284917
2452149.663711245 1.0004446506500244 0.0014494821662083
2452149.742185192 0.9997880160808563 0.0014493321650661
2452149.8206591303 0.9920324087142944 0.0014448976144194
2452149.8998275185 0.9848918318748474 0.0014413661556318
2452149.9789958973 0.9841268062591552 0.0014412289019674
2452150.0581642673 0.9966187477111816 0.0014471858739852
2452150.1373326275 1.0009647607803345 0.0014493158087134
2452150.2158065196 1.0007096529006958 0.00144918984733515
2452150.2942804024 1.0011769533157349 0.0014492671471089
2452150.373448735 1.0014014244079588 0.0014492976479232
2452150.4526170585 1.0020240545272827 0.001449582283385
2452150.531785373 1.0014307498931885 0.0014492913614958
2452150.6102592195 1.0011212229728699 0.00144972640555345
2452150.688733057 1.0016080141067505 0.0014501934638246
2452150.767901344 1.001849055290222 0.0014497522497549
2452150.8470696225 1.001834750175476 0.0014495918294414
2452150.931793559 1.0014326572418213 0.001449525123462
2452151.0054061515 1.0013046264648435 0.0014502995181828
2452151.083879944 1.0008224844932556 0.0014500879333354
2452151.1623537275 1.00095534324646 0.0014499927638098
2452151.2415219606 1.0011930465698242 0.0014499413082376
2452151.3199957265 1.0006725788116455 0.00144988857209675
2452151.4005528577 1.000844359397888 0.0014499775716103002
2452151.479026606 1.0009225606918335 0.0014502276899293
2452151.557500345 1.0006847977638247 0.0014499999233521
2452151.6359740756 1.0006701946258545 0.0014501094119623
2452151.7151422547 1.0008002519607544 0.0014500520192086
2452151.7936159675 1.0003539323806763 0.00144981493940575
2452151.873478587 0.9998289346694944 0.0014496878720819
2452151.9519522814 0.9997246563434601 0.0014495233772322
2452152.030425968 0.9993739128112794 0.0014495146460831
2452152.109594103 0.998953640460968 0.0014491059118881
2452152.188762229 0.9990626573562622 0.0014494801871478
2452152.2679303456 0.9985111355781556 0.0014492532936856
2452152.347098454 0.998537003993988 0.0014492666814476
2452152.4255720964 0.9985808432102203 0.0014492199989035001
2452152.50404573 0.9974114298820496 0.0014487364096567
2452152.5832138117 0.997509241104126 0.0014485775027424
2452152.6623818846 0.997972011566162 0.0014490515459328
2452152.7415499487 0.999308168888092 0.0014494395582005
2452152.820718004 0.9989778995513916 0.0014494725037366
2452152.8991915938 0.9996207654476164 0.00144937139702955
2452152.9776651748 0.9990835189819336 0.0014497437514364
2452153.056833204 0.999439775943756 0.0014496650546789
2452153.1360012237 0.9998522996902464 0.0014498664531856
2452153.2151692347 1.0000091791152954 0.0014499529497697
2452153.2936427807 0.9998921453952788 0.0014500286197289
2452153.3721163184 1.0002549886703491 0.0014501531841233
2452153.4512843033 1.0004024505615234 0.0014503666898235
2452153.5304522794 1.000480890274048 0.0014503920683637
2452153.6096202466 1.000571846961975 0.0014504054561257
2452153.688788205 1.0012319087982176 0.0014505742583423
2452153.767261699 1.0014399886131287 0.0014506934094242
2452153.845735184 1.0012091398239136 0.0014509434113278
2452153.924903116 1.0010851621627808 0.0014508637832477
2452154.0040710396 1.0012904405593872 0.0014508904423564
2452154.0832389537 1.0017378330230713 0.0014507668092846
2452154.1624068595 1.0010533332824707 0.001450479729101
2452154.240880301 1.0010502338409424 0.0014507326995953
2452154.3193537346 1.0013761520385742 0.0014508289750665
2452154.3985216143 1.0015040636062622 0.001450901501812
2452154.477689485 1.0010783672332764 0.0014508431777358
2452154.5568573475 1.001673936843872 0.0014507606392726
2452154.635330746 1.0009732842445374 0.00145081669325005
2452154.713804136 1.0013303756713867 0.0014506086008623
2452154.7929719724 1.000634789466858 0.0014507055748254
2452154.8721398003 1.0013595819473269 0.0014507860178127
2452154.9513076195 1.0010164976119995 0.0014509564498439
2452155.0304754297 1.0009721517562866 0.0014510650653392
2452155.1089487774 0.9989555180072784 0.00145020539639515
2452155.1874221168 0.9846829175949096 0.0014431530144065
2452155.266589902 0.9848621487617492 0.0014430339215323
2452155.3457576786 0.9875874519348145 0.0014449206646531
2452155.4249254474 1.0013786554336548 0.0014519569231197
2452155.504093208 1.0014704465866089 0.0014518543612211
2452155.582566506 1.001226544380188 0.00145218451507385
2452155.661039796 1.00210440158844 0.0014532315544784
2452155.7402075324 1.0024847984313965 0.001452955417335
2452155.819375261 1.0024925470352173 0.0014536046655848
2452155.8985429816 1.0027910470962524 0.0014543229481205
2452155.9770162413 1.0029657483100891 0.00145731825614345
2452156.0554894945 1.003034591674805 0.0014623610768467
2452156.1346571934 1.0029605627059937 0.0014682237524539
2452156.213824886 1.0025957822799685 0.0014724773354828
2452156.292992572 1.0019954442977903 0.0014783040387555
2452156.3721602517 1.0009899139404297 0.0014891782775521
2452156.4506334728 0.9998955130577087 0.0015062062302604
2452156.529106688 0.9985743761062622 0.0015270503936335
2452156.608274353 0.997631549835205 0.0015411233762279
2452156.687442014 0.998216152191162 0.0015539454761892
2452156.7298036553 0.9988255500793456 0.001566732651554
2452158.8971985527 1.0003716945648191 0.0014499485259875
2452158.9763667216 1.0014944076538084 0.0014502251287922
2452159.055534875 1.000895857810974 0.0014498705277219
2452159.1340085543 1.0017547011375427 0.0014503844431601
2452159.2124822163 1.001317858695984 0.0014497186057269
2452159.291650318 1.0012184381484983 0.0014495658688247
2452159.371512859 1.000887155532837 0.0014494325150735
2452159.449986468 1.0011683702468872 0.001449295785278
2452159.529154516 1.001225829124451 0.0014493218623101
2452159.6076280903 1.0012251138687134 0.00144930946407835
2452159.686101647 1.0016721487045288 0.0014491110341623
2452159.764575187 1.0016093254089353 0.0014490634202956498
2452159.844437622 1.001615285873413 0.0014492068439722
2452159.923605584 1.0014564990997314 0.0014488146407529
2452160.0020790747 1.0014802813529968 0.00144889712100845
2452160.080552549 1.0010677576065063 0.0014483998529613
2452160.1597204637 1.001228094100952 0.0014486901927739
2452160.2388883624 1.000473976135254 0.0014482359401881
2452160.3180562463 1.0004302263259888 0.0014481741236522
2452160.3972241147 0.99976110458374 0.0014478882076218
2452160.475003059 0.985173523426056 0.0014406987465918
2452160.5541708986 0.9839762449264526 0.0014399824431166
2452160.6333387243 0.9861860871315 0.0014413052704185
2452160.7125065355 1.0002475976943968 0.0014477043878287
2452160.791674333 1.0006983280181885 0.0014480403624475
2452160.870842117 1.00080144405365 0.001447754795663
2452160.9493154334 1.001634120941162 0.0014483090490102
2452161.0277887373 1.0010323524475095 0.0014481699327006
2452161.1069564815 1.001183032989502 0.0014481183607131
2452161.186124213 1.0014586448669431 0.0014484407147392
2452161.265291932 1.002297043800354 0.0014484697021543
2452161.3437651843 1.0021357536315918 0.0014483655104413
2452161.422238425 1.0020771026611328 0.0014485028805211
2452161.5014061066 1.0019665956497192 0.0014484908897429
2452161.5805737763 1.001843214035034 0.0014482702827081
2452161.659741434 1.0017670392990112 0.001448297407478
2452161.738909079 1.0021631717681885 0.0014486403670161
2452161.81738226 1.0019841194152832 0.0014485617866739
2452161.895855429 1.0018520355224607 0.0014486027648672
2452161.97502304 1.0019654035568235 0.0014480944955721
2452162.054190639 1.0018774271011353 0.0014480997342616
2452162.1333582266 1.0018973350524902 0.0014480424579232
2452162.212525803 1.002142548561096 0.0014477939112111
2452162.290998916 1.0016276836395264 0.00144791137427085
2452162.369472018 1.000918745994568 0.0014475393109023
2452162.448639561 1.00167715549469 0.0014478825032711
2452162.5278070928 1.000760197639465 0.0014472978655248
2452162.6069746143 1.00020694732666 0.0014474123017862
2452162.6854476724 1.000409483909607 0.00144728663144625
2452162.7639207207 1.0000586509704588 0.0014474203344434
2452162.8430882096 1.000022292137146 0.0014472496695816
2452162.9222556883 0.9997913241386412 0.0014471620088443
2452163.001423156 0.99996280670166 0.001447057002224
2452163.080590613 0.9997754096984864 0.001446861657314
2452163.159063609 0.999511331319809 0.0014467573491856
2452163.2375365943 0.9994688630104066 0.0014465792337432
2452163.3167040204 0.9998182654380798 0.001446847221814
2452163.395871436 0.9994682669639589 0.001447312766686
2452163.4750388423 0.9994180202484132 0.0014472316252067
2452163.5542062377 0.999307870864868 0.0014471708564087
2452163.632679172 0.9994474947452546 0.00144705700222395
2452163.7111520963 0.9995498061180114 0.0014469956513494
2452163.790319462 0.9991868138313292 0.001446945592761
2452163.8694868167 0.9997937679290771 0.0014471128815785
2452163.9486541618 1.0002061128616333 0.0014471351169049
2452164.027127047 1.0005313754081726 0.0014475280186160501
2452164.1055999217 1.0007693767547607 0.0014474851777777
2452164.1847672374 1.000784993171692 0.0014476467622444
2452164.263934543 1.0001108646392822 0.0014473024057224
2452164.3431018386 1.00033962726593 0.0014472496695816
2452164.422269124 1.0004903078079224 0.0014474826166406
2452164.5007419502 1.0007108449935913 0.00144751410698515
2452164.5799092166 1.000546634197235 0.00144747941521925
2452164.658382024 1.0004147291183472 0.0014474120689556
2452164.7382437205 1.0002617239952087 0.0014474386698566
2452164.817410958 1.0003681182861328 0.001447248912882
2452164.895883736 1.0000202655792236 0.0014472731854766
2452164.9736620556 0.9998998045921323 0.0014472245238721
2452165.0521348147 0.9994455575942993 0.0014471506001427
2452165.1319964626 0.999797523021698 0.0014470022870227
2452165.210469203 0.9998463094234467 0.0014473774353973
2452165.290330832 0.999439537525177 0.0014471812173724
2452165.3646368603 0.9993822276592255 0.0014471133472397
2452165.448665163 1.00131618976593 0.0014477196382358
2452165.5264434167 1.001201629638672 0.001447154325433
2452165.6056105583 1.000659704208374 0.00144731963519
2452165.6847776906 1.0008007287979124 0.001446908689104
2452165.7639448135 0.9863550066947936 0.0014402838423848
2452165.8424174786 0.9841216206550598 0.0014391206204891
2452165.9208901343 0.9855580925941468 0.001439876970835
2452166.0000572293 1.000070571899414 0.0014470379101112
2452166.0792243145 1.0007001161575315 0.0014471624745056
2452166.15839139 1.001226544380188 0.001447343500331
2452166.2382529043 1.0015366673469543 0.00144776247907425
2452166.316031066 1.0017034411430359 0.00144763634307305
2452166.3945036656 1.0013611316680908 0.0014475870411843
2452166.4736707043 1.0012404918670654 0.001447609742172
2452166.552837733 1.0013974905014038 0.0014477680670097
2452166.6320047528 1.0016577243804932 0.0014475213829427
2452166.711171763 1.0018961429595947 0.0014475494390353
2452166.789644317 1.0011950135231018 0.00144757697125895
2452166.8681168607 1.0015075206756592 0.0014476024080067
2452166.9472838435 1.001597881317139 0.0014475133502855
2452167.0264508165 1.0015801191329956 0.0014477253425866
2452167.1056177802 1.0015498399734497 0.0014477289514616
2452167.1840902874 1.0015270113945007 0.001447673945222
2452167.2625627858 1.0015642642974851 0.0014477496733888
2452167.341729722 1.001243472099304 0.0014475597999989
2452167.4208966484 1.0013285875320437 0.0014476707438006
2452167.5000635656 1.0014617443084717 0.0014476346550509
2452167.5792304734 1.001530647277832 0.0014475046191364
2452167.6577029256 1.000844120979309 0.0014474944910034
2452167.7361753685 1.0005782842636108 0.0014473245246335
2452167.815342249 1.00094735622406 0.0014474546769633
2452167.8945091194 0.9999378323554992 0.0014473614282906
2452167.973675981 0.9999442100524902 0.0014472622424364
2452168.052842833 1.0001296997070312 0.0014469806337729
2452168.1313152304 0.9999851286411283 0.00144711468601595
2452168.209787618 0.9995546340942384 0.0014471753966063
2452168.2889544424 0.9993497729301452 0.0014469770248979
2452168.3681212575 0.9990315437316896 0.0014471207978203
2452168.447288063 0.9986314773559568 0.0014465906424447
2452168.525760414 0.9981118738651273 0.0014462035032920002
2452168.6042327555 0.9988436102867126 0.0014465076383203
2452168.6833995334 0.9990145564079284 0.0014472383772954
2452168.762566302 0.999599277973175 0.0014473465271294
2452168.8417330612 0.9999009370803832 0.0014470958849415
2452168.9208998117 0.9992929697036744 0.0014470886671915
2452168.999372107 0.9999377429485321 0.0014472550246864
2452169.0778443934 0.9997869729995728 0.0014475411735475
2452169.157011116 1.0005125999450684 0.0014475634088739
2452169.2361778286 0.9994410276412964 0.0014472315087914
2452169.3153445325 1.0002769231796265 0.0014476863434538
2452169.394511227 0.999882161617279 0.0014475556090474
2452169.4729834674 1.000013917684555 0.0014476223732344
2452169.5514556994 1.0003225803375244 0.0014477183576673
2452169.6306223664 1.0003697872161863 0.0014478637604042
2452169.709789024 0.9998228549957277 0.0014478026423603
2452169.7889556726 1.0005232095718384 0.0014480171957984
2452169.867427868 0.9998124837875366 0.00144773785723365
2452169.927150064 0.9996986389160156 0.0014478182420134
2452174.2403487545 0.9973884224891664 0.0014403226086869
2452174.288265506 0.9989311695098876 0.0014413633616641
2452174.3660434075 0.9988683760166168 0.0014417677302844501
2452174.444515738 0.9995313286781312 0.0014420936349779
2452174.523682498 0.9996230602264404 0.0014425842091441
2452174.6028492413 1.0000388622283936 0.001442615292035
2452174.682015969 1.00029456615448 0.0014429668663069
2452174.761182681 1.0003798007965088 0.0014432371826842
2452174.839654933 1.0006733536720276 0.001443836139515
2452174.9181271708 1.0010684728622437 0.0014438050566241
2452174.9972938383 1.0012519359588623 0.0014437164645642
2452175.0764604914 1.001050353050232 0.0014441374223679
2452175.1556271305 1.001570224761963 0.001444274559617
2452175.2347937557 1.0011826753616333 0.0014441707171499
2452175.313265923 1.001102864742279 0.0014440615777856999
2452175.391738077 1.0016523599624632 0.0014441946987062
2452175.4709046623 1.0012502670288084 0.0014441414969041
2452175.550071234 1.001763939857483 0.0014441654784604
2452175.629237793 1.000932693481445 0.0014439823571592
2452175.7077098954 1.000731647014618 0.00144412479130545
2452175.786181986 1.000473141670227 0.0014440640807151
2452175.8653485067 1.0006786584854124 0.0014439129736274
2452175.944515016 1.000610113143921 0.0014441194944083
2452176.0236815126 1.0002695322036743 0.0014440029626712
2452176.102847997 1.0006642341613767 0.0014442144893109
2452176.1813200274 1.000652551651001 0.00144390942296005
2452176.2597920457 1.0001766681671145 0.0014437020290642
2452176.338958495 0.9956864714622496 0.0014419424114748
2452176.418124933 0.9835664033889768 0.0014354677405208
2452176.497291359 0.983869731426239 0.0014356201281771
2452176.576457774 0.9905630350112916 0.0014384182868525
2452176.654929735 1.0007014870643616 0.001444018271286
2452176.733401686 1.0008360147476196 0.0014439549995586
2452176.812568067 1.000272274017334 0.0014440281083807
2452176.891734438 1.00122332572937 0.0014443970285356
2452176.9709007973 1.0010462999343872 0.0014441579114645
2452177.050067146 1.0010794401168823 0.0014443850377574
2452177.128539042 1.0010274648666382 0.00144421873847015
2452177.2070109276 1.0015277862548828 0.0014440006343647
2452177.286177244 1.0020663738250732 0.0014443453401327
2452177.36534355 1.0016456842422483 0.0014442512765526
2452177.445204287 1.0013082027435303 0.0014440276427194
2452177.5229816893 1.0019375681877136 0.0014441591338254
2452177.6014535227 1.0018912553787231 0.0014440563973039
2452177.680619787 1.0018690824508667 0.0014438539510592
2452177.759786041 1.0015465021133425 0.0014437017962336
2452177.8389522843 1.0016565322875977 0.0014436885248869
2452177.9181185174 1.001526951789856 0.0014439817750826
2452177.9965903005 1.0012437105178833 0.0014437200152314501
2452178.075062073 1.0017186403274536 0.0014438519719988
2452178.1542282756 1.0015684366226196 0.0014438135549426
2452178.2333944687 1.0011852979660034 0.0014436242636293
2452178.3125606515 1.0012469291687012 0.001443815883249
2452178.3917268245 1.0011868476867676 0.0014434976037591
2452178.4701985475 1.0006340742111206 0.00144329428439955
2452178.5486702607 1.0005398988723757 0.0014430714072659
2452178.6278364044 1.0009008646011353 0.0014430860755965
2452178.707002538 1.000844359397888 0.0014432478928938
2452178.786168661 1.0005029439926147 0.0014431135496124
2452178.8646403356 1.0007131695747375 0.0014431935269385
2452178.9431120004 1.0005246400833128 0.0014430526643991
2452179.022278095 0.9998710751533508 0.0014425740810111
2452179.1014441797 0.9995068311691284 0.0014424546388909
2452179.180610255 0.9993988275527954 0.0014423102838918
2452179.2597763203 1.0002921819686887 0.0014428892172873
2452179.338247937 1.0003980994224548 0.0014430895680561501
2452179.4167195447 1.000643610954285 0.0014429843286052
2452179.5007466534 1.0001662969589233 0.00144320522667835
2452179.575051609 1.0004125833511353 0.0014433744363486
2452179.6542176264 1.00048828125 0.001443383982405
2452179.7333836346 1.0000334978103635 0.0014435935299843
2452179.811855195 1.0007998943328857 0.0014437021454795501
2452179.890326746 1.0005198717117307 0.0014436470810323
2452179.9694927256 1.0012247562408447 0.001443856395781
2452180.048658696 1.0005629062652588 0.0014433452161028
2452180.127824657 1.000948786735535 0.0014438295038416
2452180.20629617 1.0014228224754331 0.0014436827041208
2452180.2847676747 1.0009304285049438 0.0014438683865591
2452180.3639336075 1.001209735870361 0.0014437627978622
2452180.4430995313 1.0009766817092896 0.0014435978373512
2452180.5222654454 1.0015802383422852 0.0014437657082453
2452180.60143135 1.0012623071670532 0.001443860004656
2452180.679902808 1.0012629628181455 0.00144387088948855
2452180.758374257 1.000813126564026 0.0014438776997849
2452180.837540134 1.001387357711792 0.0014439777005463
2452180.9167060014 1.001515746116638 0.0014440859667956
2452180.99587186 1.000933289527893 0.0014435353223234
2452181.075037709 1.000499248504639 0.0014438622165471
2452181.1535091116 1.0009146332740781 0.0014436516212299
2452181.231980505 1.000451922416687 0.0014435094781219
2452181.3111463264 1.0002700090408323 0.0014433158794417
2452181.3903121385 1.000208020210266 0.0014435447519645
2452181.4694779413 1.0004760026931765 0.0014433073811233
2452181.5486437352 1.0002808570861816 0.0014432814205065
2452181.627115083 0.9994021952152252 0.0014427978312596
2452181.7055864213 0.9842605590820312 0.0014354129089042
2452181.7847521873 0.9830848574638368 0.001434956677258
2452181.863917944 0.986683428287506 0.0014366182731464
2452181.943083692 1.0003926753997805 0.0014432986499741
2452182.0215549935 0.9995977580547333 0.0014429136645048501
2452182.1000262867 0.9998568296432496 0.0014430552255362
2452182.1791920066 1.0000275373458862 0.0014431291492655
2452182.2583577177 0.999937355518341 0.0014432281022891
2452182.337523419 1.00006103515625 0.0014431742019951
2452182.4166891114 1.000136375427246 0.0014432711759582
2452182.495160359 1.000033974647522 0.0014433637843467
2452182.573631597 1.000260829925537 0.0014433213509619
2452182.652797262 1.0005693435668943 0.0014433935284614
2452182.731962918 1.0001964569091797 0.0014435165794566
2452182.8111285646 1.000694990158081 0.0014438502257689
2452182.890294202 1.0014127492904663 0.0014440895756706
2452182.9687653948 1.0011260509490967 0.0014441800303756501
2452183.0472365785 1.001055598258972 0.0014441119274124
2452183.126402189 1.000834584236145 0.0014443467371165
2452183.2055677897 1.0010100603103635 0.0014443083200603
2452183.2847333816 1.0013922452926636 0.0014443772379308
2452183.3632045295 1.001199722290039 0.00144430802902205
2452183.4416756677 1.0011669397354124 0.0014443056425079
2452183.5208412325 1.0015771389007568 0.0014445313718169
2452183.600006788 1.001177191734314 0.001444416353479
2452183.6791723347 1.0010371208190916 0.0014448428992182
2452183.758337872 1.001143217086792 0.0014447519788518
2452183.8368089655 1.0007498264312744 0.00144474417902525
2452183.915280051 1.000582575798035 0.0014446669956669
2452183.994445562 1.0006427764892578 0.0014450064627453
2452184.0736110634 1.0005484819412231 0.0014452205505222
2452184.152776556 1.0004870891571045 0.0014448564033955
2452184.231942041 1.0001455545425415 0.0014451929600909
2452184.310413082 1.000258445739746 0.0014449661248363
2452184.388884115 0.999519109725952 0.001445073983632
2452184.4680495737 0.9994234442710876 0.0014453479088842
2452184.5472150235 1.0002508163452148 0.001445667236112
2452184.6263804655 1.000951647758484 0.0014460535021498
2452184.705545899 1.0009291172027588 0.0014464877313002
2452184.7840168914 1.0004557967185974 0.00144658033968875
2452184.862487876 1.000782489776611 0.0014468221925199
2452184.941653287 1.0006251335144043 0.0014473296469077
2452185.0208186903 1.0003957748413084 0.0014475042698904
2452185.0999840875 1.000211715698242 0.0014478306984528
2452185.1784550445 1.0007577538490295 0.00144819414708755
2452185.2569259964 1.0006015300750732 0.0014487553853541
2452185.336091376 1.0010945796966553 0.0014492778573185
2452185.415256751 1.000824809074402 0.0014498812379315
2452185.4944221224 1.0010387897491455 0.0014534658985212
2452185.573587491 1.0003494024276731 0.0014704767381772
2452185.6520584263 0.99934646487236 0.001491718867328
2452185.730529362 0.9993919730186462 0.0015274783363565
2452185.772195346 0.9999943971633912 0.0015568239614367
2452187.2367601064 0.998910754919052 0.0014631794765591001
2452187.309676127 0.9986804723739624 0.0014433531323447
2452187.388842078 0.998881220817566 0.0014430913142859
2452187.4673135728 0.9991429150104522 0.0014428906142711002
2452187.545785049 0.9991735816001892 0.0014427443966269
2452187.624950942 0.9993258118629456 0.001442571170628
2452187.704116814 0.9995219111442564 0.0014429653529077
2452187.783282665 0.9995341300964355 0.0014427677961066
2452187.862448495 0.9993738532066344 0.0014424016699194
2452187.9409198673 0.999889314174652 0.0014424105756916002
2452188.018696783 0.999709367752075 0.00144244189141315
2452188.098556989 0.9996463656425476 0.001442733570002
2452188.1777227386 0.9998829364776612 0.0014427251880988
2452188.2568884697 1.000888705253601 0.0014431601157411
2452188.3353597466 1.0003346800804138 0.0014431593008339
2452188.413831006 1.0004782676696775 0.0014431086601689
2452188.4929966833 1.0007550716400146 0.0014431911986321
2452188.5721623437 1.000373601913452 0.001443094224669
2452188.651327988 1.0004937648773191 0.0014432108728215
2452188.7304936154 1.0000145435333252 0.0014428501017391
2452188.808964792 1.000450074672699 0.00144291308242825
2452188.8874359536 1.00078284740448 0.0014428200665861
2452188.966601535 1.0003196001052856 0.0014428828144446
2452189.0457671015 1.0002758502960205 0.0014427265850827
2452189.1249326533 1.0001461505889893 0.0014426263514906
2452189.203403756 0.999585598707199 0.0014424166292883
2452189.28256928 0.999638706445694 0.00144217681372535
2452189.361040355 0.9995608925819396 0.0014423170359805
2452189.4402058516 0.9996159076690672 0.0014424615073949
2452189.5193713345 0.9993277788162231 0.0014420468360185
2452189.5985368043 0.999263286590576 0.0014418014325201
2452189.677702261 0.998398959636688 0.0014415291370823
2452189.756173271 0.9979013502597808 0.00144153222208835
2452189.834644269 0.9991570115089417 0.0014417006168514
2452189.9138096883 0.9995874762535096 0.0014418479986488
2452189.992975095 0.9999845623970032 0.0014420555671676
2452190.0721404897 0.9999110698699952 0.0014419920044019
2452190.1506114393 0.999928742647171 0.00144200836075465
2452190.229082377 1.000094294548035 0.0014420463703572
2452190.308247736 1.0001153945922852 0.0014418786158785
2452190.387413084 1.0003737211227417 0.0014422914246097
2452190.4665784203 1.000200629234314 0.0014422396197915
2452190.5457437453 1.0003952980041504 0.0014421348460018
2452190.624214626 1.0010612607002258 0.0014421533560380001
2452190.7026854963 1.0010685920715332 0.0014422808308154
2452190.781850788 1.000865817070007 0.0014419270446524
2452190.861016068 1.0009782314300537 0.0014421960804611
2452190.940181338 1.000829577445984 0.0014419184299185
2452191.0193465967 1.0011519193649292 0.0014419734943658
2452191.097817413 1.0013012290000916 0.0014420239022001
2452191.1762882187 1.0004926919937132 0.0014416873455047
2452191.255453446 1.0010594129562376 0.0014421470696106
2452191.3346186625 1.001086950302124 0.0014418320497497
2452191.413783869 1.0011072158813477 0.0014416262274608
2452191.492254633 1.0016729831695557 0.00144162774085995
2452191.5707253874 1.0011961460113523 0.0014417100464925
2452191.649890563 1.0013399124145508 0.0014414249453693
2452191.7290557283 1.001376032829285 0.0014414886245504
2452191.8082208834 1.001402735710144 0.0014414831530302
2452191.8873860287 1.00086510181427 0.0014413612661883
2452191.965856733 1.0006927251815796 0.0014413359458558001
2452192.044327427 1.0011820793151855 0.0014413489261642
2452192.123492543 1.001051425933838 0.0014412961900234
2452192.2026576484 1.0002310276031494 0.0014412560267373
2452192.2818227443 0.9870756864547728 0.0014346957905218
2452192.3609878304 0.9839774966239928 0.0014330501435324
2452192.4394584764 0.9854287803173063 0.0014332641148939499
2452192.517929113 0.9991555213928224 0.001439903746359
2452192.59709417 1.0009711980819702 0.0014412987511605
2452192.676259218 1.0006757974624632 0.0014410968869924
2452192.755424256 1.0008919239044187 0.0014411773299798
2452192.8345892844 1.0014808177947998 0.001441404921934
2452192.9130598735 1.0013266801834106 0.0014413335593417
2452192.9915304533 1.0017144680023191 0.00144149933476
2452193.070695454 1.001811385154724 0.001441330066882
2452193.1498604445 1.00187349319458 0.001441367669031
2452193.2290254263 1.0023266077041624 0.0014416450867429
2452193.307495969 1.0021951794624329 0.00144174328306685
2452193.3859665026 1.0026414394378662 0.0014416911872103
2452193.4602704505 1.0023963451385498 0.00144212972372765
2452193.5442964006 1.00180447101593 0.0014423638349398
2452193.623461336 1.0016080141067505 0.0014421999221667
2452193.7026262623 1.0019285678863523 0.0014425021363422
2452193.78109675 1.0015727281570435 0.0014422361273318
2452193.8595672287 1.0012811422348022 0.0014423138927668
2452193.9387321277 1.0014681816101074 0.0014422661624848
2452194.017897017 1.0014716386795044 0.0014422383392229
2452194.0970618976 1.0015615224838257 0.0014420461375266
2452194.176226769 1.00102436542511 0.0014420707011595
2452194.2546972027 1.0006160140037537 0.00144185125827785
2452194.3331676275 1.000819444656372 0.0014419773360714
2452194.4123324724 1.001004934310913 0.0014418519567698
2452194.4914973076 1.0004810094833374 0.0014415680197998
2452194.570662134 1.0006263256072998 0.0014419594081118
2452194.6498269513 1.0004037618637085 0.001442035427317
2452194.7282973314 1.0002936124801636 0.0014420350780710001
2452194.806767703 1.00063419342041 0.0014419596409425
2452194.8859324935 1.0005974769592283 0.0014417511411011
2452194.9650972756 0.9993598461151124 0.0014405214460566
2452195.0442620483 0.9989292621612548 0.0014402389060705
2452195.1227323846 0.9993724822998048 0.00144033669494085
2452195.201202712 0.9996218681335448 0.0014405939728021
2452195.281061886 1.0002529621124268 0.0014405910042114
2452195.3595321956 1.0004185438156128 0.0014402529923245
2452195.438696924 1.0000886917114256 0.0014404625399038
2452195.517861644 1.000339150428772 0.0014402669621631
2452195.596331927 1.0001059770584106 0.00144016259582705
2452195.674802202 1.0002312660217283 0.0014402571832761
2452195.753966895 0.9999493956565858 0.0014400142244994
2452195.833131579 1.0002341270446775 0.0014401273801922
2452195.9122962547 1.0004920959472656 0.001440281397663
2452195.9914609217 1.0002442598342896 0.0014403735985979
2452196.0699311523 1.0006757378578186 0.00144029472721735
2452196.148401375 1.0004626512527464 0.0014406105037778
2452196.2275660154 1.0009281635284424 0.0014406560221686
2452196.306730647 1.000487208366394 0.0014403825625777
2452196.3858952695 1.0003420114517212 0.0014405430993065
2452196.4650598834 1.000908136367798 0.0014404515968635
2452196.5435300623 1.0006387829780579 0.00144046795321625
2452196.622000233 1.0003036260604858 0.0014403837267309
2452196.70116482 1.0006557703018188 0.0014408205170184
2452196.7803293993 1.000226974487305 0.0014404075918719
2452196.8594939695 1.000260353088379 0.0014402571832761
2452196.937964104 1.0001406073570251 0.0014401584048754999
2452197.0164342313 0.9998157620429992 0.001440231106244
2452197.095598775 0.999867796897888 0.0014401657972484
2452197.1747633102 0.9998482465744016 0.0014399291248992
2452197.2539278367 1.0000765323638916 0.001439906656742
2452197.3330923542 0.9999893307685852 0.0014399065403267
2452197.411562437 0.999525099992752 0.0014397040358744
2452197.490032512 1.0003408193588257 0.001440152991563
2452197.5691970037 0.991434931755066 0.0014354079030454
2452197.6483614864 0.9835214018821716 0.0014319717884063
2452197.7275259607 0.9838647246360778 0.001431907294318
2452197.8066904256 0.9952293038368224 0.001437141560018
2452197.8851604573 1.0005317330360413 0.0014400301151908
2452197.96363048 1.0006579160690308 0.0014403832610696
2452198.0427949196 1.0007327795028689 0.0014401072403416
2452198.12195935 1.000885844230652 0.0014405919937416
2452198.201123772 1.001016855239868 0.0014406386762857
2452198.2802881855 1.0008832216262815 0.0014403467066586
2452198.358758166 1.0012412667274475 0.0014404486864805
2452198.437228138 1.0015528202056885 0.0014407451963052
2452198.5163925258 1.001660704612732 0.0014410223811864
2452198.595556906 1.0014396905899048 0.0014407483395189
2452198.6747212773 1.0015857219696045 0.001440750202164
2452198.753191216 1.0020071268081665 0.00144109694520005
2452198.831661147 1.0018808841705322 0.00144117558375
2452198.910825494 1.0016148090362549 0.0014414375182241
2452198.9899898334 1.0014386177062988 0.0014413717435672
2452199.069154165 1.001825928688049 0.0014412979362532
2452199.1483184895 1.0012149810791016 0.0014411831507459
2452199.2267883825 1.0010757446289062 0.0014411622541956
2452199.305258269 1.00139057636261 0.0014413825701922
2452199.3844225723 1.0011168718338013 0.0014409206341952
2452199.4635868696 1.0009173154830933 0.0014409257564693
2452199.5427511614 1.0008859634399414 0.0014409420546144
2452199.6219154485 1.0009131431579588 0.0014413357712328
2452199.700385308 1.0010212659835815 0.0014412854216061
2452199.7788551636 1.0003819465637207 0.0014419958461076
2452199.8580194414 1.0000920295715332 0.0014523192076012
2452199.937183718 0.9988957643508912 0.0014696603175252
2452200.016347997 0.9978848099708556 0.0015001292340457
2452200.095512279 0.9970868229866028 0.0015492427628487
