2451598.2122257124 0.9992817640304564 0.0011074603535234
2451598.2886154274 0.9998756051063536 0.0010903092334046
2451598.365005145 1.0000416040420532 0.0010710103670135
2451598.441394864 0.999776005744934 0.0010557586792856
2451598.517784585 1.000033259391785 0.0010476278839632
2451598.594174307 0.9999734759330748 0.0010430007241666
2451598.670564029 0.999777376651764 0.0010399172315374
2451598.7469537514 1.0000325441360471 0.0010338677093386
2451598.8233434735 1.0001195669174194 0.0010291103972122
2451598.899038743 0.9990983307361603 0.0010238449904136
2451598.974734012 0.9996545910835266 0.0010170299792662
2451599.0511237313 1.0000486373901367 0.0010096553014591
2451599.1275134496 0.999983012676239 0.0010027865646407
2451599.203903166 1.0001518726348877 0.0009976720903068
2451599.2802928803 1.0001790523529053 0.0009936487767845
2451599.356682593 1.0004146099090576 0.000988406362012
2451599.433072303 1.00020432472229 0.0009839053964242
2451599.50946201 1.0004358291625977 0.0009815918747335
2451599.5851572626 1.0000538229942322 0.0009808864560909001
2451599.660852512 1.0002354383468628 0.0009814867516979
2451599.73724221 0.9997197985649108 0.0009807916358113
2451599.8136319052 0.9997898936271667 0.0009783506393432
2451599.890021597 1.0001164674758911 0.0009770558681339
2451599.9698835434 0.9999313950538634 0.00097529566846785
2451600.044189872 1.000251531600952 0.0009732654434628
2451600.119885101 1.0000354945659637 0.00097165626357305
2451600.194885874 1.000149428844452 0.0009700796217657
2451600.271969998 1.0000555515289309 0.0009687387500889
2451600.3476652144 1.0003281831741333 0.0009672030282672
2451600.4247493297 1.0003516674041748 0.0009652873850427
2451600.4990556343 1.0000509023666382 0.00096436159219585
2451600.576834192 1.0001844763755798 0.00096400312031615
2451600.6518349396 1.0004009008407593 0.00096420804038635
2451600.728919036 1.000078201293945 0.0009641186334192
2451600.8087809337 0.99991837143898 0.00096341932658105
2451600.880309411 0.9995040893554688 0.000962502148468
2451600.956699042 0.9987987279891968 0.0009613900328986
2451601.0316997655 0.999634861946106 0.0009610232082195
2451601.1108671906 0.9998756647109984 0.0009605309460312
2451601.185867904 1.0002150535583496 0.0009601695928722
2451601.262257515 0.9998545050621032 0.0009596318705007
2451601.3386471197 0.999853789806366 0.0009589505498297
2451601.4150367198 0.999960660934448 0.0009582479251548
2451601.4914263138 0.999964952468872 0.0009576324373483
2451601.5678159026 0.9998973608016968 0.0009577541495673
2451601.6435110355 1.0004918575286863 0.00095785275334485
2451601.7192061623 1.000190258026123 0.0009578663157299
2451601.7955957344 1.0002388954162595 0.0009576712618581
2451601.871985301 0.9997087121009826 0.0009570511756464
2451601.9483748614 1.0000401735305786 0.0009570748661644
2451602.0247644163 1.0000627040863037 0.0009566089138388
2451602.101153965 1.0001312494277954 0.0009564171195961
2451602.1775435084 1.0000208616256712 0.0009560820180922
2451602.2539330455 0.9996234178543092 0.0009558913880027
2451602.329628126 1.000162661075592 0.00095588338444935
2451602.4053232013 1.0003201961517332 0.0009558638557791
2451602.481712721 1.0001585483551023 0.0009558100719004
2451602.5581022333 1.0003385543823242 0.0009557753801345
2451602.6344917403 1.0001263618469238 0.0009556564036756
2451602.7108812407 0.9999884963035583 0.0009556495351716
2451602.787270735 0.9999397993087769 0.00095554132713
2451602.863660223 0.9998606443405152 0.0009552509873174
2451602.9400497046 0.9992085099220276 0.0009547913214191
2451603.01643918 0.9992473721504213 0.0009547822992317
2451603.094217548 1.0000452995300293 0.0009549432434141
2451603.167829212 1.0005521774291992 0.0009549944079481
2451603.2456075666 0.9998807907104492 0.0009546526125632
2451603.320608117 0.9999359250068665 0.0009546350338496
2451603.3963031103 1.0000280141830444 0.0009544747299514
2451603.4726925464 0.999997615814209 0.0009544776694383
2451603.5490819765 1.0001858472824097 0.00095433543901885
2451603.625471399 0.9999463856220246 0.0009542249899823
2451603.702555265 1.000072360038757 0.0009542853222228
2451603.778250225 0.9999835491180421 0.0009542812185827
2451603.8539451784 0.9998012781143188 0.0009542129118926
2451603.9303345745 0.9997963905334472 0.0009544028434902
2451604.006723963 0.999725878238678 0.000954279617872
2451604.0831133453 0.9999582767486572 0.0009543494088575
2451604.159502721 1.0002447366714475 0.0009544625645503
2451604.235892089 1.000137448310852 0.0009544029599055
2451604.3122814503 0.9998817443847656 0.0009544132626615
2451604.3886708044 0.999915897846222 0.0009545070352032
2451604.4643657026 0.9998438656330109 0.00095457435236305
2451604.5400605937 0.9999476075172424 0.0009544789791107
2451604.6164499265 1.0000303983688354 0.0009544755448587
2451604.692839252 1.0001256465911863 0.0009544201893731
2451604.76922857 0.9998964071273804 0.0009542934712953
2451604.845617881 0.9995861649513244 0.0009542424813844
2451604.9220071845 0.999528706073761 0.0009542287443764
2451604.9983964805 0.9989058971405028 0.0009540654136799
2451605.0747857695 0.9996405243873596 0.0009543338092043
2451605.1504806024 1.0001223683357239 0.00095450057415285
2451605.226175428 0.9999775886535645 0.0009545148350298
2451605.302564694 0.999918520450592 0.0009546531364321
2451605.378953953 1.0003453493118286 0.0009546622750349
2451605.4553432036 1.0001435279846191 0.000954631017521
2451605.5317324465 1.0001345872879028 0.0009546932997182
2451605.6081216815 1.0002648830413818 0.0009546539513394
2451605.684510909 1.0001201629638672 0.0009546762448735
2451605.760900128 1.000125288963318 0.000954610062763
2451605.8365948927 1.0004199147224426 0.0009547358786221
2451605.912289649 1.0001217126846311 0.0009545919601805
2451605.988678844 1.0003623962402344 0.0009545072680339
2451606.0650680317 1.0001822710037231 0.0009546186774969
2451606.1414572103 1.0004757642745972 0.0009546477231197
2451606.2234019567 1.0004594326019287 0.0009544035419821
2451606.2942355433 1.000249266624451 0.0009544904460199
2451606.370624697 0.9999990463256836 0.0009544476633891
2451606.4470138424 1.000367760658264 0.0009543104679323
2451606.5234029787 0.999958872795105 0.0009543106425553
2451606.59909766 0.9999291598796844 0.00095438607968385
2451606.674792332 1.0001325607299805 0.0009542393381707
2451606.7511814423 0.9998437762260436 0.0009545418433845
2451606.8268760974 0.9999949336051941 0.00095456035342065
2451606.904654082 1.0001035928726196 0.0009544580534566
2451606.980348718 0.9995688199996948 0.0009544323547743
2451607.0567377913 0.9988588094711304 0.000954074319452
2451607.133126855 0.9994023442268372 0.0009542748448438
2451607.2095159087 1.0001288652420044 0.0009545394568704
2451607.2852105075 1.0001969933509827 0.00095481079188175
2451607.360905096 1.000051736831665 0.0009546255460008
2451607.43729412 0.999747395515442 0.0009547081426717
2451607.5136831338 1.0000783205032349 0.0009547732188366
2451607.590072138 0.9999281167984008 0.0009547136723995
2451607.6664611306 1.000043511390686 0.0009548501693643
2451607.7428501123 1.000234842300415 0.0009548272355459
2451607.8192390827 0.9997398257255552 0.0009546382352709
2451607.895628042 1.0002297163009644 0.0009547891677357
2451607.971322545 1.000163495540619 0.0009547846275381
2451608.0470170355 0.9999977350234984 0.0009545942302793
2451608.123405959 0.9993181824684144 0.0009544932399876
2451608.1997948694 1.0000855922698977 0.0009547414374537
2451608.2761837672 0.9999738335609436 0.0009547101217322
2451608.352572652 0.999950647354126 0.0009547497029416
2451608.4289615224 0.999949276447296 0.0009546807850711
2451608.505350379 1.000005125999451 0.0009546898072585
2451608.5817392203 0.9998724460601808 0.0009547675144858
2451608.657433603 0.9999240040779114 0.0009546498768031001
2451608.73312797 0.9998493194580078 0.0009546740329824
2451608.8095167633 0.999689280986786 0.0009546415531076
2451608.88590554 0.9999394416809082 0.0009546192013658
2451608.962294298 0.9999779462814332 0.0009544604108668
2451609.0386830377 0.9992714524269104 0.0009543126798234
2451609.1150717568 0.9994735717773436 0.0009543523192405
2451609.191460455 1.0000967979431152 0.0009545098873786
2451609.2678491306 0.9998575448989868 0.0009544395143166
2451609.3435433405 0.9999779760837554 0.00095446960767725
2451609.4192375257 0.999933660030365 0.0009544818312861
2451609.495626126 1.0000145435333252 0.0009544367785565
2451609.5720146983 0.999607503414154 0.0009546743240207
2451609.64840324 0.999969482421875 0.0009546015062369
2451609.6928474675 1.000505805015564 0.0009547965601086
2451612.331715239 0.9993065595626832 0.0011212178505957
2451612.3928259565 0.9997954368591307 0.0011043939739465
2451612.4692143556 1.0000252723693848 0.0010924714151769
2451612.545602758 1.0001220703125 0.0010873561259359
2451612.621991162 1.0002204179763792 0.0010840991744771
2451612.6983795683 1.0000873804092407 0.0010778333526104
2451612.7747679753 1.000063180923462 0.0010708892950788
2451612.8511563833 1.0002890825271606 0.0010647092713043
2451612.9268503515 1.0005775094032288 0.00105681852437555
2451613.0025443197 1.0002564191818235 0.0010467445245012
2451613.078932727 0.99967759847641 0.0010360954329371
2451613.1553211347 0.9994327425956726 0.0010280567221343
2451613.2317095413 0.9998311996459962 0.0010225620353594
2451613.308792386 1.0002750754356384 0.0010149464360437498
2451613.3844863498 0.99997216463089 0.0010059851920232
2451613.4608747517 1.000165581703186 0.0009995972504839
2451613.5372631517 1.0003288984298706 0.0009963475167751
2451613.6129571088 1.0001362562179565 0.0009950490202753999
2451613.6886510644 1.0002347230911257 0.0009929406223818
2451613.765039457 1.0000597238540647 0.0009902915917336
2451613.841427847 1.0003435611724851 0.0009893142851069
2451613.9129551547 1.0002216696739197 0.0009879120625555
2451613.992121298 0.9998269379138947 0.0009849849157035
2451614.070592998 0.9993122220039368 0.000981799326837
2451614.1469813753 0.9992122054100036 0.0009798239916563
2451614.2240641885 1.0000836849212646 0.0009782718261702999
2451614.299063679 1.0000583231449127 0.0009763889538589501
2451614.3747576056 1.0000439882278442 0.0009734247578307
2451614.451145968 1.000158190727234 0.0009706015698611
2451614.527534326 1.0002577304840088 0.0009700121008791
2451614.6046171198 1.0002594590187073 0.00096958171343425
2451614.6810054695 1.0002254843711853 0.0009689580183475999
2451614.756699376 1.0000824928283691 0.0009679363574832
2451614.8330877167 1.0001643896102903 0.0009676007903181
2451614.9094760534 0.9998843669891356 0.0009671291336417
2451614.985169946 1.0002513527870178 0.000966744904872
2451615.0608638343 1.0000905990600584 0.0009658770286478
2451615.137252157 0.9989563226699828 0.0009647959959693
2451615.2136404756 0.9995991587638856 0.0009644766105338
2451615.2900287886 1.000146508216858 0.0009639194468036
2451615.3664170965 0.99993759393692 0.0009624713566154
2451615.4428053997 1.0001684427261353 0.0009617026662454
2451615.5191936977 1.0002384185791016 0.0009613032452762
2451615.59558199 1.0001775026321411 0.0009609234984964
2451615.671275839 1.0001452565193176 0.0009607409883756
2451615.746969682 1.0000276565551756 0.0009601562051102
2451615.8233579593 0.9999691843986512 0.0009598000906407
2451615.899746231 0.9999812841415404 0.0009598239557817
2451615.976134497 1.0002602338790891 0.0009596035233698
2451616.0525227576 1.0000466108322144 0.0009591407142579
2451616.128911013 1.0002684593200684 0.0009588939137756
2451616.2052992624 1.000303030014038 0.0009586242376826
2451616.281687506 0.9999366402626036 0.0009581143967807
2451616.3580757445 1.0005097389221191 0.000957713695243
2451616.433769538 1.000227451324463 0.0009572540875524001
2451616.5094633265 0.99998277425766 0.0009570832480676
2451616.585851548 1.0002143383026123 0.0009569637477397
2451616.6622397625 1.0000315904617307 0.0009567016968503
2451616.7386279716 1.0001399517059326 0.0009565888321958
2451616.815016175 1.0002050399780271 0.0009564352803863
2451616.891404372 1.000404953956604 0.0009564103092998
2451616.9677925636 0.9998678565025328 0.0009562994819134
2451617.039319683 1.0001291036605835 0.00095624304958615
2451617.1198744895 0.9996488392353058 0.00095586333191015
2451617.1955682244 0.9986085891723632 0.0009552597766742
2451617.2719563916 0.9994968771934508 0.0009554441203363
2451617.3483445523 1.000000238418579 0.0009553726995363
2451617.424732707 1.0004307031631468 0.0009554001153446
2451617.501120855 0.9997398257255552 0.000955038703978
2451617.5775089967 0.9999305605888368 0.000954981893301
2451617.653897132 0.9999718070030212 0.0009548389934934
2451617.730285261 0.9999688267707824 0.0009548132657073
2451617.805978946 1.0004399418830872 0.0009548608213662501
2451617.881672625 0.9999745488166808 0.0009547881199978
2451617.9580607344 1.0002384185791016 0.0009548650705255
2451618.034448838 1.0001064538955688 0.0009548566886223
2451618.1108369343 0.9998483657836914 0.000954833580181
2451618.187225024 0.9998678565025328 0.0009548120433464
2451618.2636131076 0.9998363256454468 0.0009548817179165
2451618.3400011845 0.9998943209648132 0.0009547220543026
2451618.4163892544 1.0000420808792114 0.0009549114038236
2451618.492082881 1.0000299513339996 0.000954981369432
2451618.5677765007 1.000128149986267 0.0009548040688969
2451618.64416455 1.000058889389038 0.0009547500521875
2451618.7205525935 0.9999629259109496 0.0009548022062517
2451618.7969406294 1.0002100467681885 0.0009547749068588
2451618.8733286583 0.9998264908790588 0.0009547212976031
2451618.9497166807 0.999900996685028 0.0009547452209517
2451619.026104696 1.0001212358474731 0.0009547783411107
2451619.102492704 0.9996796250343322 0.0009546954534016
2451619.178880705 0.9990625977516174 0.0009544415515847
2451619.2545742625 0.9990375638008118 0.0009545154171064
2451619.3302678135 1.0000014305114746 0.0009547665249556
2451619.406655793 0.9999810457229614 0.0009546958026476
2451619.4830437656 1.0001106262207031 0.0009546863730065
2451619.5594317312 1.0000629425048828 0.0009546331712044
2451619.6358196894 1.0002316236495972 0.0009548495872877
2451619.7122076396 0.9999138712882996 0.0009546421933919
2451619.788595583 0.9998955130577089 0.0009545882930979
2451619.864983518 0.9998905062675476 0.0009545671055093
2451619.9406770105 0.9998543262481687 0.0009545329958199999
2451620.0163704953 0.9999449849128724 0.0009547097724862
2451620.0927584083 1.0001929998397827 0.0009547435329295
2451620.164285265 0.9998609721660614 0.0009545515931677
2451620.245534211 0.9997218251228333 0.000954580376856
2451620.3219221006 0.9997622966766356 0.0009545740322209
2451620.3983099824 0.9999806880950928 0.0009547175723128
2451620.474697856 0.999891757965088 0.0009546923101879
2451620.5510857217 0.9999797940254213 0.0009546116343699
2451620.6267791446 1.0002036690711975 0.0009544359927531
2451620.702472559 0.999517858028412 0.0009541871258988
2451620.7788604004 0.9995773434638976 0.0009543281048536
2451620.8552482333 0.9998756647109984 0.0009545008651912
2451620.931636058 0.9997780323028564 0.0009544746717438
2451621.008023874 0.9999766945838928 0.0009544972563162
2451621.084411681 1.000024437904358 0.0009546307846903
2451621.16079948 0.9996500611305236 0.0009545250213705
2451621.23718727 0.9987566471099852 0.0009542815969325
2451621.313575051 0.9998499155044556 0.0009546497021801
2451621.389268388 0.9999043345451354 0.00095450651133425
2451621.464961717 0.9999707341194154 0.0009544956265017
2451621.54134947 1.000027775764465 0.000954519957304
2451621.617737214 0.999841570854187 0.0009546704823151
2451621.6941249482 0.9999383091926576 0.0009545627399347
2451621.7705126726 0.9999848008155824 0.0009546396904624
2451621.8469003867 0.9997285008430482 0.0009545727516524
2451621.923288091 0.9999892711639404 0.0009546854998916
2451621.999675785 1.0001678466796875 0.0009547337540425
2451622.075369035 0.9998830556869507 0.0009545696666463999
2451622.151062274 0.9998472929000854 0.0009545537177473
2451622.2274499354 1.0000362396240234 0.0009545893408358
2451622.3038375853 1.000377893447876 0.000954556686338
2451622.380225223 0.99976646900177 0.0009544711792841
2451622.456612849 1.000013828277588 0.0009546285145916
2451622.533000463 1.0000650882720947 0.000954603892751
2451622.609388064 1.0002194643020628 0.0009546820074319
2451622.6857756516 1.0005114078521729 0.0009547559311613
2451622.7614687933 1.000221610069275 0.0009546374203636999
2451622.8371619205 1.0001434087753296 0.0009545906214043
2451622.913549466 0.9999973773956298 0.0009544737986288
2451622.989936996 0.9998921155929564 0.0009545291541144
2451623.0663245097 0.999882698059082 0.0009544802014715
2451623.1427120063 1.0004632472991943 0.0009545535431243
2451623.219099486 0.99919456243515 0.0009543416090309
2451623.295486946 0.999082326889038 0.0009542947518639
2451623.3725688183 1.0000218152999876 0.0009546930377836501
2451623.4475673763 1.000189185142517 0.000954638904659
2451623.5232603434 1.0000845193862915 0.0009545389330014
2451623.599647718 1.0001184940338137 0.0009546441724523
2451623.6760350675 1.0000251531600952 0.0009545325301587
2451623.75242239 1.0005676746368408 0.0009544852073304
2451623.828809683 1.0006095170974731 0.0009546231012791
2451623.8815863407 1.00020170211792 0.0009545691427774
2452333.864732885 1.0002342462539673 0.00095725414576
2452333.9091774626 1.0000228881835935 0.0009580111945979
2452333.985566584 0.999891459941864 0.000957210373599
2452334.061955709 1.000130534172058 0.0009565768414177
2452334.138344838 0.9998376965522766 0.0009562675841152
2452334.21473397 0.9999385476112364 0.0009543602354824
2452334.2911231043 1.0000655651092527 0.0009502505999989
2452334.367512241 1.0002199411392212 0.0009469651267863
2452334.443206932 1.000071942806244 0.0009460508008487
2452334.518901624 1.0002434253692627 0.0009468926000408
2452334.595290763 0.9999300241470338 0.0009478983702138
2452334.671679902 1.0003881454467771 0.000947771128267
2452334.748069041 1.000084638595581 0.0009479303262196
2452334.8244581786 0.9999790191650392 0.0009502566535957
2452334.9008473153 0.9999688267707824 0.0009509975207038
2452334.97723645 0.9999340176582336 0.0009506170172244
2452335.0536255836 0.9996623396873474 0.0009492594981566
2452335.129320268 1.0001204013824463 0.0009478681022301
2452335.2050149506 1.00020694732666 0.0009461983572691
2452335.281404077 0.9996546506881712 0.0009441340807825
2452335.3577932008 1.0000382661819458 0.0009414124651812
2452335.4341823217 0.9999175667762756 0.0009400097187608
2452335.5105714393 0.9983195066452024 0.0009396023233421
2452335.5869605537 0.9995412826538084 0.0009405012824572
2452335.663349665 0.9998584389686584 0.0009409027989022
2452335.7397387717 1.0000406503677368 0.0009407593752257
2452335.8154334286 0.9998740553855896 0.00094189544324755
2452335.891128082 0.9999876022338868 0.0009432730730623
2452335.9675171776 0.9997337460517884 0.0009431457147002
2452336.043906269 1.0000568628311155 0.0009423043811693
2452336.120295356 1.0005524158477783 0.0009410696220584
2452336.1966844383 0.9999448657035828 0.0009400266571901
2452336.273073517 1.0001115798950195 0.0009390319464728
2452336.34946259 1.0001748800277708 0.0009373464854434
2452336.4258516594 1.0001680850982666 0.0009363133576698
2452336.502240724 1.000508427619934 0.0009362828568555
2452336.577935337 0.9997919499874116 0.00093667098553845
2452336.653629946 0.999936044216156 0.0009370386251248
2452336.7300189957 1.0000689029693604 0.0009370087063871
2452336.8064080407 1.0000616312026975 0.0009378902614116
2452336.8827970806 1.0002543926239011 0.0009387439931742
2452336.9591861153 1.000017523765564 0.0009385020821355
2452337.0355751445 1.0001922845840454 0.0009371798369102
2452337.111964169 1.000080704689026 0.0009359486284665
2452337.188353188 1.0002435445785522 0.0009350001346319
2452337.2640477554 1.0001069903373718 0.0009342674457002
2452337.339742318 0.999880075454712 0.0009332533809356
2452337.416131321 0.999880611896515 0.0009324069833382
2452337.4925203184 0.9993992447853088 0.0009320121025666
2452337.5689093103 0.9988551139831544 0.0009320175158791
2452337.6452982966 1.000374674797058 0.0009328694432042
2452337.7216872773 0.9999706745147704 0.0009330391185358
2452337.7980762525 0.9998832941055296 0.0009334099013358
2452337.874465222 1.000356912612915 0.0009340399992652
2452337.9501597406 1.0002014636993408 0.00093428909895005
2452338.0258542537 0.9999461770057678 0.0009335852228105
2452338.102243206 1.0005370378494265 0.0009328231099061
2452338.1786321527 1.0001569986343384 0.0009319879463873
2452338.2550210934 0.9999437928199768 0.0009313060436397
2452338.3314100285 1.000332593917847 0.0009308564476668
2452338.407798957 1.000184655189514 0.0009300263482145
2452338.48418788 1.0000480413436887 0.0009295329800806
2452338.5605767975 0.9999653697013856 0.0009296169737353
2452338.6362712644 0.9999795258045197 0.0009300851379521
2452338.7119657253 1.0003836154937744 0.0009304420091211
2452338.7883546245 1.0000762939453125 0.0009307238506153
2452338.864743518 1.0000941753387451 0.0009310636669397
2452338.941132406 1.0000191926956177 0.000931127986405
2452339.017521287 1.0000773668289185 0.0009308058070018
2452339.0939101623 1.000150680541992 0.0009302495745941
2452339.170299032 1.00015389919281 0.0009296467178501
2452339.2466878947 0.9999711513519288 0.000929262896534
2452339.3223823076 0.9999931752681732 0.0009289773006457499
2452339.3980767145 0.9998153448104856 0.0009282855899073
2452339.4744655592 0.99977046251297 0.0009279396617785
2452339.5508543975 0.9986443519592284 0.0009275141637772
2452339.62724323 0.9992982149124144 0.0009281616075895
2452339.7036320562 0.999974012374878 0.0009288421715609
2452339.7800208763 1.0000978708267212 0.0009289954323321
2452339.85640969 0.9996569752693176 0.0009292056201957
2452339.9327984974 0.9999865889549256 0.000929425295908
2452340.0043261936 0.9999739527702332 0.00092938530724495
2452340.0848816503 0.9999453425407407 0.0009289192676078
2452340.160575995 1.0002423524856567 0.0009284346597269
2452340.2369647776 0.9997615814208984 0.0009280347148887
2452340.313353554 1.000076413154602 0.0009279859950765
2452340.389742323 1.000003695487976 0.000927475921344
2452340.466131087 0.999785542488098 0.0009270721930079
2452340.5425198437 1.0001150369644165 0.0009272014140151
2452340.618908594 1.0000566244125366 0.0009274535113945
2452340.695297338 1.0000370740890503 0.0009279001387767
2452340.7709916327 1.0002968311309814 0.0009281261300201999
2452340.8466859213 1.000139594078064 0.0009280907688662
2452340.9230746464 1.0000734329223633 0.000928173190914
2452340.999463365 0.999937117099762 0.0009282049722969
2452341.075852077 0.999959886074066 0.0009278659708797
2452341.1522407825 1.0001070499420166 0.0009272639872506
2452341.2286294815 0.9998291730880736 0.0009270720765925
2452341.305018174 1.00020170211792 0.0009269910515286
2452341.3814068604 1.0002682209014893 0.0009264688123948
2452341.4571010973 1.0002808570861816 0.0009262338571715499
2452341.5327953277 0.9997733235359194 0.0009260603692382
2452341.609183994 0.9983049035072328 0.0009258466307073
2452341.685572654 0.999647617340088 0.0009265448316
2452341.761961307 0.9998533129692077 0.0009267149725928
2452341.8397388384 1.00005304813385 0.0009264731197617
2452341.914738594 0.999787986278534 0.0009264322579838
2452341.9911272274 1.0000958442687988 0.0009265487897209
2452342.0675158543 0.9999778270721436 0.0009262536186724
2452342.143210032 1.0002831816673279 0.0009257875499315
2452342.2189042037 1.0002487897872925 0.0009255100740119
2452342.2952928105 0.9999936819076538 0.0009253752650693
2452342.371681411 1.0000855922698977 0.0009250128641724
2452342.448070004 1.000155329704285 0.0009248286951333
2452342.524458591 1.0000600814819336 0.0009247236303053
2452342.6008471707 1.0001301765441897 0.000924804189708
2452342.6772357435 1.000072717666626 0.0009248026763089
2452342.7536243093 1.0000718832015991 0.0009246104164049
2452342.8300128686 1.000164031982422 0.0009242772357538
2452342.9057069803 1.0005423426628113 0.00092413651873355
2452342.9814010845 1.0003119707107544 0.0009239983628503
2452343.0577896233 1.0001163482666016 0.0009237158810719
2452343.134178155 1.0000299215316772 0.000923428684473
2452343.21056668 1.0000867843627927 0.000923215819057
2452343.286955198 0.9999640583992004 0.0009230891591869
2452343.3633437087 0.9999682903289796 0.0009229532442986
2452343.4397322126 1.0003046989440916 0.0009229923016391
2452343.516120709 0.9999651312828064 0.0009228397975675
2452343.5918147583 0.9993923604488373 0.0009225828980561
2452343.6675087996 0.9988588094711304 0.000922507373616
2452343.743897275 0.9998735785484314 0.0009227897389791
2452343.820285743 0.9999485611915588 0.0009227398550137
2452343.8966742037 1.0001472234725952 0.0009228814160451
2452343.973062657 1.0002280473709106 0.0009228248964063
2452344.049451103 1.000066876411438 0.0009227992268279
2452344.1258395417 0.999549090862274 0.0009227256523445
2452344.202227973 0.999898076057434 0.0009226944530382
2452344.277921956 0.9999011754989624 0.0009228484996127999
2452344.3536159317 0.999952971935272 0.0009226945694535
2452344.43000434 1.0000703334808347 0.0009227545233443
2452344.5063927406 1.000038981437683 0.0009227718110196
2452344.5827811332 0.999962329864502 0.0009227786795236
2452344.6591695175 1.0001566410064695 0.0009228334529325
2452344.735557894 1.0000151395797727 0.0009227095870301
2452344.811946262 1.000067353248596 0.0009226445108652
2452344.8883346217 1.0002591609954832 0.000922770879697
2452344.9640285335 0.9999630749225616 0.00092267603031355
2452345.0397224366 1.000244140625 0.000922632520087
2452345.1161107705 1.0003594160079956 0.0009226139518432
2452345.1924990956 1.0000200271606443 0.0009224906098097
2452345.2688874113 0.999919295310974 0.0009224439272657
2452345.3452757173 1.000060796737671 0.000922447652556
2452345.421664014 1.0003517866134644 0.0009225302492268
2452345.4980523004 1.000378131866455 0.0009222088847309
2452345.5744405766 0.9999303221702576 0.0009222372900694
2452345.6501344033 0.9988178908824921 0.00092157410108475
2452345.7258282187 0.9992055892944336 0.0009216075995936
2452345.801522023 1.0000714659690857 0.00092184747336425
2452345.8779102536 1.0000613927841187 0.000921364466194
2452345.954992909 1.0005306005477903 0.0009217713377438
2452346.031381113 1.0003153085708618 0.0009212314616888
2452346.103602675 1.0003036260604858 0.0009214566671289
2452346.184157477 1.000261306762695 0.0009224016685038
2452346.2605456356 1.000029683113098 0.0009223547531291
2452346.3181839613 0.999948263168335 0.000922371604247
2452347.3341440978 0.999741733074188 0.0009223112137988
2452347.403587586 1.0002288818359375 0.0009224945679306
2452347.4799754177 0.9997032284736632 0.0009226538240909
2452347.5563632487 1.000104904174805 0.0009242809610441
2452347.63275108 0.9993271231651306 0.0009277415229007
2452347.7091389145 0.9989036917686462 0.0009332798654213
2452347.7848323174 0.999811440706253 0.0009377871465403
2452347.860525723 1.0000218152999876 0.0009393410291522
2452347.9369135676 1.0002055168151855 0.0009405341697856
2452348.013301415 0.9997692704200744 0.0009413349325768
2452348.089689266 0.9999465942382812 0.0009421221911907
2452348.1660771193 0.999772310256958 0.000942165905144
2452348.2424649745 0.9999445676803588 0.0009410847560502
2452348.3188528316 0.9998584389686584 0.0009395061060786
2452348.39524069 0.9999604225158693 0.0009387904428876
2452348.471628549 0.9999913573265076 0.000938884797506
2452348.547321973 1.0002900958061218 0.0009399084956385
2452348.623015397 0.999791145324707 0.000941134232562
2452348.6994032557 1.0001105070114136 0.0009419572306796
2452348.7757911133 1.0002319812774658 0.0009420115966349
2452348.85217897 1.000300645828247 0.0009416035609319
2452348.9285668246 1.0001170635223389 0.0009413388324901
2452349.004954678 0.9999045133590696 0.0009410008206032
2452349.0813425295 0.9999279379844664 0.000940750062
2452349.1577303787 1.0002408027648924 0.0009408117039129
2452349.2334237904 1.0002780556678772 0.0009407168545294
2452349.3091171994 1.0001403093338013 0.0009393061045557
2452349.3855050406 1.0005598068237305 0.0009376460220664
2452349.4618928786 1.0002857446670532 0.0009366513113491
2452349.538280714 1.0003082752227783 0.0009369134786538
2452349.6146685453 0.9998952150344848 0.000937900331337
2452349.691056373 0.9988092184066772 0.0009383754222653
2452349.7674441976 0.9993885159492492 0.0009385015582665
2452349.8438320183 1.0000022649765017 0.0009385583107359
2452349.9195254 1.0002455115318298 0.0009381720738019001
2452349.9952187776 1.0001429319381712 0.0009375588269904
2452350.071606586 1.0002212524414062 0.0009370604529976
2452350.1479943907 1.000299096107483 0.0009368745959363
2452350.224382191 1.0001156330108645 0.0009372833301313
2452350.3007699866 1.0001527070999143 0.0009371109772473
2452350.377157778 0.9998553991317748 0.0009354242356494
2452350.453545565 1.0000303983688354 0.0009342652047052
2452350.529933347 1.000186800956726 0.000934425916057
2452350.60562669 1.0000726580619812 0.00093545031268145
2452350.6813200284 1.0001487731933592 0.0009365293080918
2452350.7577077965 1.0001345872879028 0.0009365134174004
2452350.8340955595 1.0000951290130615 0.0009360607364214
2452350.910483318 0.9999802708625792 0.0009357677772641
2452350.9868710707 1.0000464916229248 0.0009351678891107
2452351.063258819 0.9998809695243835 0.0009346553706564
2452351.139646562 1.0000571012496948 0.0009343062411062
2452351.2160342997 1.000007390975952 0.0009342668927274
2452351.292422033 1.00014328956604 0.0009337856899946
2452351.3681153264 1.0000975131988525 0.0009321828547399
2452351.443808615 1.00020694732666 0.0009311469621025
2452351.5201963326 1.0001959800720217 0.0009310720488429
2452351.5965840444 1.0000779628753662 0.0009320213575847
2452351.672971751 0.9997414946556092 0.0009327224106527
2452351.749359452 0.99892920255661 0.0009325870778411
2452351.825747148 0.9998056292533872 0.0009327057632617
2452351.902134838 1.0003137588500977 0.0009326601866632
2452351.978522523 0.99947327375412 0.0009318119264207
2452352.0542157693 1.0001227855682373 0.0009315973438787999
2452352.1299090097 1.000245451927185 0.0009312441688962
2452352.206296678 1.0002784729003906 0.0009310283348895
2452352.282684341 1.0003525018692017 0.0009306411957368
2452352.3590719984 0.9997698068618774 0.0009295622585341
2452352.43545965 0.9999893307685852 0.0009290781454183
2452352.511847296 0.9999344348907472 0.0009293423499912
2452352.5882349364 1.0000816583633425 0.0009300155797973
2452352.6646225713 1.0000618696212769 0.0009308287990279
2452352.740315767 1.0000995993614197 0.0009311174799222
2452352.8160089576 1.0000207424163818 0.0009307923610322
2452352.8923965753 1.000218152999878 0.0009306580177508
2452352.968784187 0.9999547004699708 0.0009301115642301
2452353.045171793 0.9999194145202636 0.0009295863565057
2452353.121559393 1.0000460147857666 0.0009294279734604
2452353.197946988 0.999882400035858 0.0009291471214964
2452353.2743345764 0.999869465827942 0.0009289869922213
2452353.3507221597 1.0002408027648924 0.0009286089916713
2452353.4264153037 0.9998001754283904 0.0009282259852625
2452353.502108443 0.9999881982803344 0.0009283356484957
2452353.578496008 1.000108242034912 0.0009288423461839
2452353.654883568 1.0000107288360596 0.0009296650532633
2452353.7312711217 0.9988679885864256 0.0009296999196521
2452353.804186508 0.9988316297531129 0.0009296254138462
2452353.885435075 0.9999281167984008 0.0009298506774939
2452353.9604337467 1.000279426574707 0.0009297696524299
2452354.0368212764 0.9999322295188906 0.0009294784395024
2452354.1132088006 1.00030255317688 0.0009291969472542
2452354.1889018863 1.000288963317871 0.0009290284360758501
2452354.2645949665 1.000164031982422 0.0009289568988606
2452354.340982473 0.9999592900276184 0.0009288760484196
2452354.417369973 1.000232458114624 0.0009286628337576
2452354.493757467 1.000129461288452 0.0009285606211051
2452354.570144955 0.9999926686286926 0.000928713241592
2452354.6465324373 1.00011944770813 0.0009290929301641
2452354.722919913 0.999746561050415 0.0009293620241805
2452354.7993073827 0.9999443888664244 0.0009292532340623
2452354.875000415 1.0001285672187805 0.0009291947644669001
2452354.950693441 1.0000447034835815 0.0009289133595302
2452355.027080893 1.000228762626648 0.0009286697022616
2452355.1034683385 0.9997992515563964 0.0009281790698878
2452355.1798557783 1.000041127204895 0.0009280709200538
2452355.2562432117 1.0001943111419676 0.0009280836675316
2452355.332630639 1.0001002550125122 0.000928065564949
2452355.40901806 1.0002018213272097 0.0009278065990656
2452355.4854054754 1.0002232789993286 0.0009277336648665
2452355.561098453 1.0001832246780396 0.0009278517100028501
2452355.636791425 1.000255107879639 0.0009280125377699
2452355.7131788214 0.999756634235382 0.0009282496175728
2452355.7895662114 0.9989638328552246 0.0009279567748308
2452355.865953596 0.9992771744728088 0.0009279441437684
2452355.9423409738 1.00009024143219 0.0009280174854211
2452356.018728345 0.999837815761566 0.0009276326163671
2452356.095115711 1.0000412464141843 0.0009273461764678
2452356.1715030703 1.0000382661819458 0.0009271639282815
2452356.247890423 1.0001181364059448 0.0009271572926081
2452356.3235833393 1.0000991225242615 0.00092710065655405
2452356.3992762496 1.0001791715621948 0.0009267955902032
2452356.4756635837 1.0003128051757812 0.0009265374392271
2452356.552050912 0.9997151494026184 0.0009264437831006
2452356.6284382334 0.9999447464942932 0.000926702923607
2452356.704825548 1.0000321865081787 0.0009267843561246
2452356.781212857 0.9999963641166688 0.0009268853464163
2452356.8576001595 0.9999691843986512 0.0009266205597668
2452356.9339874554 1.00014591217041 0.0009264357504434
2452357.0096803154 1.0002490878105164 0.00092626039986495
2452357.085373169 0.9998679757118224 0.0009259597864001
2452357.1617604457 1.0000110864639282 0.0009257374331355
2452357.238147716 1.0001893043518066 0.000925516244024
2452357.31453498 0.9998676180839536 0.0009251705487258
2452357.390922237 0.9999334812164306 0.0009249050053767
2452357.467309488 1.0002107620239256 0.0009246248519048
2452357.5436967323 0.9999350905418398 0.0009245518012903
2452357.620083969 1.0000470876693723 0.0009245226392522
2452357.695776771 0.999837279319763 0.0009244612883776
2452357.771469566 0.999460995197296 0.0009243004606105
2452357.8478567833 0.9983235001564026 0.000923904182855
2452357.9242439945 0.9995731115341184 0.0009242285159416
2452358.0006311988 1.0000429153442385 0.0009243987151421
2452358.077018396 1.00013267993927 0.0009244735119864
2452358.1534055863 1.0000315904617307 0.0009245136170648
2452358.2297927695 1.000120997428894 0.0009247051784768
2452358.3061799463 1.0000762939453125 0.0009248844580724
2452358.3825671156 1.0000303983688354 0.0009249708382412
2452358.458259849 1.0002869963645935 0.00092527645756485
2452358.5339525756 1.0000257492065427 0.0009253652533516
2452358.610339723 1.000407576560974 0.0009255504119209
2452358.6867268635 1.000022292137146 0.0009255320765078
2452358.7631139965 1.0001196861267088 0.0009257611236535
2452358.839501122 1.0000897645950315 0.0009258678182959
2452358.91588824 1.000212788581848 0.0009263229439966
2452358.9922753503 1.0001956224441528 0.0009264055406674
2452359.068662452 0.9999580979347228 0.0009265698026865
2452359.1443551183 0.9998878836631776 0.0009268511203117
2452359.2207422038 1.000050514936447 0.00092698360094795
2452359.296434853 1.0000157356262207 0.0009273217292502
2452359.372821922 1.0004041194915771 0.0009276192286051
2452359.449208982 1.0001754760742188 0.0009278961224481
2452359.525596032 0.9998906254768372 0.0009282021201215
2452359.601983073 1.0002214908599851 0.0009285127744078
2452359.678370104 0.999901533126831 0.0009288069559261
2452359.7547571254 0.9997673630714417 0.0009292177273891
2452359.830449708 0.99892458319664 0.0009294371702708
2452359.90614228 0.9989879131317138 0.0009300143574364
2452359.982529267 0.9998463988304136 0.0009308693115599
2452360.0589162423 0.9999829530715942 0.0009315449860878
2452360.135303204 1.0002195835113523 0.0009322515106759
2452360.211690151 1.0001862049102783 0.0009331529145129
2452360.2880770834 1.0001823902130127 0.0009340334217995
2452360.364463999 1.0001583099365234 0.0009349228930659
2452360.440850897 1.0002875328063965 0.0009356349473819
2452360.51654335 1.000166118144989 0.00093702625599685
