2451683.3753658733 1.0031766891479492 0.0009287533757742
2451683.4107824364 1.0030114650726318 0.0009286941494792
2451683.445504555 1.0025074481964111 0.0009290074231103
2451683.480921114 1.0024641156196594 0.000929369329242
2451683.5163376704 1.0019818544387815 0.0009292918257415
2451683.5489764567 1.0018319487571716 0.000929385976633
2451683.588559663 1.0007903575897217 0.0009292724425904
2451683.624670657 1.0004233121871948 0.0009283009567297
2451683.6586983227 1.000504732131958 0.0009287719731219
2451683.6920315456 1.0008837580680847 0.00092917951405975
2451683.726753651 1.0011476278305054 0.0009289340814575
2451683.762170198 1.0015369653701782 0.0009289337904192
2451683.797586744 1.0021517276763916 0.00092869187938045
2451683.833003289 1.002418875694275 0.0009287594002671
2451683.867725391 1.0023609399795532 0.0009289687732234
2451683.906614145 1.00127112865448 0.0009288381552323
2451683.9392529195 1.0021363496780393 0.0009287632710765501
2451683.9732805775 1.0022222995758057 0.0009291825117543
2451684.0086971186 1.0029094219207764 0.00092889982624905
2451684.0427247756 1.0024584531784055 0.0009290314046666
2451684.078835758 1.0015674829483032 0.0009281492093577
2451684.114252298 1.0019415020942688 0.0009287806751672001
2451684.149668837 1.00198233127594 0.0009295240743085
2451684.184390934 1.002164840698242 0.00092975521693
2451684.219807473 1.0023325085639954 0.0009297753858845
2451684.255224011 1.0024466514587402 0.0009304436971433
2451684.2906405483 1.0020543932914734 0.0009301300742663
2451684.325362644 1.0023950338363647 0.0009310767345596
2451684.3607791807 1.003157138824463 0.0009313998743891
2451684.3955012755 1.0027135610580444 0.0009316044743172
2451684.4309178116 1.0027394890785217 0.00093196850502855
2451684.466334348 1.0024991035461424 0.0009324782877229
2451684.501056442 1.0031007528305051 0.0009328935993835
2451684.536472977 1.0029825568199158 0.0009334121714345499
2451684.5718895127 1.0030610561370847 0.0009337194496765
2451684.6066116053 1.002521276473999 0.0009344087447971
2451684.6420281404 1.0027472376823425 0.0009347748709842
2451684.6774446745 1.003618240356445 0.0009351288899779
2451684.712166767 1.0035477876663208 0.0009353382629342
2451684.747583301 1.0030707716941833 0.0009354765352326501
2451684.7829998345 1.0030667781829832 0.0009358397801406
2451684.817721926 1.003435730934143 0.0009357450762763
2451684.853138459 1.0036242008209229 0.00093608919996765
2451684.8878605505 1.0033500790596008 0.00093626428861165
2451684.9232770833 1.0030727386474607 0.0009366830345243
2451684.958693616 1.00409334897995 0.0009362722048535501
2451684.994110148 1.0039212703704832 0.0009355137590318
2451685.028832238 1.003398060798645 0.0009353011846542
2451685.0642487705 1.0035552382469177 0.00093616230878975
2451685.099665302 1.0035291910171509 0.0009357618400827
2451685.134387391 1.0041601657867432 0.0009362299460917
2451685.1698039225 1.003889560699463 0.0009365632140543
2451685.2052204534 1.0035940408706665 0.0009369612671434
2451685.2399425423 1.0037851333618164 0.0009364908328279
2451685.2753590727 1.0039626359939575 0.0009365500300190499
2451685.310775603 1.0040637254714964 0.0009363703429698
2451685.3454976915 1.0038797855377195 0.00093636859674
2451685.3809142215 1.0037131309509275 0.00093612979981115
2451685.416330751 0.955251395702362 0.0009260249207727
2451685.4510528385 0.8447180390357971 0.0009016704279929
2451685.4864693675 0.8179462254047394 0.0008955289085861001
2451685.5218858966 0.8179804682731628 0.0008960356935858
2451685.5566079835 0.8409779071807861 0.0009016921976581
2451685.592024512 0.9537215828895569 0.0009290771267842
2451685.6274410402 1.0038975477218628 0.0009393526706844
2451685.6621631263 1.0040768384933472 0.0009397468529641
2451685.6968852123 1.0038260221481323 0.0009400077397003
2451685.73230174 1.003634750843048 0.00094030762556935
2451685.767718267 1.004347324371338 0.0009403832955285
2451685.8024403527 1.0043197870254517 0.0009404360316693
2451685.8378568795 1.0042475461959839 0.0009402974392287
2451685.8732734057 1.0041358470916748 0.0009404225856997
2451685.907995491 1.0042587518692017 0.000940944883041
2451685.9434120166 1.004397213459015 0.00094017889932725
2451685.9788285424 1.0042510032653809 0.0009393821819685
2451686.0135506266 1.0033105611801147 0.0009395986562594
2451686.048967152 1.0045686960220337 0.00093916896730655
2451686.0843836768 1.0042362213134763 0.0009394201915711
2451686.11910576 1.0038752555847168 0.0009402220603078
2451686.1545222844 1.0039421319961548 0.00094028306193645
2451686.189938809 1.0042957067489624 0.0009407512261532
2451686.224660891 1.0043550729751587 0.000940654950682
2451686.260077415 1.003901481628418 0.0009406985191162
2451686.2954939385 1.0044292211532593 0.0009399987757205
2451686.33021602 1.004419445991516 0.0009398816036991
2451686.365632543 1.004315972328186 0.0009389801707584
2451686.401049066 1.004227876663208 0.0009397795074619
2451686.435771147 1.0038893222808836 0.000939147255849
2451686.471187669 1.0043492317199707 0.0009396747336722501
2451686.5066041905 1.0036027431488037 0.0009408587357029
2451686.5413262704 1.0042848587036133 0.0009413580410182
2451686.576742792 1.0043614506721497 0.0009420773712917501
2451686.612159313 1.0046546459197998 0.000942415324971
2451686.646881392 1.0040715932846067 0.000943114166148
2451686.682297913 1.0042827725410461 0.0009436166437808
2451686.717714433 1.0045336484909055 0.0009438812267035
2451686.7524365117 1.004411697387695 0.0009440270368941
2451686.7878530314 1.0044797658920288 0.00094403125694945
2451686.8232695507 1.0050238370895384 0.0009444204624742
2451686.8579916283 1.0046212673187256 0.0009450276265852
2451686.893408147 1.004953920841217 0.0009456905245315
2451686.9288246655 1.0045254230499268 0.0009444809984415
2451686.963546742 1.0043795108795166 0.0009443818125873
2451686.99896326 1.0039984583854673 0.0009433992381673
2451687.034379778 1.0042309761047363 0.000942675746046
2451687.0691018538 1.003912329673767 0.0009437599219381
2451687.1045183707 1.0037842392921446 0.00094346818514165
2451687.1399348876 1.0045109987258911 0.0009439481073059
2451687.174656963 1.003839373588562 0.0009437785483896
2451687.210073479 1.0037506818771362 0.00094412366161115
2451687.245489995 1.0043295621871948 0.0009440305875614
2451687.2802120694 1.004178762435913 0.0009441797155886
2451687.3156285845 1.003504991531372 0.0009431736252736
2451687.3510450996 1.003007411956787 0.000942439015489
2451687.3857671726 1.0042412281036377 0.0009427424520254
2451687.4211836876 1.0048829317092896 0.0009421899158041
2451687.4566002013 1.0048344135284424 0.0009430813952349
2451687.491322274 1.0054224729537964 0.0009432447259314
2451687.526738787 1.0043486952781677 0.00094377124332815
2451687.5621553003 1.0030536651611328 0.0009452145313844
2451687.596877372 1.0028551816940308 0.0009456541738472
2451687.6322938846 1.003474235534668 0.0009463976603001
2451687.667710397 1.0034178495407104 0.0009467239724472
2451687.7024324676 1.0037364959716797 0.0009476019185967
2451687.7378489794 1.0036279559135437 0.00094760805950495
2451687.773265491 1.0040228366851809 0.0009475804399698
2451687.8079875605 1.0033727884292605 0.0009473253157921
2451687.8434040714 1.0034714937210083 0.00094855812494635
2451687.877431699 1.002981662750244 0.000948003551457
2451687.9156259745 1.0046953558921814 0.0009482950263190501
2451687.9489591606 1.0035970211029053 0.00094733474543315
2451687.9836812285 1.00429767370224 0.0009479869913775
2451688.019097738 1.0045734643936155 0.0009470786899328
2451688.054514247 1.003937005996704 0.0009460029250476
2451688.0899307556 1.0034985542297363 0.0009463258320465
2451688.1246528225 1.004269003868103 0.0009471228113397
2451688.1586804474 1.0040516853332517 0.0009470543300267
2451688.194791397 1.004067838191986 0.000948008702835
2451688.2302079042 1.0037972927093504 0.0009473403333686
2451688.26492997 1.0045053958892822 0.0009467089548707
2451688.305902007 1.003288745880127 0.0009458887507207
2451688.336457425 1.0039448738098145 0.0009458000713493
2451688.370485048 1.0044561624526975 0.0009454567916691
2451688.4052071124 1.0042632818222044 0.0009449060307815
2451688.440623618 1.0033090114593506 0.00094488036120305
2451688.4760401235 1.004173994064331 0.0009454364771954
2451688.5114566283 1.0042349100112915 0.0009465329058002
2451688.546873133 1.0035616159439087 0.0009477756684646
2451688.581595196 1.0042263269424438 0.0009490500669926
2451688.6170117 1.004147469997406 0.00094981442089185
2451688.654511527 1.0039488077163696 0.000950359593844
2451688.6878447067 1.0042310953140259 0.0009511546813882
2451688.7225667685 1.0045992732048035 0.00095180125208565
2451688.7579832715 1.004671573638916 0.0009524927590973
2451688.7927053324 1.0037612915039062 0.0009521594038233
2451688.828816276 1.004241704940796 0.0009525376372039
2451688.8635383365 1.004499912261963 0.0009524842025712
2451688.898954838 1.0039029717445374 0.0009528436348772999
2451688.933676898 1.0035637617111206 0.0009527015208732001
2451688.969093399 1.0041253566741943 0.0009519160958006
2451689.0038154586 1.0042273998260498 0.0009518136503174
2451689.0399264 1.0034106969833374 0.0009512482210993
2451689.0746484585 1.0043801069259644 0.0009518288425169
2451689.1093705175 0.9998807907104492 0.0009505822090432
2451689.145481458 0.9899305701255798 0.000949052744545
2451689.1802035156 0.987144649028778 0.0009482379537075
2451689.214231132 0.9867925941944122 0.0009472824167459999
2451689.250342072 0.9865347445011139 0.0009474346588831
2451689.28575857 0.9952950477600097 0.0009482212481088
2451689.3197861854 1.0031570792198181 0.0009496177663095
2451689.3558971244 1.0040051937103271 0.00094923339202065
2451689.391313622 1.004769802093506 0.0009484475594945
2451689.4246467953 1.002861261367798 0.0009483877802267
2451689.462146615 1.003684639930725 0.0009488793439231
2451689.4968686705 1.0043035745620728 0.0009497142164036
2451689.5308962846 1.0036913752555847 0.00095151722780425
2451689.5670072213 1.0034660100936887 0.00095324942958535
2451689.602423717 1.0042967796325684 0.0009549360838718
2451689.6371457707 1.0035595893859863 0.0009554047137498
2451689.673256707 1.0039868354797363 0.0009561305632814
2451689.7079787604 1.0040019750595093 0.0009568299283273
2451689.742700814 1.004125475883484 0.0009566082735545
2451689.778117308 1.0036411881446838 0.00095722402329555
2451689.8135338016 1.0039949417114256 0.0009571762057021
2451689.8489502952 1.0031999945640564 0.0009572131966706
2451689.8836723473 1.0042162537574768 0.0009572686103637999
2451689.91908884 1.0043290853500366 0.0009576062439009
2451689.955199774 1.0038529634475708 0.0009568277746438
2451689.9899218255 1.0036553144454956 0.000956654374022
2451690.0246438766 1.0041418075561523 0.0009569281828589
2451690.0593659272 1.00374698638916 0.0009566592052578
2451690.0947824186 1.0040092468261719 0.00095718237571415
2451690.13019891 1.0041273832321167 0.0009579712641425
2451690.16492096 1.0038267374038696 0.0009572514682076
2451690.19964301 1.00459885597229 0.00095721706748
2451690.2350595007 1.0042608380317688 0.00095647104899395
2451690.2704759906 1.0034776926040647 0.00095524470089
2451690.3051980394 1.0040489435195925 0.0009539333987049
2451690.3406145293 1.0041289925575256 0.00095318234525615
2451690.376031019 1.004041075706482 0.0009528170339763
2451690.410753067 1.004032015800476 0.000952060741838
2451690.446169556 1.0033389329910278 0.0009525862988084
2451690.4815860447 1.0035324096679688 0.0009531205869279
2451690.516308092 1.0032049417495728 0.000955861294642
2451690.55172458 1.0034475922584534 0.00095758697716515
2451690.587141068 1.003763437271118 0.0009595829760655
2451690.6218631146 1.0038204193115234 0.0009611308923922
2451690.6572796023 1.0035620331764221 0.0009620014461687999
2451690.69269609 1.0039434432983398 0.0009625341626815
2451690.7274181354 1.0040763616561887 0.0009635149617679
2451690.7628346225 1.0036981105804443 0.0009633517765905
2451690.798251109 1.0045742988586424 0.0009640625212341
2451690.8329731543 1.003995060920715 0.0009648876730352
2451690.86838964 1.0045567154884338 0.0009653561864979
2451690.903806126 1.0044257640838623 0.0009656205656938
2451690.938528171 1.003796339035034 0.0009660492069087
2451690.9739446566 1.004300057888031 0.0009655647736508
2451691.0093611414 1.003541111946106 0.0009646524558775
2451691.0440831855 1.0033292770385742 0.000964154722169
2451691.0794996703 1.003791332244873 0.0009639847849029499
2451691.1149161546 1.0039188861846924 0.000963861530181
2451691.1496381983 1.004535436630249 0.0009635721216909
2451691.185054682 1.0036424398422241 0.0009638709598220501
2451691.2204711665 1.0040076971054075 0.0009632946457713
2451691.2551932093 1.004862070083618 0.0009630105341784
2451691.290609693 1.0034610033035278 0.00096113511244765
2451691.326026176 1.0038825273513792 0.0009605513187125
2451691.3607482184 1.0036875009536743 0.0009593467693775
2451691.3961647013 1.003182291984558 0.0009587613167241
2451691.4315811843 1.0043407678604124 0.0009590929257683
2451691.466303226 1.00443959236145 0.0009601874044165
2451691.5017197086 1.0039483308792114 0.00096110807498915
2451691.537136191 1.004137635231018 0.0009635411552153
2451691.5718582324 1.0042153596878052 0.0009651751606725
2451691.6072747144 1.0044201016426086 0.0009673454624134501
2451691.642691196 1.003224730491638 0.0009687612764537
2451691.677413237 1.0041258335113523 0.0009703920804895
2451691.7128297184 1.0042986869812012 0.0009713736362754999
2451691.746857318 1.0033074617385864 0.000971783301793
2451691.784357122 1.0034595727920532 0.0009723578114062
2451691.8176902807 1.0033986568450928 0.0009724480914883
2451691.855190084 1.0024070739746092 0.000973807182163
2451691.889217683 1.0044148564338684 0.0009744686249177
2451691.9232452824 1.0040202140808103 0.0009749777964316
2451691.958661763 1.003418207168579 0.00097435500356365
2451691.9933838025 1.0033320188522339 0.00097414240008215
2451692.029494724 1.0040680766105652 0.00097285278025075
2451692.0649112044 1.0037886500358582 0.0009727856086101
2451692.0996332434 1.003677487373352 0.0009720082744024
2451692.135049724 1.0036025643348692 0.0009719936933834
2451692.171855085 1.0039702653884888 0.0009717560024
2451692.205188243 1.0034210681915283 0.000971013912931
2451692.240604723 1.0041573047637937 0.0009710192680358501
2451692.2760212026 1.004452109336853 0.0009704113472253
2451692.3107432416 1.003442645072937 0.0009693857864476
2451692.3461597213 1.0040736794471743 0.0009682436939328499
2451692.381576201 1.0023337602615356 0.0009669360588304
2451692.421159325 1.0045620799064636 0.0009668346319812501
2451692.4510202785 1.003901958465576 0.0009658985654823
2451692.486436758 1.0043965578079221 0.0009671619627624501
2451692.5218532374 1.0049787759780884 0.0009683693060651
2451692.5558808353 1.005155622959137 0.0009705002594273
2451692.5933806365 1.0048438906669617 0.00097249649115835
2451692.627408235 1.0053522586822508 0.0009737242944538
2451692.664213596 1.0049960017204285 0.00097562151495365
2451692.697546753 1.0053447484970093 0.00097664265194905
2451692.7329632323 1.0051052570343015 0.0009782527340576
2451692.7683797115 1.0054581761360168 0.0009794328361748999
2451692.80310175 0.999151200056076 0.00097914953948925
2451692.83851823 0.8991914987564088 0.0009600217454135
2451692.873240269 0.824062168598175 0.0009453992242924
2451692.9072678667 0.8173841238021851 0.00094452538178295
2451692.944073228 0.8237293958663939 0.0009472112287767
2451692.9787952667 0.898067057132721 0.0009639891213737
2451693.014211747 0.9956301748752594 0.0009818585822357999
2451693.0496282266 1.0058557987213137 0.00098280783277
2451693.083655825 1.0054979920387268 0.0009819823899306001
2451693.121155627 1.0052308440208435 0.0009815451339818
2451693.155183226 1.005823016166687 0.0009810008341446
2451693.1899052653 1.0055155754089355 0.0009811989730224
2451693.2253217455 1.0055569410324097 0.0009812875068746
2451693.260738226 1.006116271018982 0.0009805815061554
2451693.2954602665 1.005629062652588 0.0009802198037505
2451693.330876747 1.0049257278442383 0.0009780295658856001
2451693.3655987876 1.006064236164093 0.00097759114578365
2451693.4010152686 1.0050387382507324 0.0009760386310517
2451693.4364317497 1.0039297938346863 0.0009750929602887
2451693.4718482317 1.0043952465057373 0.0009744546259753
2451693.5065702726 1.0042617321014404 0.0009753151098266
2451693.5412923135 1.0048431158065796 0.0009782228153198
2451693.5774032366 1.0053924322128296 0.000980247859843
2451693.6121252785 1.0046355724334717 0.0009816366946324
2451693.6475417614 1.0049532651901245 0.00098419567802915
2451693.682958244 1.0049477815628052 0.0009856439428403
2451693.7176802866 1.0050290822982788 0.0009868708439171
2451693.7530967705 1.0049744844436646 0.0009878551936708
2451693.788513254 1.005437970161438 0.0009878933196887
2451693.823235297 1.0053315162658691 0.0009893758688122
2451693.8586517824 1.0055325031280518 0.00099047907860945
2451693.8940682667 1.0057060718536377 0.0009924088371917
2451693.9287903113 1.005488634109497 0.0009924893965944
2451693.964206797 1.0054799914360046 0.00099291407968845
2451693.999623283 1.005326509475708 0.0009918658761307
2451694.0343453283 1.005374312400818 0.0009893211536109
2451694.0697618155 1.004730224609375 0.0009881679434328998
2451694.1058727438 1.0053911805152893 0.00098627211991695
2451694.1399003495 1.0052292346954343 0.0009859899291768
2451694.1753168376 1.0051074624061584 0.00098611792782315
2451694.210733326 1.0053868293762207 0.0009865323081612
2451694.2454553745 1.0050842761993408 0.000986858503893
2451694.2808718644 1.0055347681045532 0.00098696129862215
2451694.316288355 1.0051150321960447 0.0009856998221948
2451694.3510104045 1.0049319267272947 0.0009831368224695
2451694.386426896 1.0054057240486145 0.0009812279604375
2451694.421843388 1.004833936691284 0.0009793927893042
2451694.4558709986 1.0039969086647034 0.00097798841306935
2451694.491981933 1.0042333006858823 0.0009777027298696
2451694.527398427 1.0048284530639648 0.0009784882422536
2451694.562120481 1.0050771236419676 0.000979310250841
2451694.597536976 1.0048618912696838 0.00098154135048385
2451694.632953472 1.0058374404907229 0.0009827195899561
2451694.666981087 1.0053457021713257 0.00098414788953955
2451694.7030920256 1.0057414174079895 0.0009844628511927501
2451694.738508524 1.005287528038025 0.0009842246072366
2451694.773230582 1.0047811269760132 0.0009840115671977
2451694.807952641 1.0051487684249876 0.0009835492819547
2451694.8419802594 1.0052595734596252 0.0009829778573475
2451694.8787856437 1.0054816007614136 0.0009834400843828
2451694.913507705 1.0051617622375488 0.0009840783895924
2451694.948924209 1.0055752992630005 0.0009839652921072501
2451694.984340714 1.0049452781677246 0.0009828608017414
2451695.019062778 1.0053580999374387 0.0009818483376875
2451695.054479284 1.004624366760254 0.0009792482014745001
2451695.0898957923 1.0048702955245972 0.0009768828749656
2451695.1246178597 1.0043033361434937 0.0009753007325343
2451695.1600343697 1.0043292045593262 0.0009733545593917
2451695.19545088 1.0043290853500366 0.0009719851077534
2451695.2301729512 1.0040709972381592 0.000971071596723
2451695.2655894645 1.0042203068733215 0.00097046868177125
2451695.3010059786 1.0036778450012207 0.0009697674540802
2451695.3357280525 1.0034382343292236 0.0009685951517894
2451695.3711445695 1.0037230849266052 0.0009669541905167999
2451695.4065610874 1.0034102201461792 0.0009652817388996
2451695.4412831645 1.0038509368896484 0.0009633285808376
2451695.4766996847 1.0030422806739807 0.00096212560310955
2451695.5121162063 1.0032213926315308 0.0009605973609723
2451695.5468382877 1.0037806034088137 0.0009610033594071
2451695.582254811 1.0026667714118958 0.0009619802294764
2451695.617671336 1.0036910772323608 0.0009624845697544
2451695.6523934207 1.0028048753738403 0.0009623622172512
2451695.687809948 1.0030695796012878 0.00096292103989975
2451695.723226476 1.0033761262893677 0.0009623286314308
2451695.757948563 1.002501368522644 0.0009605347877368
2451695.793365093 1.0026180148124695 0.0009585422521922
2451695.8287816234 1.0028156042099 0.0009560767211951
2451695.863503712 1.002293586730957 0.0009539541788399
2451695.8989202436 1.0015140771865845 0.0009513973782304501
2451695.9343367754 1.0022295713424685 0.0009484799811616
2451695.9690588647 1.0015749931335447 0.0009438539855182
2451696.004475395 1.00141179561615 0.0009399573609698
2451696.039891925 1.0009849071502683 0.0009364654542878
2451696.0746140117 1.0002130270004272 0.0009319021482951
2451696.109336097 1.000533938407898 0.0009305185521952
2451696.145447063 0.999798595905304 0.0009297918877564
2451696.1801691423 1.0003401041030884 0.000930440321099
2451696.2155856597 0.9998955130577086 0.0009298700315411501
2451696.2510021725 0.9992525577545166 0.0009296982898376
2451696.286418679 1.0000514090061188 0.0009301625250373001
2451696.321140738 0.999559700489044 0.00092995929298915
2451696.3565572305 0.9995224475860596 0.000930419540964
2451696.3829459837 1.000008463859558 0.0009302682592533
2451697.352380629 1.0014570951461792 0.0009264438413083
2451697.3759914227 1.0015900135040283 0.0009262956446036
2451697.4114076104 1.0012248158454895 0.0009270565351470999
2451697.446129361 1.0000638961791992 0.0009266020497306999
2451697.4815455433 0.9996045827865601 0.00092683287221
2451697.5162672885 0.9985126256942748 0.0009266012348234
2451697.5523779015 1.0001676082611084 0.0009269238798879
2451697.5864052083 0.9995628893375397 0.0009269572619814001
2451697.622515817 1.000004917383194 0.0009269170695915001
2451697.65793199 1.0002624988555908 0.0009267566492781
2451697.692653727 0.9995494484901428 0.0009263945976272
2451697.728069897 1.0004101395606995 0.0009265690459869501
2451697.7641805 0.9999561309814452 0.00092730237520295
2451697.797513364 0.9986203014850616 0.0009268985013476999
2451697.8315406614 1.0001354217529297 0.0009269531583413
2451697.869040131 1.0000351667404177 0.0009264528052881
2451697.904456296 1.0005186796188354 0.0009267790592275
2451697.939178025 1.0000327825546265 0.0009268611029256
2451697.9745941884 1.0001335144042969 0.0009272589813917
2451698.010010351 0.9997334182262421 0.0009269792644772
2451698.0447320784 1.0001445412635803 0.00092689739540215
2451698.081537109 1.00093412399292 0.0009266400593332
2451698.1148699657 1.001233458518982 0.0009266423876397
2451698.149591692 1.001924991607666 0.0009264210239052
2451698.1857022857 1.0018208026885986 0.0009272430324926
2451698.2204240104 1.0021095275878906 0.0009269956499338
2451698.2558401693 1.0020451545715332 0.0009273654140996999
2451698.291256328 1.0025951862335205 0.0009278681827709
2451698.3259780514 1.0027270317077637 0.0009276496712118
2451698.3606997747 1.0029388666152954 0.0009282043320126
2451698.3968103663 1.0030516386032104 0.000928622437641
2451698.431532089 1.0025569200515747 0.0009287514840252
2451698.4669482457 1.002086579799652 0.00092938737361685
2451698.502364402 1.0024538040161133 0.0009298663935624
2451698.5370861236 1.0027307271957395 0.0009300886304117
2451698.5725022797 1.0023449659347534 0.0009308060689363
2451698.6079184352 1.0025902986526487 0.0009305430576205
2451698.642640156 1.0027928352355957 0.0009315151255577
2451698.6787507455 1.0025051832199097 0.0009309672750532
2451698.713472466 1.0029325485229492 0.0009319097734987
2451698.748194186 1.0024259090423584 0.0009321557008661
2451698.78361034 1.0023148655891418 0.0009329820168204499
2451698.8190264944 1.0028179883956907 0.0009329417371191
2451698.8537482144 1.002663016319275 0.0009327617590315
2451698.8891643677 1.0030807256698608 0.0009325668215751
2451698.9245805214 1.002732753753662 0.0009323422564193
2451698.95930224 1.0031017065048216 0.000932335620746
2451698.9947183933 1.0028290748596191 0.00093210904742585
2451699.030134546 1.0028169155120847 0.0009318468510173
2451699.0648562643 1.0027869343757627 0.00093259647837835
2451699.100272417 1.0034489035606384 0.00093336676945905
2451699.135688569 1.003088355064392 0.0009326005820184
2451699.1704102866 1.0030643939971924 0.0009337989613413
2451699.205826438 1.0031668543815613 0.0009324211569036499
2451699.24124259 1.0031253099441528 0.000932847673539
2451699.275964307 1.003380537033081 0.0009324529673904
2451699.310686024 1.003106713294983 0.0009322353289462
2451699.3467966095 1.003556728363037 0.0009328649612143
2451699.3815183262 1.0032581090927124 0.0009326671715825
2451699.417628911 1.0031659603118896 0.0009329952299594
2451699.452350627 1.003714084625244 0.0009335638023912
2451699.487072343 1.003633975982666 0.0009347152663394
2451699.521794059 1.0036301612854004 0.0009344783029519
2451699.557210209 1.0040115118026733 0.0009351317712570999
2451699.592626358 1.003448247909546 0.0009354199864901
2451699.6273480733 1.00368332862854 0.0009356290684081
2451699.6627642224 1.003613829612732 0.00093512219609685
2451699.6981803714 1.00403892993927 0.0009356634691357
2451699.731513217 1.003101825714111 0.0009352848283015
2451699.7683182345 1.003710150718689 0.0009361022675875
2451699.803734383 1.003626585006714 0.0009362350101582
2451699.8384560966 1.0036417245864868 0.0009358606184832
2451699.8731778106 1.003578543663025 0.000936483091209
2451699.9092883924 1.0034396648406982 0.0009365932783111
2451699.944010106 1.003609538078308 0.0009367933962494
2451699.979426253 1.0038371086120605 0.0009354050271213
2451700.0148424003 1.004307508468628 0.0009353763889521
2451700.049564113 1.0045400857925415 0.0009352027554996
2451700.0849802596 1.003645420074463 0.0009354061039630001
2451700.120396406 1.004374623298645 0.0009361671982333
2451700.1551181176 1.0040130615234375 0.000935811898671
2451700.190534264 1.003744661808014 0.0009361354168504
2451700.2259504097 0.9542081356048584 0.0009248475544154
2451700.260672121 0.8438479900360107 0.0008987179608084
2451700.296088266 0.8185414969921112 0.0008934182114899
2451700.331504411 0.8188709616661071 0.0008927498711273
2451700.366226122 0.843314290046692 0.0008978519472293
2451700.4016422667 0.9568560719490051 0.00092425226466725
2451700.437058411 1.0039924383163452 0.000935697928071
2451700.471780121 1.00463604927063 0.000936253753025
2451700.507196265 1.004541039466858 0.00093681868747805
2451700.5426124083 1.0044959783554075 0.0009377668611705
2451700.5773341176 1.0042486190795898 0.0009381328709423
2451700.612750261 1.004167914390564 0.0009389004553667501
2451700.648166404 1.0052050352096555 0.0009384815930388
2451700.6828881125 1.0047839879989624 0.0009381140698678
2451700.718304255 1.0047349333763123 0.000938446202781
2451700.753720397 1.004530429840088 0.0009378498652949
2451700.788442105 1.0048921108245847 0.0009384205914102
2451700.8238582467 1.0050681233406067 0.0009387760946992501
2451700.859274388 1.004113793373108 0.0009390539489686
2451700.8939960953 1.0048760175704956 0.0009389565093442
2451700.9294122364 1.0045273303985596 0.00093852967256675
2451700.9648283767 1.0040584802627563 0.0009381964919157
2451700.999550083 1.004647135734558 0.0009379638941027
2451701.0349662234 1.0045652389526367 0.0009379277180414001
2451701.0703823636 1.0041298866271973 0.0009379966650158
2451701.1051040688 1.0044009685516355 0.0009379070834256
2451701.1405202085 1.0048903822898865 0.0009383928845636
2451701.175936348 1.0039963722229004 0.0009386934689246
2451701.2106580525 1.0049872398376465 0.0009386885212734
2451701.2460741913 1.0043583512306213 0.00093818778987035
2451701.2814903297 1.0049487352371216 0.0009374071960337
2451701.316212034 1.004323363304138 0.0009374146466143
2451701.3516281713 1.0044401288032532 0.0009368970058858
2451701.387044309 1.0050817728042605 0.0009376528905704
2451701.4217660124 1.004347324371338 0.000937714590691
2451701.4571821494 1.0046339631080627 0.0009388278995174
2451701.4925982864 1.005234956741333 0.0009396393434144
2451701.5273199887 1.0050420761108398 0.0009406181634403
2451701.562736125 1.0050918459892273 0.0009412159852217499
2451701.598152261 1.0049819946289062 0.0009419040288776
2451701.6280129245 1.005430519580841 0.0009424775198567
2451701.6669012303 1.005855679512024 0.0009425474854650999
2451701.7050951016 1.0053105354309082 0.0009422850562259
2451701.7384279347 1.0052931308746336 0.000942038197536
2451701.773149635 1.0047954320907593 0.0009419553680345
2451701.8092602035 1.0055052042007446 0.0009432004881091
2451701.842593036 1.005099177360535 0.0009422377916052
2451701.878703604 1.005263328552246 0.0009425065945833
2451701.914119737 1.0049611330032349 0.00094228322268455
2451701.950924739 1.0045467615127563 0.000941744481679
2451701.9842575695 1.005951762199402 0.0009419429115951
2451702.0196737023 1.0053677558898924 0.00094188420916905
2451702.055089835 1.0052199363708496 0.000941679929383
2451702.089811533 1.0052013397216797 0.0009416542015969
2451702.125922099 1.004963517189026 0.000942105660215
2451702.1606437974 1.0056148767471311 0.0009424431482329
2451702.1953654946 1.0048398971557615 0.000943180755712
2451702.230781626 1.0055422186851501 0.00094237987650555
2451702.2661977564 1.0053139925003052 0.00094164989423
2451702.301613888 1.0044105648994446 0.0009406630706506999
2451702.3363355836 1.0055181384086609 0.0009406118770129499
2451702.3724461477 1.0057981610298157 0.00094009330496185
2451702.40647341 1.0052207708358765 0.0009401622228324
2451702.4418895394 1.0054126381874084 0.00094154739053915
2451702.4773056684 1.005842685699463 0.0009423479787074
2451702.5120273633 1.005712389945984 0.0009437536937184
2451702.5474434923 1.005187749862671 0.00094450163305735
2451702.582859621 1.0058374404907229 0.0009461004519835
2451702.617581315 1.004358172416687 0.0009468864300288
2451702.6529974425 1.0059614777565002 0.0009474309335928
2451702.6884135706 1.0051069259643557 0.0009471577359363
2451702.723135264 1.0049574375152588 0.0009464063332416
2451702.758551391 1.0063487291336057 0.0009472606761846501
2451702.793967518 1.0052878856658936 0.0009472264791838
2451702.8286892106 1.0060495138168335 0.0009472782257944
2451702.8641053373 1.0061346888542175 0.00094742773217145
2451702.899521463 1.005940079689026 0.0009474313701502
2451702.932159853 1.0055816173553467 0.0009475246770307
2451702.96965928 1.0062010884284973 0.0009465260081923999
2451703.0050754054 1.0056774616241455 0.0009465230396017
2451703.0397970965 1.0061140060424805 0.0009461067384108
2451703.075213221 1.0060280561447144 0.0009459627035539
2451703.1106293458 1.00564444065094 0.0009466902120038
2451703.145351036 1.0061230659484863 0.0009469835204072
2451703.18076716 1.0062255263328552 0.00094735302263865
2451703.2161832834 1.0052063465118408 0.00094777130289
2451703.250904973 1.0065460205078125 0.000946519896388
2451703.286321096 1.0061624646186829 0.00094658980378875
2451703.321737219 1.0059987306594849 0.0009452135418541
2451703.3564589075 1.0055785179138184 0.0009444986935704
2451703.39187503 1.0054116249084473 0.00094411309692075
2451703.427291152 1.005667805671692 0.0009451349033042
2451703.46201284 1.0055588483810425 0.00094624661142
2451703.4974289616 1.0057474374771118 0.000948440429056
2451703.532845083 1.0060210227966309 0.000949096342083
2451703.56756677 1.006227970123291 0.0009509386727586
2451703.602982891 1.0056105256080627 0.0009518828883301
2451703.639093445 1.0057753920555115 0.00095228149439205
2451703.673120698 1.0062248706817627 0.000952593574766
2451703.708536818 1.0056222081184387 0.0009523740154690501
2451703.743952938 1.0062354803085327 0.0009520510211586
2451703.778674624 1.0063356161117551 0.0009527544607408
2451703.814090743 1.0055916905403137 0.00095321150729425
2451703.849506862 1.0065367221832275 0.0009536948055028
2451703.884228547 1.0061441659927368 0.0009543011547066
2451703.919644666 1.0032809972763062 0.00095319715910585
2451703.9550607842 0.9911729097366332 0.0009505037451162
2451703.9897824684 0.9883385300636292 0.0009488180512562
2451704.0251985863 0.9888201951980592 0.0009483198809902499
2451704.060614704 0.9879388213157652 0.0009478360880166
2451704.0953363874 0.9967049956321716 0.0009500786545686
2451704.130752505 1.0054627060890198 0.0009527695074210999
2451704.1661686213 1.0055272579193115 0.0009532864787615
2451704.2008903045 1.0066388845443723 0.0009534120326861
2451704.236306421 1.0059046745300293 0.0009528579830656999
2451704.2717225375 1.006293535232544 0.000952641130425
2451704.3064442193 1.0058149099349976 0.0009511144598945
2451704.3411659016 1.0064592361450195 0.0009501966414973
2451704.376582017 1.0057415962219238 0.0009495695412624
2451704.4119981327 1.0057724714279177 0.0009502574685029
2451704.446719814 1.0057926177978516 0.0009505723719485
2451704.482135929 1.005771517753601 0.00095216772751875
2451704.517552044 1.0063691139221191 0.0009542064508423
2451704.5522737247 1.0062401294708252 0.0009561727056279
2451704.5876898393 1.0069897174835205 0.00095728255109855
2451704.6238003867 1.0057355165481567 0.0009590039553586
2451704.6578276334 1.005684733390808 0.0009588635875843
2451704.693243747 1.005991816520691 0.00095901786698955
2451704.7286598603 1.0063503980636597 0.0009590376866981
2451704.7633815403 1.0059912204742432 0.0009597925236448
2451704.798797653 1.0056955218315125 0.0009602873760740499
2451704.8342137663 1.0053521394729614 0.0009607321699149
2451704.8689354453 1.00637686252594 0.0009608523687347
2451704.9043515576 1.0065995454788208 0.0009609301923774001
2451704.9397676704 1.0060193538665771 0.0009603624930605
2451704.9744893485 1.0060433149337769 0.0009593476424925
2451705.0099054608 1.005741536617279 0.0009588107350282
2451705.0453215726 1.0057703256607056 0.0009579957695677
2451705.0800432507 1.0058194398880005 0.0009584057261236
2451705.115459362 1.0062227249145508 0.00095811448409215
2451705.1508754734 1.0062922239303589 0.0009587776730768
2451705.185597151 1.005648493766785 0.0009590926929377
2451705.2203188282 1.0057581663131712 0.0009593757567927
2451705.256429373 1.0061578750610352 0.000957857875619
2451705.29115105 1.0063035488128662 0.0009565855725668
2451705.3265671604 1.0056633353233337 0.00095522476476615
2451705.361983271 1.0059535503387451 0.0009546388173475
2451705.3967049476 1.005768060684204 0.0009549048845656
2451705.432121058 1.0062460899353025 0.0009557455778121499
2451705.4675371675 1.005537509918213 0.0009576636948622
2451705.5022588437 1.0064301490783691 0.0009592770365998
2451705.53698052 1.005761742591858 0.0009616833413019
2451705.573091063 1.0061877965927124 0.0009637469192966
2451705.607812739 1.0066472291946411 0.0009657589835114
2451705.6432288485 1.0062897205352783 0.0009669658902566
2451705.6786449575 1.0069010257720947 0.0009670286090113
2451705.7133666333 1.0064407587051392 0.0009670832077972
2451705.748782742 1.006676435470581 0.0009676254121586
2451705.784198851 1.0063061714172363 0.0009686871198937
2451705.818920526 1.0062214136123655 0.0009694728651084
2451705.854336635 1.0066442489624023 0.00097050383919845
2451705.894613778 1.0064275860786438 0.00097009295132005
2451705.923779985 1.0073860883712769 0.0009694723703432501
2451705.9605849604 1.0066624879837036 0.0009685641853138
2451705.994612202 1.0065390467643738 0.0009666534606367
2451706.030722744 1.0062453746795654 0.00096655881498005
2451706.065444418 1.0065672397613525 0.0009655682079028
2451706.09947166 1.0063298940658567 0.0009655857575125
2451706.1355822016 1.0058702230453491 0.0009660155628807
2451706.170303876 1.0064222812652588 0.000966501655057
2451706.2071088506 1.0059191584587097 0.00096629114705135
2451706.241136092 1.0064965486526487 0.0009668547427281
2451706.277941067 1.0059762597084045 0.0009650607535149501
2451706.311968308 1.006304144859314 0.0009644146775826
2451706.3466899823 1.005855679512024 0.0009627701947465
2451706.38210609 1.0061665177345276 0.00096263102022925
2451706.417522198 1.0058857202529907 0.0009630886488594
2451706.4522438725 1.0061964988708496 0.0009646851685829
2451706.48765998 1.0070376992225647 0.0009670085855758999
2451706.5237705214 1.0057018399238586 0.00096865292289285
2451706.5577977626 1.0065690279006958 0.0009713997133076
2451706.593908304 1.0067375898361206 0.0009735312778502
2451706.6286299783 1.006309151649475 0.0009751290781423
2451706.6633516527 1.0068542957305908 0.0009765637805685
2451706.698073327 1.0068999528884888 0.0009768599411472
2451706.733489435 1.0069517493247986 0.0009769531316123
2451706.7689055433 1.0064865350723269 0.0009780329419299
2451706.803627218 1.006833791732788 0.0009788986062631
2451706.8390433257 1.007033884525299 0.00098128017270935
2451706.8744594343 1.0070213079452517 0.0009819880360737
2451706.909181109 1.0072020292282104 0.0009818315738812
2451706.9445972177 1.0064902901649475 0.000981091230642
2451706.9800133263 1.0069789886474607 0.0009793869685381
2451707.014735001 1.0068289041519165 0.000977618037723
2451707.0501511097 1.0066249370574951 0.0009760051616467
2451707.085567219 1.0071160793304443 0.0009753991616889
2451707.1202888945 1.0068457126617432 0.0009760820539668
2451707.155705003 1.006986141204834 0.00097715377341955
2451707.1911211126 1.0065407752990725 0.0009772279299795
2451707.225842789 1.0068129301071167 0.0009777655359357
2451707.2612588983 1.0066421031951904 0.0009778959210961502
2451707.2966750083 1.0064339637756348 0.0009776123333722
2451707.3313966845 1.0066561698913574 0.0009768628515303
2451707.3668127945 1.007187843322754 0.00097549398196855
2451707.402228905 1.0071477890014648 0.0009760992834344
2451707.436950582 1.0061774253845217 0.0009759704116731
2451707.4723666925 1.0066797137260437 0.00097709952387955
2451707.507782804 1.0066585540771484 0.0009792204946279
2451707.5425044815 1.0068424940109253 0.0009804595028981
2451707.5779205933 1.007209599018097 0.00098264304688195
2451707.613336705 0.9959933757781982 0.0009832804789766
2451707.6480583837 0.900809109210968 0.0009641884826123
2451707.683474496 0.826185017824173 0.0009504594199825
2451707.7188906083 0.8192926049232483 0.0009484011679887
2451707.7536122883 0.8258264660835266 0.0009511609678156
2451707.7890284015 0.9029200375080108 0.0009681189840193001
2451707.8237500815 0.998794823884964 0.00099014042643825
2451707.859860629 1.007328152656555 0.00099333073012525
2451707.8945823098 1.0076841115951538 0.0009945382480508998
2451707.929998425 1.0077255964279177 0.0009940824238583
2451707.964720106 1.008009433746338 0.0009929988300427
2451708.0001362218 1.00751793384552 0.000990729779005
2451708.0355523378 1.0075238943099976 0.0009882068261504
2451708.0702740205 1.0074048042297363 0.0009868352208286
2451708.1056901375 1.0078173875808716 0.00098625285318115
2451708.141106255 1.00788676738739 0.0009866103064268
2451708.175827939 1.007603883743286 0.000987388077192
2451708.2112440574 1.0077335834503174 0.0009878501296043001
2451708.246660176 1.0074869394302368 0.0009885679464787
2451708.2813818622 1.0076544284820557 0.0009882249869406
2451708.316797982 1.0073416829109192 0.0009872606606222
2451708.3522141026 1.007189393043518 0.00098524952773
2451708.38693579 1.007657766342163 0.0009845511522144
2451708.422351912 1.0071009397506714 0.0009833025396801
2451708.4577680347 1.007277011871338 0.0009832518408074
2451708.492489724 1.007915496826172 0.0009839157573878
2451708.527905848 1.006628155708313 0.0009846606408245502
2451708.5633219723 1.0074409246444702 0.0009861141443252
2451708.5980436634 1.0078394412994385 0.0009880292927846
2451708.6334597897 1.0079509615898132 0.00098996306769545
2451708.668875916 1.0080546140670776 0.0009917397983372
2451708.70359761 1.0084301233291624 0.0009929419029504
2451708.739013738 1.0078502893447876 0.0009925803751684
2451708.774429867 1.0071560144424438 0.0009925997583195
2451708.809151563 1.0085170269012451 0.0009933040710166
2451708.844567694 1.0080347061157227 0.0009938658913597
2451708.8799838256 1.0083488225936887 0.0009945215424522
2451708.914705524 1.0076675415039062 0.000995498150587
2451708.950121658 1.0082492232322693 0.0009945998317561502
2451708.9855377926 1.0081007480621336 0.0009928143117576
2451709.020259494 1.0083917379379272 0.0009905620245262
2451709.0556756305 1.0080214142799377 0.0009887680644168999
2451709.0910917684 1.0074285268783567 0.0009876254480332
2451709.125813473 1.008487105369568 0.0009862290462478
2451709.1605351786 1.0079787969589231 0.0009853325318545
2451709.1959513198 1.0084136724472046 0.0009858040721155
2451709.231367462 1.0088285207748413 0.0009861630387604
2451709.266089171 1.0086328983306885 0.000985657563433
2451709.301505315 1.0081912875175476 0.00098587048705665
2451709.336921461 1.007228136062622 0.0009840929415076
2451709.371643174 1.0080405473709106 0.0009812765056267
2451709.407059322 1.0076061487197876 0.0009786089067347
2451709.4424754716 1.0070292949676511 0.0009754398488439
2451709.477197188 1.0075603723526 0.0009732981561683
2451709.5126133403 1.0072906613349915 0.0009717084467410499
2451709.5480294935 1.0072137117385864 0.0009711451712064
2451709.5827512136 1.0072206258773804 0.000970842083916
2451709.6181673696 1.0061274766921997 0.0009717579814605
2451709.653583527 1.006947875022888 0.0009726933785714
2451709.6883052513 1.0074406862258911 0.0009742690599523
2451709.723721411 1.0071004033088684 0.0009750992176122499
2451709.7591375723 1.0070109367370603 0.000974623253569
2451709.7938593 1.0069801807403564 0.0009723846451379
2451709.8292754632 1.0068029761314392 0.00097047784947785
2451709.8646916277 1.0059555768966677 0.0009670158033259
2451709.899413358 1.0064073801040647 0.0009647366823628
2451709.9348295243 1.0059698820114136 0.0009620703931432
2451709.970245691 1.0058537721633911 0.0009598660399205
2451710.004967423 1.005915641784668 0.0009556020377203
2451710.0403835904 1.0052291750907898 0.0009502971661277
2451710.0757997576 1.0049586296081543 0.000946040614508
2451710.1105214893 1.004834771156311 0.0009388126200065
2451710.1459376547 1.0040218830108643 0.00093297526473175
2451710.181353819 1.0043681859970093 0.0009293236071243
2451710.2028812906 1.0047847628593445 0.0009286305867135
2452010.2850637604 1.0064749717712402 0.0007912239525467
2452010.31909234 1.0073681473731995 0.00079177241423165
2452010.3565932233 1.0078662037849426 0.0007917738694231
2452010.389232881 1.0080553293228147 0.000792286649812
2452010.4246503823 1.007813274860382 0.0007927650294732
2452010.460067883 1.0077390670776367 0.0007942252559587
2452010.4947909233 1.00712513923645 0.0007952427840791
2452010.5302084247 1.0071942210197449 0.0007966669800224999
2452010.5656259265 1.00687837600708 0.0007977836648933
2452010.6003489676 1.0069794654846191 0.0007985449046827
2452010.635072009 1.0061547756195068 0.0007985744741745
2452010.670489512 1.006613552570343 0.0007986096898093
2452010.705907015 1.0060657262802124 0.0007985162083059
2452010.740630057 1.005724549293518 0.0007983188261277
2452010.7760475613 1.0060091018676758 0.0007987034041434
2452010.811465065 1.005976915359497 0.0007989294826984
2452010.846188109 1.005955934524536 0.0007991625461727
2452010.881605614 1.0057793259620667 0.0007989821024239
2452010.917023119 1.0061392784118652 0.0007987495046108
2452010.951746164 1.0056065320968628 0.0007983254035934
2452010.9871636694 1.005302608013153 0.0007977021159604
2452011.0225811764 1.0060856342315672 0.0007972565363161
2452011.0573042217 1.006061315536499 0.0007971679442562
2452011.0927217295 1.0060718059539795 0.0007968564459587999
2452011.1281392365 1.005278468132019 0.0007965610129758
2452011.1628622836 1.005519151687622 0.0007966553093865
2452011.1982797915 0.9936012625694274 0.0007931859872769001
2452011.2336973003 0.8914523720741272 0.0007649668841622
2452011.2684203484 0.8240269422531128 0.0007449647528119
2452011.3038378577 0.8173121809959412 0.0007426863594445501
2452011.3392553674 0.8260328769683837 0.0007445144001394
2452011.373978416 0.9074354767799376 0.0007675854722037
2452011.4093959266 1.0011121034622192 0.0007932525477371501
2452011.444813437 1.0058166980743408 0.0007946141995489
2452011.4795364863 1.005645751953125 0.0007951651932671
2452011.514953998 1.0058951377868652 0.0007960705552249501
2452011.550371509 1.0058664083480835 0.000796957174316
2452011.5850945595 1.0057766437530515 0.0007976519991643
2452011.620512071 1.0059826374053955 0.00079850613838055
2452011.6559295836 1.005958080291748 0.0007987401331774
2452011.690652635 1.0060847997665403 0.000798974186182
2452011.7260701475 1.0059686303138733 0.00079887223546385
2452011.762182121 1.0057427287101746 0.0007990148442331
2452011.7962107123 1.0063763856887817 0.00079943294986145
2452011.8316282257 1.00624281167984 0.0007995336200110001
2452011.8670457387 1.0062959194183347 0.0007994972984306
2452011.9017687915 1.0062370300292969 0.0007994298066477999
2452011.9364918442 1.006359338760376 0.0007989783189259
2452011.9726038193 1.006528615951538 0.0007987341377884
2452012.0073268726 1.006007432937622 0.000798039836809
2452012.042744387 1.0066272020339964 0.00079763701069165
2452012.0781619013 1.0066161155700684 0.0007970348233357
2452012.112884955 1.0066109895706177 0.0007965758559294
2452012.14830247 1.0063813924789429 0.00079633374116375
2452012.1837199847 1.0063213109970093 0.0007961256778798
2452012.218443039 1.0067760944366455 0.0007959330105222
2452012.253166093 1.0067782402038574 0.0007956301560625
2452012.289278069 1.0066902637481687 0.0007952344603836
2452012.3240011237 1.0067143440246582 0.000794805237092
2452012.359418639 1.006929099559784 0.00079418404493475
2452012.3948361548 1.0070686340332031 0.0007939735660329
2452012.4295592094 1.0070269107818604 0.0007937987684272
2452012.464282264 1.00696861743927 0.0007940357900224
2452012.49969978 1.0071335434913635 0.0007947663252707
2452012.535117296 1.0069531202316284 0.0007954683387652
2452012.5705348123 1.0067745447158813 0.00079626665683455
2452012.605952328 1.0068564414978027 0.0007969585712999
2452012.640675383 1.0072818994522097 0.0007976234774105
2452012.6753984382 1.0071779489517212 0.0007981918752193
2452012.7108159545 1.0070503950119019 0.0007987178978509501
2452012.744844549 1.0067332983016968 0.0007983849500305
2452012.7816509875 1.0071818232536316 0.0007989326259121
2452012.8163740425 1.0072484016418457 0.0007993553299456501
2452012.851791559 1.00675892829895 0.0007988477591425
2452012.8865146143 1.0070198774337769 0.0007988805300556
2452012.921932131 1.0071234703063965 0.00079856280353845
2452012.9573496473 1.0068628787994385 0.0007981957751326
2452012.992072703 1.0071769952774048 0.0007976246997714
2452013.027490219 1.0071479678153992 0.0007972278690431
2452013.062907736 1.0071053504943848 0.0007967404089868
2452013.0976307914 1.007584810256958 0.0007963061798363
2452013.1323538464 1.0075989961624143 0.0007959138019941
2452013.167771363 1.0077011585235596 0.0007959234644658499
2452013.2031888794 1.0074694156646729 0.000795365544036
2452013.2393008573 1.007867693901062 0.0007952957530505
2452013.274023913 1.0075790882110596 0.0007949698483570499
2452013.308746968 1.007676124572754 0.0007945777615532
2452013.344164484 1.0076670050621033 0.00079404975986105
2452013.379582001 1.0074752569198608 0.0007935242610983
2452013.414305056 1.0076500177383425 0.0007933746674098
2452013.449722572 1.0077258944511414 0.00079343689139925
2452013.48583455 1.007457971572876 0.00079364507109855
2452013.5205576047 1.0077195167541504 0.0007941205694805499
2452013.55528066 1.0073963403701782 0.000794911320554
2452013.590003715 1.00728440284729 0.000795516767539
2452013.62472677 1.007445514202118 0.00079623749479645
2452013.6608387474 1.0076201558113098 0.0007967908168211
2452013.695561802 1.0075000524520874 0.0007970212900545
2452013.7302848566 1.007606029510498 0.00079755054321135
2452013.7663968336 1.008017897605896 0.00079767141141925
2452013.80181435 1.0075236558914185 0.0007976479246281
2452013.837231865 1.0077973008155823 0.0007978438807185
2452013.873343842 1.0078009366989136 0.0007978955400175501
2452013.907372435 1.0072779655456543 0.0007975591579452
2452013.9414010285 1.0075786113739014 0.00079735543113195
2452013.977513005 1.0074592232704163 0.00079670076956965
2452014.0129305203 1.00770902633667 0.0007963615935295
2452014.046959114 1.007889211177826 0.0007959292852319499
2452014.0823766286 1.0075381994247437 0.0007952899322845
2452014.118488605 1.00783109664917 0.0007952381856739
2452014.1525171977 1.007571816444397 0.00079503166489295
2452014.1886291737 1.0077574849128723 0.0007949374557938
2452014.2240466885 1.0076631307601929 0.0007948295678943
2452014.258075281 1.0075237154960632 0.0007944880926515499
2452014.294187257 1.0076085329055786 0.000794302788563
2452014.330299232 1.0078821182250977 0.0007939178613014
2452014.365022286 1.0075577497482298 0.0007934251334518
2452014.4004397998 1.0075879096984863 0.0007930871797725
2452014.4365517753 1.007596969604492 0.0007928787381388
2452014.469885906 1.0078096389770508 0.000793011393398
2452014.5059978813 1.0074093341827393 0.0007932435255497
2452014.541415395 1.0074015259742737 0.00079340350930575
2452014.575443987 1.0074728727340698 0.000794201507233
2452014.6115559614 1.007463455200195 0.0007947880658321
2452014.6455845525 1.0074517130851746 0.000795427855337
2452014.6810020665 1.0073063373565672 0.0007956455810926
2452014.7150306576 1.0073987245559692 0.0007959120266604999
2452014.7504481706 1.007543921470642 0.0007962220697663
2452014.7865601447 1.007657766342163 0.0007962610106915
2452014.820588736 1.00738126039505 0.00079613702837375
2452014.8560062484 1.0072115659713743 0.0007964454707689
2452014.892118222 1.0072129964828491 0.0007959501817822
2452014.9261468127 0.9975398778915405 0.0007932982989586499
2452014.962953247 0.9892359375953672 0.0007908941479399
2452014.9976762985 0.989263951778412 0.0007904022932052
2452015.03239935 0.988737404346466 0.0007899898919276
2452015.0685113226 0.9938814043998718 0.000790772261098
2452015.103234374 1.0050443410873413 0.0007938799681141
2452015.1372629637 1.0071613788604736 0.00079408846795555
2452015.1726804753 1.0074199438095093 0.0007940072682686
2452015.2087924476 1.0073089599609375 0.0007936868933029
2452015.242821037 1.0070578455924988 0.0007936326437629499
2452015.278933009 1.0076094269752502 0.0007935738540254
2452015.3143505207 1.0071454048156738 0.0007933994056656
2452015.3490735707 1.0077015161514282 0.0007932739390525
2452015.3844910813 1.007790744304657 0.0007927825790829499
2452015.4199085925 1.0075007677078247 0.0007925850222818
2452015.4553261027 1.0072193145751953 0.0007922069635242
2452015.4900491526 1.0077229142189026 0.00079234084114425
2452015.525466663 1.0073548555374143 0.0007926624966785
2452015.560884173 1.0071886181831358 0.0007929078419692
2452015.595607222 1.0073931813240051 0.0007937602931633
2452015.6310247323 1.0072780847549438 0.0007941128569655
2452015.666442242 1.0075138807296753 0.0007947177509777
2452015.7018597517 1.007630944252014 0.000795290688984
2452015.7365828003 1.0071468353271484 0.0007954073371365
2452015.77200031 1.0074292421340942 0.0007957586203701499
2452015.807417819 1.0075459480285645 0.0007957558264024
2452015.8421408674 1.007607102394104 0.0007958227070048
2452015.876863915 1.0074265003204343 0.0007957990164868
2452015.911586963 1.0076518058776855 0.0007958040223456
2452015.947004472 1.0072899460792542 0.00079512147931375
2452015.9824219802 1.007487654685974 0.0007950731669552
2452016.0178394886 1.0075966119766235 0.00079418977838935
2452016.052562536 1.0071261525154114 0.0007939987990539001
2452016.0879800445 1.007401943206787 0.0007937530172057
2452016.1233975524 1.0077558159828186 0.000793388695456
2452016.1581205996 1.0075178146362305 0.00079337408533315
2452016.1949270293 1.0076018571853635 0.0007933699525892
2452016.2289556153 1.0079159140586853 0.0007934119494166
2452016.2636786615 1.0077505111694336 0.00079360292875205
2452016.2949294033 1.0076847076416016 0.0007934549357742
2452016.3345136764 1.007380485534668 0.0007933290908113001
2452016.3699311833 1.0076627731323242 0.0007929860730655
2452016.4046542295 1.0075045824050903 0.000792734674178
2452016.4400717365 1.0075724720954895 0.0007925331010482999
2452016.4754892434 1.0071839094161987 0.0007921347860246
2452016.510212289 1.0074219703674316 0.0007922951481305
2452016.5456297956 1.0073667764663696 0.00079265394015235
2452016.581047302 1.0074597597122192 0.0007930947467684
2452016.615770347 1.0076518058776855 0.0007936789188534
2452016.6504933923 1.0073074102401731 0.000794242718257
2452016.6859108983 1.007271945476532 0.00079492287477475
2452016.7213284043 1.007957339286804 0.0007954891771078
2452016.7560514496 1.0074294805526731 0.0007954920874908
2452016.7914689546 1.0072458982467651 0.0007958050700835
2452016.8268864607 1.0076701641082764 0.0007957262569107
2452016.861609505 1.00698721408844 0.0007957388297654
2452016.89702701 1.0073439478874207 0.0007959278009366
2452016.9324445156 1.0070897340774536 0.0007957544876262
2452016.96716756 1.0075466632843015 0.0007954655447974
2452017.0025850646 1.0072576999664307 0.00079496501712125
2452017.0380025697 1.0071197748184204 0.0007944724638946
2452017.0727256136 1.0073896646499632 0.0007941342773847
2452017.108143118 1.0075073838233948 0.0007938460330478
2452017.1435606233 1.0071030855178833 0.0007936268229968
2452017.1782836667 1.0072370767593384 0.000793733051978
2452017.213701171 1.0073643922805786 0.0007937845948617
2452017.2491186755 1.007335186004639 0.0007941832882352
2452017.283841719 1.0077214241027832 0.0007941830554045
2452017.3192592226 1.007557213306427 0.00079395173816005
2452017.3546767267 1.0074069499969482 0.0007935090106911
2452017.38939977 1.0074331760406494 0.0007930923020467
2452017.424817274 1.0073114037513733 0.00079252084833565
2452017.4602347775 1.0074796676635742 0.0007923978264443
2452017.4949578205 1.0074752569198608 0.0007920445641502
2452017.530375324 1.0072702765464783 0.0007919319614302
2452017.565792828 1.0072543621063232 0.0007922269287519
2452017.6005158704 1.0074468851089475 0.0007928847917355
2452017.635933374 1.0075383186340332 0.0007935966132208
2452017.6713508773 1.0079188346862793 0.0007943491218611
2452017.70607392 1.0075498819351196 0.0007951373117975
2452017.741491423 1.0074191093444824 0.00079558874131175
2452017.776908926 1.0072871446609497 0.0007958494243212
2452017.8116319687 1.0073001384735107 0.0007960547227412
2452017.8470494715 1.0073360204696655 0.00079588763765055
2452017.8824669747 1.007102608680725 0.0007960699731484
2452017.9171900167 1.0077098608016968 0.0007957392954267
2452017.95260752 1.0072957277297974 0.00079555326374245
2452017.9880250227 1.007336378097534 0.0007950346916913
2452018.0227480647 1.0073966979980469 0.0007945814286358
2452018.0581655675 1.0072137713432312 0.0007942921365610999
2452018.09358307 1.0074820518493652 0.0007937620393931
2452018.1283061123 1.0074715614318848 0.0007937768823467
2452018.163723615 1.0073358416557312 0.00079373471089635
2452018.199141118 1.0074762105941772 0.0007940920768305
2452018.23386416 1.0072418451309204 0.0007940266514196
2452018.269281663 1.00762802362442 0.0007942992378957
2452018.3046991653 1.0077409744262695 0.0007941975491121
2452018.3394222073 1.0073310136795044 0.000793776474893
2452018.37483971 1.007460594177246 0.0007932339503895
2452018.410257213 1.0069904327392578 0.0007927050464786
2452018.444980255 1.007066011428833 0.0007926718099042
2452018.480397758 1.0075718760490417 0.00079271956929005
2452018.515815261 1.007407546043396 0.0007928502745926
2452018.550538303 1.0071425437927246 0.0007929340354166
2452018.585955806 1.00734543800354 0.0007932733569759
2452018.621373309 0.9477973580360411 0.0007781817694194
2452018.656096351 0.8389012813568115 0.0007476275786757
2452018.6908193934 0.8194723129272462 0.0007426652009598
2452018.7262368966 0.8212437331676483 0.00074388756183905
2452018.7616544 0.8552313446998595 0.0007535222684964
2452018.7963774423 0.9653506875038148 0.0007844073697924
2452018.8317949455 1.0075817704200745 0.0007961277442517999
2452018.867212449 1.007693648338318 0.0007961835362948
2452018.9019354917 1.0075247287750244 0.0007961587980389
2452018.9373529954 1.0076568126678467 0.00079609212116335
2452018.9727704995 1.0081002712249756 0.000795800006017
2452019.0074935425 1.0074418783187866 0.0007950232829898
2452019.0429110467 1.0078821182250977 0.0007946964760776
2452019.078328551 1.0077468156814575 0.0007942671654745
2452019.1130515942 1.0075881481170654 0.0007941661751829
2452019.148469099 1.0076863765716553 0.0007939024944789
2452019.1838866035 1.0081051588058472 0.0007937881164252
2452019.218609647 1.0077886581420898 0.0007939279894344
2452019.2533326913 1.0081671476364136 0.0007938836934044
2452019.289444657 1.0080231428146362 0.0007937264745123
2452019.3241677014 1.0080655813217163 0.000793659070041
2452019.359585207 1.0080660581588745 0.00079330508015115
2452019.3956971737 1.0080648064613342 0.0007930495485197
2452019.430420219 1.0082964897155762 0.00079228237154885
2452019.465837725 1.0078493356704712 0.0007922510267235
2452019.4998663096 1.0081970691680908 0.00079234081204045
2452019.535283816 1.0082610845565796 0.0007926365942694
2452019.5707013234 1.008623480796814 0.00079291043221015
2452019.606813291 1.0088975429534912 0.0007932932057883001
2452019.6415363373 1.0079378485679626 0.0007938632334116001
2452019.675564924 1.0085102319717407 0.0007943380624055
2452019.7116768924 1.0082684755325315 0.0007948181009851
2452019.747094401 1.0087151527404785 0.0007951316365506
2452019.7825119095 1.0085800886154177 0.0007953383610583
2452019.8165404964 1.008317470550537 0.000795511790784
2452019.8512635455 1.0085055232048035 0.0007957431662361501
2452019.887375516 1.0082773566246033 0.0007958397327456
2452019.9234874872 1.0083656311035156 0.00079584179911755
2452019.9582105363 1.0087096095085144 0.00079575474956065
2452019.9922391255 1.008806228637695 0.0007954058237373
2452020.026962176 1.0084673166275024 0.0007950446452014
2452020.0630741487 1.008802890777588 0.0007944564567878
2452020.099186122 1.0083616971969604 0.0007936468464322
2452020.1346036345 1.0084841847419739 0.0007932557491585
2452020.167937765 1.008402407169342 0.0007931213476695
2452020.2033552784 1.008835196495056 0.0007932847365736
2452020.239467254 1.0090906620025637 0.0007934785098768
2452020.2748847683 1.0086455345153809 0.0007935756293590999
2452020.310302284 1.0091233253479004 0.0007939133793115
2452020.3443308775 1.0086040496826172 0.0007936559559311
2452020.379053933 1.008568823337555 0.0007933671877253
2452020.4151659114 1.008923351764679 0.00079264794476325
2452020.4512778902 1.0085570812225342 0.0007922019867692
2452020.4860009477 1.0091953873634338 0.0007920911302789499
2452020.5207240055 1.009075403213501 0.0007921717478893
2452020.5568359867 1.0086539387702942 0.00079226179514075
2452020.590864585 1.0089997053146362 0.0007922468939796
2452020.6241987227 1.008373975753784 0.0007924059173092
2452020.6610051673 1.0088003873825073 0.00079303313395935
2452020.695728229 1.0086236000061035 0.0007932911685201501
2452020.7318402138 1.00838965177536 0.0007938785711303
2452020.767257739 1.0086792707443235 0.0007941935327835
2452020.8012863416 1.008446753025055 0.0007942408556118
2452020.836009407 1.0086429119110107 0.0007945615216158
2452020.8721213955 1.0083686113357544 0.0007946777623146
2452020.9082333855 1.0088749527931213 0.0007948246493469
2452020.942956453 1.0085445046424866 0.0007947270350995999
2452020.976985061 1.0084922313690183 0.0007943482487462
2452021.0137915155 1.0090243816375732 0.0007939095085021
2452021.0464312024 1.0086350440979004 0.0007929472485557
2452021.083237659 1.0089021921157837 0.00079263979569075
2452021.118655194 1.008713126182556 0.0007917147013358
2452021.154072731 1.0091030597686768 0.0007913503795862001
2452021.189490268 1.0086992979049685 0.0007908617262728
2452021.223518884 1.0086302757263184 0.0007903560472186
2452021.2575475005 1.0087462663650513 0.0007903003133833
2452021.294353965 1.0083185434341433 0.000790386198787
2452021.3304659696 1.0088221430778503 0.00079020319390105
2452021.3644945906 1.0085411071777344 0.0007900082855485
2452021.400606598 1.0085824728012085 0.0007895117159932
2452021.4353296836 1.008695363998413 0.00078906561248
2452021.4693583087 1.008842408657074 0.0007885525410529001
2452021.504775859 1.0086426734924316 0.0007879253826104
2452021.5408878727 1.0089582204818723 0.0007874824223108
2452021.5763054257 1.0085623860359192 0.00078672124072905
2452021.611722981 1.008973240852356 0.0007862641359679
2452021.6457516137 1.0085700750350952 0.00078570793266405
2452021.6804747097 1.0085684061050415 0.0007848629611544
2452021.7158922693 1.0083190202713013 0.0007839674944989
2452021.7520042923 1.0087255239486694 0.0007829842506907
2452021.7867273926 1.0081375837326048 0.0007818911108188
2452021.822839418 1.0082870721817017 0.0007814376149326
2452021.8582569826 1.0088050365447998 0.0007812487019691499
2452021.892285624 1.0080379247665403 0.0007809899398125
2452021.928397652 1.008292317390442 0.000780816480983
2452021.9631207557 1.0081660747528076 0.0007809372618794
2452021.9978438597 1.0080001354217527 0.0007809562957845
2452022.0332614244 1.008702278137207 0.0007811130199115
2452022.0686789877 1.0076366662979124 0.0007807525107637
2452022.103402086 1.0076828002929688 0.000780853559263
2452022.1402085666 1.0075085759162903 0.0007807734655216
2452022.1742371935 1.0070877075195312 0.0007807098445482
2452022.1922931974 1.0055410861968994 0.0007802030886523
2452023.129116372 1.0023648142814636 0.00078500463860105
2452023.1589779356 1.0034112930297852 0.0007863342179916
2452023.1923117726 1.0037554502487185 0.0007876813178882
2452023.2291178834 1.0040671229362488 0.0007887199462857
2452023.2645350834 1.0034888982772827 0.0007889344124123
2452023.2992578284 1.0035457611083984 0.000789055309724
2452023.334675028 1.003379762172699 0.00078887434210625
2452023.370092227 1.0030529499053955 0.0007887055398896
2452023.4041205165 1.0031518340110779 0.0007891421264502999
2452023.4402321707 1.0027490258216856 0.00078990324982435
2452023.4749549152 1.0024833679199219 0.0007905424863565
2452023.5103721144 1.002668023109436 0.0007914748857729
2452023.5471782237 1.0024582743644714 0.0007927270198706
2452023.580512058 1.0022218823432922 0.0007936329056974
2452023.615929258 1.0018346309661863 0.0007941285730339
2452023.651346458 1.002274513244629 0.00079442191054105
2452023.6867636587 1.00180447101593 0.0007944448152557
2452023.7214864045 1.0015813112258911 0.0007941416697576
2452023.756903605 1.0017203092575073 0.00079401736729775
2452023.7923208065 1.001082420349121 0.0007940253126434
2452023.827043553 1.0019341707229614 0.0007941795629449
2452023.862460755 1.0011780261993408 0.000794018182205
2452023.8978779567 1.0012978315353391 0.0007937494083307
2452023.932600704 1.0017917156219482 0.0007936682086437
2452023.968017907 1.0011137127876282 0.0007925591780803499
2452024.0034351097 1.001572012901306 0.0007923796074464
2452024.038157858 1.0014079809188845 0.0007922847871668
2452024.074963972 1.000990092754364 0.0007925872341729
2452024.1089922655 1.0010323524475095 0.0007929683197289
2452024.1437150147 1.0014537572860716 0.000793790561147
2452024.1791322194 1.000898838043213 0.00079423259012395
2452024.2145494237 1.0012809038162231 0.0007941983058117
2452024.2492721737 1.0013480186462402 0.0007939217612147
2452024.284689379 1.001109778881073 0.00079331436427305
2452024.320106584 1.001408934593201 0.000792731239926
2452024.35413488 1.0009317994117737 0.00079190084943545
2452024.3895520857 1.00115966796875 0.0007916274480521
2452024.425663747 1.000685691833496 0.0007914122543297
2452024.4603864984 1.0007251501083374 0.0007915163878351
2452024.4958037045 1.0007818341255188 0.00079212474520315
2452024.5312209115 1.0007822513580322 0.0007929177372716
2452024.5659436635 1.000385284423828 0.0007936442852951
2452024.60136087 1.0005314350128174 0.0007945169054436999
2452024.6367780776 1.000972867012024 0.0007950137951411
2452024.67150083 1.0005863904953003 0.0007952245650812
2452024.7062235824 1.0006815195083618 0.0007954434258863
2452024.74164079 1.0009148716926575 0.0007954296306706501
2452024.777057998 1.0007225275039673 0.0007953916210681
2452024.8117807508 1.000710129737854 0.0007954448810778
2452024.8471979587 1.000721037387848 0.0007955611508805
2452024.8826151667 1.000881910324097 0.0007953071617521
2452024.91733792 1.001153826713562 0.0007950601866468
2452024.952755128 1.0011922121047971 0.00079446079325855
2452024.987477882 1.0005224347114563 0.0007937244372442
2452025.02150618 1.0008075237274168 0.0007935861358419
2452025.0583122987 1.0006093978881836 0.0007930963183752501
2452025.0930350525 1.0010521411895752 0.00079337941133415
2452025.128452261 1.0006132125854492 0.0007936088368296
2452025.16386947 1.0007371306419373 0.0007940912328194499
2452025.199286679 1.001094102859497 0.0007945726974867
2452025.2333149775 1.000746488571167 0.0007943988020997
2452025.270121096 1.0009106397628784 0.0007938949856907
2452025.30484385 1.001124620437622 0.0007932514417916
2452025.339566604 1.000600814819336 0.0007926286198198
2452025.3749838127 1.0007826685905457 0.00079206647933455
2452025.4104010216 1.000800371170044 0.0007915465976111
2452025.4451237754 1.000965237617493 0.0007916456088423
2452025.4805409843 1.0009598135948181 0.0007918561168480001
2452025.515958193 1.0012792348861694 0.0007923882803879
2452025.550680947 1.0008198022842407 0.0007929105777293
2452025.586098156 1.0011720061302185 0.0007938991184346001
2452025.621515365 1.0008037090301511 0.0007944354438222
2452025.6562381187 1.00088894367218 0.0007951016305014
2452025.6916553276 1.0008091926574707 0.0007953550375532
2452025.727072536 1.0010691881179807 0.0007955084438435
2452025.7617952893 1.000927209854126 0.0007953253225423
2452025.7972124983 1.0007604360580444 0.0007953250606078
2452025.8326297067 1.0009818077087402 0.0007953771273605
2452025.86735246 1.0010114908218384 0.000795440049842
2452025.9027696685 1.0010306239128113 0.0007951031147967499
2452025.938186877 1.000910401344299 0.0007947889971546
2452025.9729096303 1.001420497894287 0.000794572813902
2452026.0083268383 0.986631840467453 0.0007901424542068999
2452026.0437440462 0.8845095634460449 0.0007614548667334
2452026.078466799 0.8181453943252563 0.0007426678203046
2452026.113884007 0.8132475316524506 0.0007408348901662501
2452026.1499956697 0.8222720921039581 0.0007439593318849501
2452026.1847184226 0.9107799530029297 0.0007687725883442501
2452026.219441175 0.9972182512283326 0.00079276872565965
2452026.2548583825 1.001131892204285 0.0007935846224427
2452026.28888668 1.0010103583335876 0.00079297128831965
2452026.324303887 1.0015082359313965 0.0007926834514364
2452026.360415549 1.001342535018921 0.000792026577983
2452026.394443846 1.0013100504875183 0.00079121388262135
2452026.431944418 1.00121009349823 0.000791171885794
2452026.4652782595 1.0008712410926819 0.00079079958959475
2452026.501389921 1.0016699433326721 0.0007914745365269
2452026.5354182175 1.0012089014053345 0.0007917569600977
2452026.5708354237 1.0015239119529724 0.0007927009428385
2452026.6062526302 1.0013635158538818 0.0007933514425531
2452026.642364291 1.0014082193374632 0.0007942578522488
2452026.677087042 1.001509428024292 0.0007945839897729
2452026.7118097926 1.0015171766281128 0.0007949617574922
2452026.747226998 1.0016520619392395 0.0007951785519253001
2452026.7826442034 1.0014853477478027 0.0007953085587359
2452026.817366954 1.0015653371810913 0.0007951423176564
2452026.8520897035 1.00127911567688 0.0007950536673888
2452026.8868124536 1.0017287731170654 0.0007952281157486
2452026.923618568 1.0018216967582703 0.0007949800055938999
2452026.957646863 1.0016032457351685 0.0007946079713292
2452026.9930640673 1.0014230012893677 0.00079437502427025
2452027.0284812716 1.0020432472229004 0.0007942034862935
2452027.0625095656 1.001486897468567 0.0007935760659165
2452027.098621224 1.0018786787986755 0.00079350901069115
2452027.134038428 1.001323699951172 0.0007934246095828
2452027.1687611765 1.0017961263656616 0.000793722923845
2452027.20417838 1.0016337037086487 0.0007934625027701001
2452027.2395955827 1.0014724731445312 0.0007933098240755
2452027.274318331 1.0017653703689575 0.000793058774434
2452027.3090410787 1.0019843578338623 0.0007923496305011
2452027.344458281 1.0023230910301208 0.0007917862385510501
2452027.3791810283 1.0017904043197632 0.00079100002767515
2452027.4145982303 1.0022369623184204 0.000790707883425
2452027.4507098873 1.0023611783981323 0.000790552876424
2452027.485432634 1.0015615224838257 0.0007905290694907
2452027.519460926 1.0024310946464539 0.0007912384753581
2452027.5555725824 1.00198632478714 0.0007916897884569501
2452027.591684238 1.0019111037254333 0.00079229017137545
2452027.6257125293 1.0020068883895874 0.0007930564461275
2452027.66112973 1.002118706703186 0.0007935853209345999
2452027.6965469304 1.0023553371429443 0.0007941606454551
2452027.731964131 1.001958429813385 0.0007942767697386
2452027.7680757856 1.0022210478782654 0.00079449306940655
2452027.8021040754 1.0020179748535156 0.0007945714751258
2452027.8375212755 1.0022345185279846 0.00079441251000385
2452027.8729384746 1.001859664916992 0.0007944685639813
2452027.906272309 1.002573013305664 0.0007943734526634
2452027.943078418 1.0024290084838867 0.0007940254872664499
2452027.977801162 1.0019357800483704 0.0007935238827484999
2452028.0139128147 1.00296550989151 0.00079345318954435
2452028.048635558 1.0026227831840515 0.00079320761142295
2452028.084747211 1.0021344423294067 0.0007931310974527001
2452028.1180810444 1.002568781375885 0.0007929811254142999
2452028.154887152 1.002572536468506 0.0007930794381536
2452028.1896098945 1.0025057792663574 0.0007929566199891
2452028.2236381825 1.0027625560760498 0.0007930788269732
2452028.2597498335 1.0023065209388733 0.0007926322869025
2452028.294472576 1.0019174218177795 0.000792284932686
2452028.3298897725 1.0025621056556702 0.0007920354546513001
2452028.365306969 1.0025385618209839 0.0007913850131444
2452028.4000297096 1.0023772716522217 0.0007907644612714
2452028.4354469054 1.0024222135543823 0.0007904905942268
2452028.471558556 1.0026072263717651 0.0007905456004664
2452028.5069757514 1.002510666847229 0.00079050159547475
2452028.541698491 1.0023550391197205 0.0007911042484919999
2452028.5771156866 1.0025148391723633 0.00079173973063
2452028.611143972 1.0027793645858765 0.0007924774254206
2452028.645866711 1.0023476481437683 0.00079317408381025
2452028.6819783603 1.0023891329765318 0.0007935626781545
2452028.718090009 1.002155840396881 0.0007940477225929
2452028.7514238385 1.002419650554657 0.000794325111201
2452028.786841032 1.002239227294922 0.0007943814271129
2452028.82295268 1.0027929544448853 0.0007944220560602
2452028.8576754183 1.0023236274719238 0.000794171122834
2452028.8930926113 1.0024625062942505 0.0007939946954138
2452028.928509804 1.0029075145721436 0.0007939488859847
2452028.963926996 1.0027208924293518 0.0007936092733871
2452028.997955279 1.0026544332504272 0.0007933715824037
2452029.032678016 1.0024226903915403 0.0007929348503239
2452029.068789663 1.0027825832366943 0.0007929351995699
2452029.103512399 1.0028450489044187 0.0007925971876829
2452029.1347628618 1.0025035142898557 0.0007924847595859
2452029.175735691 1.002481698989868 0.0007930023712106
2452029.2090695174 1.0022958517074585 0.0007929080747999
2452029.244486708 1.0023278594017029 0.0007930065330582999
2452029.2799038985 1.002105951309204 0.0007930230931378
2452029.3146266337 1.002569556236267 0.0007927011465653
2452029.350043824 1.0022317171096802 0.0007920213392934999
2452029.3854610133 1.002314805984497 0.000791301310528
2452029.420183748 1.0023517608642578 0.0007912545115686
2452029.4556009374 1.0017549395561218 0.0007908538391347001
2452029.4910181263 1.00248384475708 0.0007908943807706
2452029.5257408605 1.002086877822876 0.0007910903659649
2452029.561158049 1.0026543140411377 0.00079156906576825
2452029.5965752373 1.0023419857025146 0.0007924209930934
2452029.631297971 1.0028468370437622 0.000793460116256
2452029.666715159 1.002388060092926 0.0007938533963169
2452029.7021323466 1.0014519691467283 0.0007939229835756
2452029.7368550794 0.9919779300689696 0.0007917617913335
2452029.772272267 0.984770655632019 0.00078984216088425
2452029.807689454 0.98440545797348 0.000789831392467
2452029.842412186 0.984143316745758 0.0007896973402239
2452029.877829373 0.988516092300415 0.0007910266867838
2452029.913246559 1.0001906156539917 0.0007939310744404
2452029.947969291 1.0021744966506958 0.0007943847449496
2452029.983386477 1.002555251121521 0.000794191728346
2452030.0188036626 1.0024013519287107 0.0007937211194075
2452030.053526394 1.0024404525756836 0.0007934510940685
2452030.089638034 1.0022011995315552 0.0007932081352919
2452030.1243607644 1.0023046731948853 0.0007930857827886
2452030.159083495 1.002629280090332 0.0007931052241474
2452030.19450068 1.002359688282013 0.00079317920608445
2452030.229917865 1.0024069547653198 0.0007933235610835
2452030.264640595 1.0022262334823608 0.0007931648869998
2452030.300057779 1.0023292303085327 0.00079278906923715
2452030.3354749633 1.002121329307556 0.0007920695934444
2452030.3701976924 1.002033233642578 0.0007917121984064
2452030.405614876 1.002273142337799 0.00079154397826635
2452030.44103206 1.0021566152572632 0.0007912493892945
2452030.4757547886 1.0024930238723757 0.000791264057625
2452030.5111719724 1.002423346042633 0.00079140119487415
2452030.546589155 1.002458930015564 0.0007919634808786
2452030.5813118834 1.0022594928741455 0.0007923617376945
2452030.6167290667 1.002152919769287 0.00079275353346015
2452030.652146249 1.0025895833969116 0.0007937399786897
2452030.686868977 1.0024768114089964 0.0007940637296997
2452030.722286159 1.002561092376709 0.0007943353557493
2452030.7577033415 1.0024335384368896 0.0007945561083033
2452030.792426069 1.0021032094955444 0.0007945570978336
2452030.8278432507 1.002809464931488 0.0007949590508359999
2452030.8632604326 1.0021662712097168 0.0007947724661789
2452030.89798316 1.002479076385498 0.0007950416766107
2452030.9334003413 1.0021794438362122 0.0007949667633510499
2452030.9688175223 1.0024216175079343 0.00079495011596
2452031.003540249 1.0024400949478147 0.0007944508688524
2452031.038262976 1.002415418624878 0.0007940597715787
2452031.073680157 1.0023126006126404 0.00079380182432935
2452031.109097338 1.0025179386138916 0.000793564133346
2452031.1438200637 1.0026001930236816 0.0007935847970657
2452031.1792372447 1.0022886991500854 0.00079337591887445
2452031.214654425 1.0024452209472656 0.0007936586043797
2452031.249377151 1.0025742053985596 0.0007935641915537
2452031.2847943315 1.0024718642234802 0.0007932595326564499
2452031.3202115116 1.0023030042648315 0.00079293345334
2452031.354934237 1.0022039413452148 0.0007924700039438
2452031.3903514175 1.0024700164794922 0.0007919819618109501
2452031.425768597 1.0022178888320925 0.000791568076238
2452031.460491323 1.0022519826889038 0.0007914821617305
2452031.4959085025 1.0025442242622375 0.00079152744729065
2452031.5313256825 1.0027942657470703 0.0007919360650703
2452031.5646594986 1.0021767616271973 0.0007920415373519
2452031.6021600417 1.0031344890594482 0.0007928722188808
2452031.636882767 1.0025123357772827 0.0007933159358799
2452031.6716054925 1.0024199485778809 0.0007939598872326
2452031.7070226716 1.0027688145637512 0.0007943123346194499
2452031.7424398516 1.0028671026229858 0.0007948058191686
2452031.7771625766 1.0024921894073486 0.000794859835878
2452031.812579756 1.0026724338531494 0.0007948838756419499
2452031.8479969357 1.002824068069458 0.0007951848674565
2452031.8827196606 1.0030930042266843 0.0007957490161061
2452031.91813684 1.0025362968444824 0.0007953762251417501
2452031.95355402 1.0025446414947508 0.0007952557061798
2452031.9882767447 1.0025293827056885 0.0007949855062179
2452032.0236939243 1.0024538040161133 0.0007946130353957
2452032.059111104 1.0026341676712036 0.0007942708325572
2452032.0938338293 1.002597689628601 0.0007938224007375
2452032.129251009 1.0026091933250425 0.0007938668131828
2452032.1646681884 1.0028727054595947 0.0007936544134281
2452032.199390914 1.002844214439392 0.0007941162330098
2452032.234808094 1.0026357173919678 0.00079409175668835
2452032.270225274 1.0025599002838137 0.0007939063361845
2452032.3035590905 1.0026236772537231 0.0007936161709949
2452032.34036518 1.0026543140411377 0.00079363660188385
2452032.37578236 1.0026156902313232 0.0007930825231596
2452032.411199541 1.0030367970466612 0.0007926567923277001
2452032.446616721 1.002588987350464 0.0007922503282316
2452032.4806449926 1.0030813217163086 0.00079234663280655
2452032.515367719 1.0026807188987732 0.000792161677964
2452032.5507849 1.002765417098999 0.0007925226236693
2452032.5862020813 1.0028029680252075 0.0007927550177555
2452032.6216192627 1.002955675125122 0.0007935851463116
2452032.657036444 1.0031875371932981 0.0007942563970572999
2452032.6931480803 1.002830147743225 0.00079498317791145
2452032.727176353 1.0026074647903442 0.0007952217711135
2452032.76328799 1.0031627416610716 0.0007953930762596
2452032.798010718 1.0028265714645384 0.0007959732902236
2452032.832038991 1.0029598474502561 0.0007960433431434999
2452032.8674561745 1.003284931182861 0.0007962936651892
2452032.903567812 1.0032945871353147 0.0007965106633491
2452032.9389849957 1.00264173746109 0.00079654931323595
2452032.9744021795 1.0032135248184204 0.0007962687523104
2452033.0077359998 1.0026744604110716 0.0007960473885759
2452033.043847639 1.0031656026840208 0.0007956034387461
2452033.078570369 1.0028191804885864 0.0007951135630719
2452033.114682009 1.003082036972046 0.0007948941783979
2452033.1500991946 1.0030719637870789 0.0007946436235215
2452033.184821926 1.0035173892974854 0.00079485785681745
2452033.221628022 1.003167748451233 0.0007948234560899
2452033.2535729352 1.0028743743896484 0.0007948885904625
2452033.2896845774 1.0032076835632324 0.00079503000597465
2452033.3244073107 1.003012776374817 0.0007948413258418
2452033.359824499 1.0033354759216309 0.0007946546829771
2452033.3952416875 1.0024789571762085 0.0007939437055028
2452033.431353332 0.9403226375579834 0.0007771446253173
2452033.4667705214 0.8305310308933258 0.0007446293311659
2452033.5014932575 0.8156115710735321 0.0007401099428534
2452033.5369104487 0.8172054886817933 0.0007404218777082
2452033.572327641 0.8563597500324249 0.0007519240025430499
2452033.606355923 0.9655240774154662 0.0007825931825208999
2452033.6410786617 1.0032639503479004 0.0007937286281958
2452033.6771903103 1.003423094749451 0.0007946920813992
2452033.7112185955 1.0037074089050293 0.0007951612351462
2452033.745246881 1.0032345056533811 0.000795702682808
2452033.782747442 1.0030206441879272 0.0007957565248943
2452033.8181646387 1.0032793283462524 0.00079613598063585
2452033.852887382 1.0033183097839355 0.00079617585288355
2452033.88969349 1.0031732320785522 0.0007960204966366
2452033.92372178 1.0033813118934631 0.00079585745697835
2452033.9584445255 1.0035671591758728 0.00079581618774675
2452033.994556182 1.0031649470329287 0.00079525273758915
2452034.0285844747 1.0032039880752563 0.0007947505218908
2452034.0646961336 1.0032135248184204 0.0007939890492707
2452034.099418883 1.0038046836853027 0.0007932883454486
2452034.134141634 1.0033745169639587 0.00079269267735065
2452034.169558841 1.0035842061042786 0.0007920985517556999
2452034.204281594 1.0033677220344543 0.0007918433693702999
2452034.2390043484 1.0040292739868164 0.00079149653902275
2452034.274421559 1.0034561157226562 0.0007911946740932
2452034.3105332265 1.003679633140564 0.0007909089326858
2452034.345255985 1.0034884214401243 0.000790724880062
2452034.3806731994 1.00375896692276 0.00079026148887345
2452034.416090416 1.0034735202789309 0.000789568235632
2452034.4515076336 1.0032820105552673 0.0007889087719376499
2452034.486924853 1.003879427909851 0.0007882667705416
2452034.5209531635 1.0035452246665955 0.00078772709821345
2452034.556370386 1.0041853189468384 0.000787281198427
2452034.5910931546 1.0039277076721191 0.0007866912637837
2452034.62651038 1.0037301182746887 0.00078606253373435
2452034.6619276074 1.0035619735717771 0.0007855370640754
2452034.6966503807 1.0036556720733645 0.0007847666274756
2452034.733456522 1.0038782954216003 0.0007837096927687001
2452034.7681792984 1.0030441284179688 0.000782153540058
2452034.803596532 1.0039145946502683 0.000780974747613
2452034.8376248553 1.0036784410476685 0.00077983152004885
2452034.8730420913 1.003554105758667 0.0007795129204168499
2452034.9077648725 1.003587245941162 0.0007797224097885
2452034.943876566 1.003495454788208 0.0007795723504386
2452034.977904892 1.003422439098358 0.00077943323412905
2452035.0140165854 1.0029764771461487 0.0007793762488290501
2452035.049433822 1.0028194189071655 0.0007793701370246
2452035.084156601 1.0027894973754885 0.0007793114054948
2452035.119573833 1.0030373334884644 0.0007792939723003
