2451410.938394096 1.000368893146515 0.0008912016055546001
2451411.02728606 1.0000169277191162 0.0008909141470211999
2451411.105066522 0.9995981454849242 0.0008906743314582
2451411.1835414455 0.9997205734252927 0.0008905949653126
2451411.2613218916 0.9999693632125854 0.0008905931026674
2451411.3411857327 1.000019609928131 0.0008906552975531
2451411.418966159 0.999470442533493 0.0008902492409106
2451411.4981355113 0.9996107220649719 0.00089042013860305
2451411.57799932 0.999843180179596 0.0008903806447051
2451411.6571686487 1.00009024143219 0.0008904904825612
2451411.736337966 1.000009059906006 0.0008904252317734
2451411.814812803 1.0003913044929504 0.0008904782880563
2451411.8932876284 1.0003058910369873 0.0008905244758352
2451411.9724569093 1.0005115270614624 0.0008906442672014
2451412.0523206447 1.0005640387535095 0.0008904829155653
2451412.130795434 1.0003795623779297 0.0008906021830625
2451412.209270211 1.0006582736968994 0.0008904145506676
2451412.2967730463 1.000314176082611 0.00089036326971835
2451412.3689975967 1.0003024339675903 0.0008904510468709999
2451412.4446944706 1.000316858291626 0.0008904249407351
2451412.5252525997 1.0006047487258911 0.0008905132999643
2451412.6037273174 1.000395655632019 0.0008904738060663501
2451412.6835909556 1.000228762626648 0.0008905010763555
2451412.7620656495 1.0005350708961487 0.0008904732239897999
2451412.840540332 0.9900760650634765 0.0008873710758052
2451412.9197094687 0.9888588190078736 0.0008866905118338
2451412.998878594 1.000461459159851 0.0008904693531803
2451413.0773532423 1.0007386803627014 0.0008904919959604001
2451413.155827879 1.001133918762207 0.0008906205766834
2451413.2329135733 1.0011921525001526 0.00089069645036935
2451413.3141660504 1.0002795457839964 0.0008902896661311
2451413.393335119 1.0002962350845337 0.0008903294801712
2451413.4725041767 1.0001869201660156 0.0008902989793568
2451413.5509787574 0.9999774992465973 0.00089021719759325
2451413.629453328 1.0003808736801147 0.000890263763722
2451413.708622353 1.000420331954956 0.0008903986308723
2451413.7877913667 1.0000758171081543 0.0008902496192604
2451413.86696037 1.0002769231796265 0.0008902544504962
2451413.9502961505 1.0003150701522827 0.0008901873952709
2451414.025992808 0.9999076426029205 0.0008900183602236001
2451414.101689456 1.0002070665359497 0.0008900994434952
2451414.1815528814 1.0002586841583252 0.0008901428373064
2451414.2614162955 1.0004122257232666 0.0008901104447431
2451414.340585235 1.0001544952392578 0.0008899944368749
2451414.4190596994 1.000137746334076 0.0008899826498236
2451414.498228618 1.0001858472824097 0.00089011972886505
2451414.5767030623 1.0003648996353147 0.0008901681867428
2451414.6558719603 1.0003983974456787 0.0008902400149963
2451414.735040848 1.0000300407409668 0.0008901419350877
2451414.8135152617 1.0002777576446533 0.0008901866676750999
2451414.891989665 1.0000883340835571 0.0008903048001229
2451414.9739363766 1.000148057937622 0.0008901464752852
2451415.0503273695 0.9997667074203492 0.0008900133543647
2451415.1301906696 1.000126838684082 0.00089010666124515
2451415.21005396 1.0001288652420044 0.000890193041414
2451415.287139387 1.0003512501716614 0.00089011498494065
2451415.36561373 1.0003215074539185 0.000890260504093
2451415.444782527 1.000444412231445 0.0008903559646569
2451415.523951314 1.0004491806030271 0.0008902778499759
2451415.603120091 1.0004470348358154 0.0008902745321393
2451415.6822888576 1.000627040863037 0.000890277151484
2451415.7607631525 1.0004977583885193 0.0008902529079932
2451415.839237437 1.0006211996078491 0.0008904429851099
2451415.9184061745 1.0007925033569336 0.0008903265697881
2451415.997574902 1.0006085634231567 0.0008903658599592
2451416.0767436195 1.0006425380706787 0.0008903787820599
2451416.1552178655 1.0004706978797913 0.00089040916645895
2451416.233692101 1.0006334781646729 0.0008904131245799
2451416.3128607897 1.0005210638046265 0.0008905392023734
2451416.3920294684 1.000750422477722 0.000890314055141
2451416.4711981374 0.9996175765991212 0.0008901082910597
2451416.5503667966 0.9886425137519836 0.0008866892894729
2451416.6288409843 0.998846560716629 0.0008899663516785501
2451416.7073151623 1.0010889768600464 0.0008904463611543
2451416.7864837926 1.000883936882019 0.0008906483999453
2451416.865652413 1.001034379005432 0.0008906191796995
2451416.949682254 1.000773310661316 0.00089065247448155
2451417.0371843907 1.000109076499939 0.00089057174045585
2451417.103158216 1.0002477169036863 0.0008905827999114
2451417.1823267974 1.0002752542495728 0.0008906336734071
2451417.253856297 1.0003046989440918 0.00089069877867585
2451417.3351082434 1.0004528760910034 0.0008907290175557
2451417.419832484 1.0002025365829468 0.0008906240109354
2451417.499001027 1.0006089210510252 0.0008907894953154
2451417.5753917173 1.0006664991378784 0.0008909227326512
2451417.6545602405 1.0004677772521973 0.0008909300086088
2451417.733034294 1.0008813738822937 0.0008911824552342001
2451417.812202798 1.0006450414657593 0.0008911957556846999
2451417.891371293 1.0004503726959229 0.00089117744937535
2451417.9698453182 1.000367283821106 0.0008912310004234
2451418.0490137935 1.0004184246063232 0.0008913306519389
2451418.1281822594 1.000638723373413 0.0008914452046155
2451418.207350715 1.0005439519882202 0.0008913443889468
2451418.285824701 1.0007418990135193 0.00089159409981215
2451418.3649931382 1.0008965730667114 0.00089170367573385
2451418.4434671053 1.0006592273712158 0.000891662959475
2451418.487218074 0.9996984004974364 0.00089146679965775
2451421.231022799 0.999560296535492 0.0008690686081536
2451421.286579339 0.999682366847992 0.0008702879422344
2451421.3643584866 1.0006886720657349 0.0008756534662097
2451421.4428320816 1.0008805394172668 0.00087966950377445
2451421.5206112107 0.9998393356800078 0.0008827359124552001
2451421.600473699 0.9993073344230652 0.000884992419742
2451421.6796417222 0.9991552829742432 0.0008864486590027
2451421.758809736 0.999413788318634 0.0008874467457644
2451421.8379777404 1.000050902366638 0.0008882857509888
2451421.91645128 0.9999565184116361 0.0008891435572876999
2451421.994924811 1.0001941919326782 0.0008895231294445
2451422.07409279 1.000443696975708 0.0008900890243239
2451422.153260761 1.000318169593811 0.0008927906746976
2451422.232428725 1.000805616378784 0.0009117422741837
2451422.3109022253 1.0003448128700256 0.0009441161237190999
2451422.3581252145 1.0009763836860657 0.0009602886566426
2451424.5588598163 0.9990490078926086 0.0008908882155083
2451424.5991384494 0.9993602037429808 0.0008914828649722
2451424.678306793 0.999356746673584 0.0008911097538657
2451424.7574751293 0.999319851398468 0.0008911405457183
2451424.8366434574 0.9995849728584288 0.0008911010227166
2451424.911645023 0.9994437098503112 0.0008910987526178
2451424.9935911675 0.999444544315338 0.0008909063762985
2451425.06998163 0.9994788765907288 0.0008908686577342
2451425.151927751 0.9998302459716796 0.0008909080643206
2451425.2310960256 0.9999899864196776 0.0008909446769393
2451425.3102642875 1.000011324882507 0.0008909393218345
2451425.388738079 1.0000472664833069 0.00089096961892205
2451425.467211858 1.000332593917847 0.0008908627205528
2451425.5456856242 1.000190258026123 0.0008908144664019
2451425.625548294 1.000611901283264 0.0008910413016565
2451425.7047164934 1.0002191066741943 0.0008909857133403
2451425.7845791373 1.0004223585128784 0.00089093873975795
2451425.8623583955 1.000497817993164 0.0008911351906135
2451425.940832099 1.0004386901855469 0.0008909552707336
2451426.0200002473 1.0004991292953491 0.0008909640018828
2451426.0991683835 1.0007343292236328 0.0008909903117455
2451426.1783365067 1.000737190246582 0.0008910162141546
2451426.2568101604 1.0006887912750244 0.0008910044562071
2451426.3352838024 1.000643968582153 0.0008909594034776
2451426.4144518888 1.0007827281951904 0.0008909797179512
2451426.493619963 1.0007688999176023 0.0008910874021239
2451426.572788025 1.0004098415374756 0.0008911291370168
2451426.651956075 1.0006663799285889 0.0008911482291296
2451426.730429657 1.00049889087677 0.00089125847443935
2451426.808903226 1.000361442565918 0.0008913080673664
2451426.888071241 1.000274658203125 0.0008913673809729
2451426.9672392434 1.000478982925415 0.000891319650691
2451427.0464072344 1.0008169412612915 0.0008912291959859
2451427.1248807576 1.0006121397018433 0.00089128038962365
2451427.2033542697 1.0005749464035034 0.0008912316407077
2451427.282522226 1.0005989074707031 0.0008911705808714
2451427.361690171 1.0001829862594604 0.0008911407203413
2451427.4408581047 1.0004349946975708 0.0008910862961784
2451427.5200260268 0.9885053634643554 0.0008874600171111
2451427.6040551253 0.9924943149089813 0.0008884704438969
2451427.676972927 1.00038480758667 0.0008910208125598
2451427.756140816 1.0007257461547852 0.0008909280295483
2451427.835308694 1.0006483793258667 0.0008909200550988
2451427.9144765604 1.0006171464920044 0.0008908736053854
2451427.9929499617 1.0006610751152039 0.00089086647494695
2451428.0721178064 1.000959038734436 0.00089079895406025
2451428.15128564 1.0004935264587402 0.0008906929288059
2451428.229759008 1.0006244182586668 0.0008905212162062
2451428.308232366 1.0008601546287537 0.0008906380971893
2451428.388094622 1.000527024269104 0.0008905779686756
2451428.4665679587 1.0007036328315735 0.0008905238064471
2451428.5450412845 1.000894546508789 0.000890381692443
2451428.6235146 1.000779628753662 0.0008904288406483499
2451428.702682359 1.0006029605865479 0.0008903542766347001
2451428.782544561 1.0006147623062132 0.000890344963409
2451428.861712299 1.0005437135696411 0.0008903181296773
2451428.9401855725 1.0006017088890076 0.0008902913832571
2451429.0186588354 1.000240683555603 0.000890263938345
2451429.097826542 1.0005772113800049 0.0008902982808649
2451429.1769942376 1.0007189512252808 0.0008901913533918
2451429.2561619226 1.000652313232422 0.0008902855915948
2451429.3346351446 1.0005314350128174 0.0008902756962925
2451429.413108356 1.000625729560852 0.0008902873960323
2451429.49227601 1.000454664230347 0.0008902651607058
2451429.5714436546 1.000404715538025 0.0008901593391783
2451429.650611288 1.000760555267334 0.0008902362314984
2451429.729778911 1.0006155967712402 0.0008902029367163
2451429.8082520715 1.000690996646881 0.0008901685068848501
2451429.8867252218 1.0005151033401487 0.000890175520908
2451429.965892814 1.0003206729888916 0.0008901517139747
2451430.0450603967 1.0002450942993164 0.0008901298278942
2451430.1242279685 1.0004041194915771 0.0008902472909539
2451430.20339553 1.0002275705337524 0.000890138966497
2451430.2818686296 1.0004782676696777 0.0008902406552806
2451430.3603417194 1.0003726482391355 0.0008900677785277
2451430.43950925 1.0003215074539185 0.0008901121327653
2451430.5186767713 1.000192642211914 0.000890047987923
2451430.602705445 1.0006210803985596 0.00089023035252465
2451430.6763173314 1.0008527636528015 0.00089022036991075
2451430.7547903704 1.0008796453475952 0.0008901812252588
2451430.833957851 1.0004737377166748 0.0008901765686459
2451430.9131253213 1.0005712509155271 0.0008900538086891
2451430.992292782 1.0005888938903809 0.0008902094559744
2451431.0714602317 1.000455856323242 0.0008901035762391
2451431.149933221 0.9899787604808807 0.0008869816374499
2451431.2284061993 0.9889206886291506 0.0008865150739438
2451431.307573619 1.000539183616638 0.0008901566034182
2451431.386741028 1.0006271600723269 0.000890108058229
2451431.4659084277 1.0004218816757202 0.0008901536930352
2451431.544381366 1.0002784729003906 0.0008901079127099001
2451431.6228542947 1.0004273653030396 0.0008901332621462
2451431.7020216635 1.0004547834396362 0.0008901812252588
2451431.7811890226 1.0005366802215576 0.0008902476401999
2451431.8603563714 1.00041401386261 0.000890145835001
2451431.9395237095 1.000656247138977 0.000890121620614
2451432.017996588 1.0003793239593506 0.0008901022956706
2451432.096469456 1.0005323886871336 0.0008901582332327
2451432.1756367637 1.0003174543380735 0.0008902050903998
2451432.2548040617 1.0005680322647097 0.0008902703993953
2451432.333971349 1.000544786453247 0.0008903120178729
2451432.4131386266 1.0004098415374756 0.0008902761037461
2451432.4916114435 1.0004066824913025 0.0008903314301278
2451432.570084251 1.0007606744766235 0.0008903741254471
2451432.649251498 1.0007270574569702 0.0008904434507712
2451432.7284187344 1.0003314018249512 0.0008904261048883
2451432.8075859603 1.0003473758697508 0.0008903992129489
2451432.886058727 1.0003547072410583 0.0008904433052521
2451432.964531483 1.0003873109817505 0.0008903825655579
2451433.0436986783 1.0002211332321167 0.0008904901915229
2451433.122865863 1.0002351999282837 0.000890570692718
2451433.202033038 1.000135898590088 0.0008906530565582
2451433.2812002017 1.000124216079712 0.0008905706345103
2451433.359672907 1.0000219941139221 0.00089041306637225
2451433.438145601 1.000102400779724 0.0008904432761482
2451433.517312734 1.000306248664856 0.0008904353599064
2451433.601340995 1.0000991821289062 0.0008904536662157
2451433.675646968 1.0002650022506712 0.0008904275018721
2451433.7541196216 1.0003095865249634 0.0008904408023226501
2451433.8325922643 1.0001754760742188 0.0008904224960133
2451433.9117593444 1.0004310607910156 0.0008904341957531
2451433.9909264143 1.0003628730773924 0.0008904084097594
2451434.0700934734 1.0003032684326172 0.0008904447895474
2451434.149260522 1.0004314184188845 0.0008904374553821
2451434.227733112 1.0003888607025146 0.0008903893467504
2451434.3062056913 1.000555396080017 0.0008903396083042
2451434.385372708 1.000393629074097 0.0008904116693884
2451434.464539714 1.000301718711853 0.0008903090492822
2451434.543706709 1.0004777908325195 0.0008903449052013
2451434.622179246 1.0002622604370117 0.0008903492125681999
2451434.700651773 1.0002952814102173 0.0008903167909011
2451434.7798187356 0.999589204788208 0.0008900205721147
2451434.8589856876 0.9883243441581726 0.0008865792769938
2451434.938152629 0.9985783100128172 0.0008895643404684
2451435.017319559 1.0003377199172971 0.0008902791887521
2451435.0957920323 1.0004728436470032 0.0008904109417926
2451435.174264495 1.0002148151397705 0.0008903336129151
2451435.253431393 1.0002553462982176 0.000890267023351
2451435.3325982806 1.0001813173294067 0.0008902270346879
2451435.4117651572 1.0004273653030396 0.000890327792149
2451435.4916264694 1.0001639127731323 0.0008902441768440499
2451435.5694044326 1.0006136298179626 0.0008903366106096
2451435.647876832 1.0004414319992063 0.000890310446266
2451435.7270436673 1.0000969171524048 0.0008901681867428
2451435.8062104923 1.0002624988555908 0.0008902973495423
2451435.8853773074 1.0001487731933592 0.0008902472909539
2451435.9638496675 1.0002874732017517 0.00089029289665625
2451436.0423220177 1.000041365623474 0.000890267197974
2451436.1214888054 1.000006079673767 0.0008904037531465
2451436.2006555847 0.9998720288276672 0.0009006425971165
2451436.279822356 0.9999921321868896 0.0009297871147282
2451436.329127974 0.9999749064445496 0.0009505541529506
2451438.1027444284 1.0008928179740904 0.0008836397028062
2451438.173578239 1.0012537837028503 0.0008672765106893499
2451438.25205099 1.001000165939331 0.0008532333304174
2451438.3305237372 1.0014485716819763 0.00084503635298455
2451438.4096909277 1.00157231092453 0.0008386000699829
2451438.4888581103 0.990398496389389 0.0008340436907019
2451438.5680252826 0.9899300038814545 0.00083413496031425
2451438.6478868932 1.0015960931777954 0.0008378036436624
2451438.7256651456 1.0012964010238647 0.0008376850746572
2451438.804832283 1.001383900642395 0.0008376756450161
2451438.883304959 1.0013077855110168 0.0008376446203328
2451438.9652498635 1.0010451674461365 0.0008376613259315001
2451439.043028065 1.000783622264862 0.0008377331832889
2451439.1208062526 1.0009077787399292 0.0008376184268854
2451439.199973323 1.0008360743522644 0.00083782459842035
2451439.277751484 1.0004018545150757 0.0008376295736525
2451439.357612975 1.0010453462600708 0.0008377167396247
2451439.4367800048 1.0008611679077148 0.0008377620833925
2451439.5152525734 1.0007669925689697 0.0008378352795261499
2451439.593725128 1.000475525856018 0.0008376053883694
2451439.6728921174 1.0005109310150146 0.0008376654004678
2451439.752059093 1.0005927085876465 0.0008376686018891
2451439.831226056 1.0003970861434937 0.0008376486948691
2451439.9103930057 1.0004314184188845 0.0008376494515687
2451439.988865495 1.0003922581672668 0.00083765937597485
2451440.067337972 1.0004218816757202 0.0008375309989787
2451440.146504883 1.000489354133606 0.0008376435725949
2451440.2256717817 1.0002484321594238 0.0008376060868613
2451440.304838667 1.0002326965332031 0.0008375165052711
2451440.3833110943 0.9999552071094513 0.0008374362078029
2451440.461783509 1.0004911422729492 0.0008375794859603
2451440.5409503574 1.0004619359970093 0.0008374663302674
2451440.6201171936 1.000257968902588 0.0008375945617444
2451440.699284018 1.0003442764282229 0.0008374999742954
2451440.77845083 1.0004255771636963 0.000837514991872
2451440.8569231844 1.0000506043434143 0.0008374138269573
2451440.935395527 1.0001474618911743 0.0008374745957553
2451441.0062289597 1.0003070831298828 0.0008374316967092
2451441.0895623975 1.0010250806808472 0.0008373317541554
2451441.176368048 1.000784456729889 0.00083736874512395
2451441.247895893 1.0007650852203367 0.0008373822784051
2451441.333312629 1.0006709694862366 0.00083731269114645
2451441.4097015676 1.0009187459945679 0.0008373245655093
2451441.4895627196 1.0007728338241575 0.0008374599274247
2451441.5659516365 1.000563621520996 0.0008374661556445
2451441.6465072106 1.0006792545318604 0.0008373837335966
2451441.7249794398 1.0005280375480652 0.0008374412427655999
2451441.8034516578 1.0001819133758545 0.0008373314049094
2451441.8812294207 1.000450849533081 0.0008373135933652
2451441.961784949 1.0001313686370847 0.0008372987504117
2451442.0402571345 1.000291347503662 0.0008373537275474
2451442.1201181966 0.9966194629669188 0.0008361872751265
2451442.1985903597 0.9880509376525879 0.0008333443838637
2451442.2770625125 0.9997671246528624 0.0008370595169253
2451442.356229098 1.0001591444015503 0.0008373116143047
2451442.4353956725 1.0003988742828367 0.000837504165247
2451442.514562236 1.000389575958252 0.0008374882745556
2451442.5930343457 1.000396728515625 0.0008374665048904
2451442.671506445 1.0002709627151487 0.0008376716868951
2451442.750672977 1.000147581100464 0.0008376942714676
2451442.829839498 1.00017249584198 0.0008375906036235
2451442.9090060084 1.0001733303070068 0.0008375367033295
2451442.9881725083 1.0002896785736084 0.0008374921744689
2451443.066644555 1.0002991557121277 0.0008374322787857999
2451443.1451165904 1.0000394582748413 0.0008372644660994
2451443.224283059 1.0000232458114624 0.0008372708689421
2451443.3034495167 1.0000765323638916 0.0008372947922907
2451443.382615964 1.0002169609069824 0.0008373456075787
2451443.4617824005 1.000339150428772 0.0008372656884603
2451443.5402543843 1.0000554323196411 0.00083730265032495
2451443.6187263583 1.0000258684158323 0.000837247702293
2451443.6978927637 1.000129222869873 0.0008373878081329
2451443.777059159 1.000291109085083 0.0008374156313948
2451443.856225543 1.0003728866577148 0.0008374796598218
2451443.934697476 1.000189483165741 0.00083727494347835
2451444.004141655 1.0003023743629456 0.0008372809388674
2451444.09580796 1.000446379184723 0.0008371533476747
2451444.172890978 1.0002528429031372 0.0008371741860173
2451444.250668428 1.0001455545425415 0.0008370800642296
2451444.3298347504 1.0004587173461914 0.0008371409494429
2451444.408306621 1.0003865361213684 0.000837285653688
2451444.486778482 1.0005271434783936 0.000837103172671
2451444.565944774 1.0004961490631104 0.0008371317526325
2451444.645111055 1.0004842281341553 0.0008370770956389
2451444.7242773264 1.000484824180603 0.000837082741782
2451444.8027491467 1.0004826188087463 0.0008371305884793
2451444.8812209563 1.0003951787948608 0.0008370008436031
2451444.9603871964 1.00039005279541 0.0008370495052076
2451445.0395534267 1.0002591609954832 0.0008370677824132
2451445.1187196462 1.0002697706222534 0.0008370410650968
2451445.1978858556 1.0003904104232788 0.0008370748837478
2451445.2763576144 1.000468373298645 0.0008369763381779
2451445.354829363 1.0005950927734375 0.000837015628349
2451445.4339955417 1.0006207227706907 0.0008369981078431
2451445.51316171 1.0006288290023804 0.0008371499134227
2451445.592327868 1.0006279945373535 0.0008370282012037
2451445.6714940155 1.0002973079681396 0.0008370223804377
2451445.7499657134 1.0004798769950867 0.00083710788749155
2451445.8284374005 0.9886136651039124 0.0008331664139404
2451445.907603517 0.9898099899291992 0.0008336585015058
2451445.9867696236 1.0002695322036743 0.0008370174327865
2451446.0659357193 1.0002933740615845 0.0008370175492018
2451446.1444073655 1.0004635453224182 0.00083718079258685
2451446.2228790014 1.0001715421676636 0.0008370163850486
2451446.3020450664 1.000321626663208 0.0008370180730707
2451446.381211121 1.0007249116897583 0.0008369897841475
2451446.460377165 1.0004022121429443 0.000837048923131
2451446.5395431984 1.0003494024276731 0.0008369780262
2451446.6180147827 1.0006508231163025 0.0008369283168576
2451446.6964863567 1.000738501548767 0.0008368919370695
2451446.775652359 1.0005537271499632 0.0008369775023311
2451446.8548183506 1.0005578994750977 0.0008369549759663
2451446.933984332 1.0006912946701048 0.0008368969429284
2451447.005511481 1.0009260773658752 0.00083697290392585
2451447.0916218236 1.0007774233818054 0.00083704999997275
2451447.170093335 1.0004019737243652 0.0008369775605387
2451447.249259274 1.0000709295272827 0.0008370905998162
2451447.328425202 1.0003631114959717 0.000837146944832
2451447.4075911194 1.0003443956375122 0.0008373674354515
2451447.486062588 1.0002230405807495 0.0008372296579182
2451447.5645340467 1.000282883644104 0.0008374116150662
2451447.643699932 1.000568985939026 0.0008375540492124
2451447.7228658064 1.000257968902588 0.0008375722682103
2451447.80203167 1.0004050731658936 0.0008376655750907
2451447.881197523 1.0006148815155027 0.0008377303020097
2451447.959668928 1.0003809332847595 0.0008377129270229001
2451448.0381403216 1.0005234479904177 0.0008379266364499
2451448.1173061416 1.0004208087921145 0.0008380005019716
2451448.196471951 1.0006797313690183 0.0008381409570574
2451448.275637749 1.0005527734756468 0.0008383247768506
2451448.3541091 1.0006650686264038 0.0008386238769162
2451448.4325804394 1.0004057884216309 0.0008387182606384
2451448.511746205 1.000266909599304 0.0008390134898945
2451448.5909119593 1.0004472732543943 0.0008393011521548
2451448.6700777025 1.0002000331878662 0.0008395674522034
2451448.749243435 1.0006425380706787 0.0008397853234782
2451448.8277147203 1.0003629922866821 0.00083991378778585
2451448.906185995 1.0007199048995972 0.0008401809027418
2451448.9853516943 1.0006138086318968 0.0008402025559917
2451449.0645173835 1.0006437301635742 0.0008404068066738
2451449.1436830615 1.0007144212722778 0.0008404697873629
2451449.2228487288 1.0003972053527832 0.0008405873086303
2451449.3013199507 1.0007271766662598 0.0008407140267081
2451449.379791162 1.00027334690094 0.0008405834669247
2451449.4589567995 0.991128921508789 0.0008372906595468
2451449.538122427 0.9885562062263488 0.0008365514804609
2451449.6172880456 1.000535249710083 0.000840303429868
2451449.695759221 1.0005019903182981 0.00084044650429855
2451449.7742303885 1.00077223777771 0.0008403172250837
2451449.853395984 1.001189351081848 0.0008403045358136
2451449.9325615745 1.0011759996414185 0.0008401812519878
2451450.006866116 1.000783383846283 0.0008489651663694
2451450.0846428303 0.999852478504181 0.0008831165614536999
2451451.593654455 0.9995771646499632 0.0008546807221136
2451451.6686538775 1.00034499168396 0.0008447105647064
2451451.7471254896 1.000578463077545 0.0008378842612728
2451451.826985971 1.0008914470672607 0.0008371844305656
2451451.904763126 1.0009921789169312 0.000837170286104
2451451.9846235854 1.0006382465362549 0.00083709243335755
2451452.0651784707 1.0005949139595032 0.000837020430481
2451452.144344466 1.0008705258369444 0.0008373048622160499
2451452.221427133 1.0006628036499023 0.000837241183035
2451452.300593101 1.0007832050323486 0.0008371198782697
2451452.3783701793 1.0005617141723633 0.0008369334973394
2451452.45753612 1.0004538297653198 0.0008370068971998
2451452.5367020466 1.000401258468628 0.0008369321003556
2451452.61586796 1.0004417896270752 0.0008368854178115
2451452.6950338585 1.000500440597534 0.0008369894349016
2451452.7741997438 1.0006734132766724 0.0008369794231839
2451452.8526711776 1.0007020831108093 0.0008369365823455
2451452.9311425984 1.0004875659942627 0.0008369142306037
2451453.0103084426 1.0005120038986206 0.0008369425195269
2451453.089474274 0.9994787573814392 0.0008364308741874
2451453.168640092 0.9884215593338012 0.0008329134434461
2451453.2471114597 0.996518075466156 0.0008354476303793
2451453.325582815 1.0004737377166748 0.000836873485241
2451453.404748594 1.0001646280288696 0.0008367923437617
2451453.4839143604 1.000333786010742 0.0008367311093024
2451453.5630801143 1.000375747680664 0.0008368796552531
2451453.6422458556 1.0005444288253784 0.0008367641130462
2451453.720717148 1.0004543662071228 0.0008368452545255
2451453.7991884286 1.0007107257843015 0.0008368893177248
2451453.878354133 1.0004007816314695 0.0008369938004761
2451453.9575198255 1.0005117654800415 0.0008370629511773
2451454.036685506 1.0005840063095093 0.0008371476433239
2451454.1158511746 1.0003292560577393 0.0008370524155907
2451454.1943223956 1.0006731748580933 0.0008369780262
2451454.272793605 1.0008400678634644 0.000836715043988
2451454.3519592388 1.0013301372528076 0.0008365819230675
2451454.4311248604 1.001493215560913 0.0008366151596419
2451454.510290471 1.0012699365615845 0.0008364907698705
2451454.5818172847 1.0009854435920715 0.0008366292167919999
2451454.6672327877 1.000441551208496 0.0008366294787265
2451454.746398364 1.00046968460083 0.0008367131813429
2451454.8255639295 1.000322341918945 0.0008365810499526
2451454.904729484 1.0002232789993286 0.0008364935638383
2451454.983895027 1.0001320838928225 0.0008365960093215
2451455.062366125 0.9998646974563599 0.0008364310197066
2451455.1408372116 1.0002995729446411 0.000836502702441
2451455.220002722 0.9998623728752136 0.0008364605600945
2451455.2991682217 1.0003273487091064 0.0008365287212654
2451455.37833371 1.0004568099975584 0.0008365940884687
2451455.456804754 1.0000292658805847 0.00083647447172545
2451455.5352757876 1.0002962350845337 0.000836479535792
2451455.6144412444 1.000043869018555 0.0008364174864254
2451455.6936066905 1.000025510787964 0.0008363870438188
2451455.772772126 1.000322699546814 0.0008364607347175
2451455.851937551 1.0003256797790527 0.0008364844252355
2451455.930408532 1.000343680381775 0.000836401770357
2451456.008879503 1.0002257823944092 0.0008364504319615
2451456.0880448963 1.000200629234314 0.0008363520610146
2451456.1672102795 1.0002282857894895 0.0008365425746887
2451456.2463756525 1.0004090070724487 0.0008363878005184
2451456.325541015 1.000112533569336 0.0008363673696294
2451456.404011934 1.000185489654541 0.0008363869565073
2451456.4824828436 1.0001059770584106 0.0008361941436305
2451456.561648175 1.0004091262817385 0.0008363175438717
2451456.6408134964 1.0005863904953003 0.0008363860542885
2451456.719978808 1.000526785850525 0.0008363677188754
2451456.7984496765 0.9895267188549042 0.0008324144291691
2451456.876920535 0.9894026517868042 0.0008325022645294
2451456.956085816 1.0008620023727417 0.0008360832580365
2451457.035251087 1.00090754032135 0.000836111488752
2451457.1144163474 1.000913381576538 0.000836138613522
2451457.193581598 1.0012342929840088 0.000836078368593
2451457.2720524063 1.001079499721527 0.00083614859613585
2451457.350523205 1.0010299682617188 0.0008362788939848
2451457.4296884253 1.0014092922210691 0.0008361812215298
2451457.5088536358 1.001423478126526 0.0008361501968465
2451457.5831578155 1.0006977319717407 0.0008362967637367
2451457.6671840264 1.0001651048660278 0.0008364036330021
2451457.7456547753 1.000208854675293 0.0008364489476662
2451457.8241255144 1.0003963708877563 0.0008364978129975
2451457.903290675 1.0002093315124512 0.0008365817484445
2451457.9824558254 1.000218152999878 0.0008364371024072
2451458.0616209656 1.0003204345703125 0.0008364719687961
2451458.140091665 1.0002554059028623 0.00083648087456815
2451458.218562355 1.0003702640533447 0.0008363805245608
2451458.2977274656 1.0003472566604614 0.0008364944369532
2451458.376892566 1.000062108039856 0.0008362647495232
2451458.456057657 1.0002974271774292 0.0008363913511857
2451458.5352227376 1.0004029273986816 0.0008363797096535
2451458.613693378 1.000465989112854 0.00083636245108205
2451458.6921640085 1.0002640485763548 0.0008364340756088
2451458.7713290597 1.0004059076309204 0.0008364351815544
2451458.8504941007 1.0003005266189575 0.0008363621891476
2451458.929659132 1.000066161155701 0.0008363284287042
2451459.008824153 1.000362992286682 0.0008363322704099
2451459.087294734 1.0000041127204895 0.00083639647345985
2451459.1657653055 1.000208020210266 0.0008363460074178
2451459.2449302967 1.0002329349517822 0.0008363022352568
2451459.324095278 1.0001418590545654 0.0008362177759408
2451459.403260249 0.9999250769615172 0.0008361506625078
2451459.481730781 1.0001616477966309 0.0008363227243534999
2451459.560201303 1.000307321548462 0.0008362812804989
2451459.6393662444 1.00048828125 0.0008363698143512
2451459.7185311755 1.0007481575012207 0.000836438848637
2451459.797696097 1.0007963180541992 0.0008364303503185
2451459.8768610074 1.001033306121826 0.000836529652588
2451459.9553314797 1.0009671449661255 0.00083653244655575
2451460.0338019417 1.0009982585906982 0.0008365274989046
2451460.1129668225 1.0008227825164795 0.000836331048049
2451460.192131693 1.000805377960205 0.0008362647495232
2451460.271296554 1.001094102859497 0.0008362685912288
2451460.350461404 1.001245617866516 0.000836232851725
2451460.4289318155 0.9988933503627776 0.0008356130565516
2451460.507402217 0.9890545010566713 0.0008321473142132
2451460.581706039 0.9995360970497131 0.0008357219630852
2451460.665731846 0.9997549057006836 0.0008363147499039
2451460.744896645 0.9999883770942688 0.0008362792432308
2451460.8233670057 1.0000592470169065 0.00083629650180225
2451460.9018373564 0.9999054670333862 0.0008363287197425
2451460.981002124 0.9999553561210632 0.0008361106738448
2451461.060166882 0.9997788071632384 0.0008362712687812
2451461.139331629 0.999966025352478 0.0008361752261407
2451461.2184963655 0.9997026324272156 0.0008360936190001
2451461.2969666636 1.0000503063201904 0.0008362071239389
2451461.3754369523 0.9998531937599182 0.0008362280204892
2451461.454601657 1.0000426769256592 0.0008362977532669
2451461.533766351 0.9998434782028198 0.0008362921653315
2451461.612931035 0.9999104738235473 0.0008363000815734
2451461.6914012805 0.9999279081821442 0.0008363160886801001
2451461.769871516 0.9997020959854126 0.0008363479282706
2451461.8490361674 0.9999333620071412 0.0008363188826479
2451461.9282008084 0.999956488609314 0.0008363365195691
2451462.0073654377 0.9998642802238464 0.0008363585802726
2451462.086530057 0.9994874596595764 0.0008362882654182
2451462.1650002385 0.9996756613254548 0.00083616914344015
2451462.243470409 0.9997376799583436 0.0008363844826817
2451462.322634995 0.9996727705001832 0.0008362444350495
2451462.4017995703 0.9996720552444458 0.0008361903601326
2451462.4809641344 0.9998701214790344 0.0008362478693015
2451462.560128688 1.000002384185791 0.0008361549698747
2451462.6385988044 1.0000399947166443 0.0008361739455722
2451462.71706891 1.0003098249435425 0.0008362229564227
2451462.7962334314 1.0003362894058228 0.0008361853542737
2451462.8753979416 1.000493407249451 0.0008361163199879
2451462.954562442 1.0003503561019895 0.0008361534564755
2451463.0330325062 1.0004587769508362 0.000836118531879
2451463.1115025613 1.000035524368286 0.0008362318039871
2451463.190667032 1.0002933740615845 0.0008362145745195
2451463.269831494 1.0006667375564575 0.0008361560176126
2451463.3489959477 1.0005275011062622 0.0008360749925486
2451463.4281603945 1.0005037784576416 0.000836198858451
2451463.506630411 1.0004389882087708 0.0008360797073692
2451463.580239449 0.9998379349708557 0.00083847131463695
2451463.6642648587 0.9993068575859068 0.0008724267827346
2452144.527739172 1.0011811256408691 0.0008510870393365
2452144.5756574366 1.000774323940277 0.0008510249899699499
2452144.6569101317 1.0008809566497805 0.0008507671882398
2452144.7353849383 1.000372588634491 0.0008508541795890501
2452144.813859726 1.0005475282669067 0.0008507434977218
2452144.8930289615 1.0009825229644775 0.0008507720776833
2452144.972892645 1.0006782412528992 0.00085077297990205
2452145.051367375 1.0009480714797971 0.0008507063612341
2452145.130536553 1.0012162923812866 0.0008507695747539
2452145.209011246 1.0004087686538696 0.00085075394599695
2452145.287485921 0.9997564554214476 0.0008504663128405
2452145.366655044 0.9884798526763916 0.0008468039450235
2452145.4458241486 0.9990700483322144 0.0008501172997057
2452145.524993236 1.0008530616760252 0.0008507340098731
2452145.6034678416 1.0005683898925781 0.00085056055104355
2452145.68194243 1.0007489919662476 0.0008505105506628
2452145.7611114676 1.0004388093948364 0.0008505349396727
2452145.8402804895 1.000490665435791 0.0008505918085575
2452145.919449495 1.0004671812057495 0.0008505313307978
2452145.9986184854 1.0005666017532349 0.0008505373843945
2452146.077092996 1.0004200339317322 0.00085049500921735
2452146.1555674924 1.0007513761520384 0.0008504190482199
2452146.2347364384 1.0004292726516724 0.0008505964651703
2452146.3139053695 1.0003983974456787 0.0008505964651703
2452146.393074287 1.0001046657562256 0.0008506219601258
2452146.4715487263 1.000235915184021 0.00085048587061455
2452146.5500231525 1.0004446506500244 0.0008505513542331
2452146.6291920287 1.0004440546035769 0.0008505732403136
2452146.708360892 1.0002615451812744 0.0008504062425345
2452146.7875297414 0.9999906420707704 0.0008504103752784
2452146.8666985785 1.0002623796463013 0.0008504132856614
2452146.945172939 1.0005072355270386 0.0008504461147822
2452147.0236472874 1.0003013610839844 0.0008503951248712
2452147.1028160863 1.0002646446228027 0.000850451295264
2452147.181984873 1.000252604484558 0.000850344018545
2452147.2611536477 1.0003689527511597 0.0008504554280079
2452147.3396279467 1.0005229115486145 0.0008502889249939
2452147.418102235 1.0004438161849976 0.0008502000127919
2452147.4972709734 1.0003762245178225 0.0008501732954755
2452147.5764397 1.0006682872772217 0.0008503329008817
2452147.6556084156 1.0002411603927612 0.0008502135751768
2452147.734777119 1.0003066062927246 0.000850229349453
2452147.8139458112 1.0004888772964475 0.0008501688134856
2452147.891725568 1.0005940198898315 0.0008502689306624
2452147.970894238 1.0003585815429688 0.0008501654956489
2452148.050062896 1.000794529914856 0.0008501439588144
2452148.1292315437 1.0003879070281982 0.0008501101401634
2452148.2090946417 1.0002910494804382 0.0008501900301780001
2452148.286874344 1.0003658533096313 0.0008500941039528
2452148.3653484974 1.0003221035003662 0.0008501581614837
2452148.444517101 1.000419855117798 0.0008500905241817
2452148.5236856947 1.00039803981781 0.0008500740514136
2452148.602854277 1.0006451606750488 0.0008501562988385
2452148.6813283875 1.0004095435142517 0.0008500868862029
2452148.759802488 1.0003547668457031 0.0008501604315824
2452148.838971039 1.0003962516784668 0.0008500888943672
2452148.9181395792 1.0004093647003172 0.000849938893225
2452148.9973081094 0.9889925122261048 0.0008463979465886
2452149.0764766294 0.9893073439598083 0.0008464611019007
2452149.1549506783 1.000635802745819 0.00085006890003565
2452149.2334247166 1.000701665878296 0.0008501036209054
2452149.312593206 1.000655174255371 0.0008500198600813
2452149.391761685 1.0007609128952026 0.0008500719559378
2452149.4709301535 1.0006537437438965 0.0008501632255502
2452149.5494041517 1.0011167526245117 0.0008501225674990001
2452149.6278781407 1.0004775524139404 0.0008500344702042
2452149.7070465796 1.0005970001220703 0.0008500493713654
2452149.7862150082 1.0002903938293457 0.0008499766117893
2452149.8653834267 1.0007295608520508 0.0008499339455738
2452149.944551836 1.0007286071777344 0.000850080337841
2452150.0230257753 1.0005706548690796 0.00085008522728455
2452150.1014997046 1.000571846961975 0.0008500896510668
2452150.180668084 1.0009688138961792 0.0008501551928929
2452150.2598364535 1.0005412101745603 0.0008499343530274
2452150.339004813 1.0004398822784424 0.000849841395393
2452150.417478704 1.0006084442138672 0.0008499183750245
2452150.4959525852 1.0004355907440183 0.0008498014067299
2452150.5751209157 1.0005685091018677 0.0008499468094669
2452150.6542892368 1.0003192424774168 0.0008499436662532
2452150.733457548 1.0004926919937132 0.0008499540854245
2452150.8126258496 1.0007001161575315 0.00084983126726
2452150.8862384725 1.0006930828094482 0.0008498505922034
2452150.9702679655 1.0008162260055542 0.0008500355179421
2452151.0487417798 1.0008908510208128 0.0008500724215991
2452151.127910043 1.0008102655410769 0.0008500862750224
2452151.2070782967 1.0008414983749387 0.0008500682306475
2452151.286246541 1.0004353523254397 0.0008500543772242
2452151.3661092333 1.0005881786346436 0.0008501433476339501
2452151.4431940843 1.0009467601776123 0.0008500140975229
2452151.5223623 1.0005712509155271 0.0008500640979036
2452151.6015305063 1.000557780265808 0.0008500549010932
2452151.680698703 1.000725030899048 0.0008499881369061
2452151.7591724326 1.0006762742996216 0.00085011072224
2452151.8383406103 1.0006921291351318 0.0008500475669279001
2452151.916814321 1.0004572868347168 0.0008500547846779
2452151.9959824802 1.0005701780319212 0.000850029871799
2452152.07515063 1.0004805326461792 0.0008500433177687
2452152.15431877 1.0007294416427612 0.000850104202982
2452152.2327924436 1.0005001425743103 0.0008500004478263999
2452152.3112661075 1.0006152391433716 0.0008500886033289
2452152.3904342195 1.0003782510757446 0.0008500240510329
2452152.469602322 1.0003074407577517 0.0008501450647599
2452152.5487704156 1.0004040002822876 0.000850177835673
2452152.6272440427 0.9955513775348662 0.0008485249127261
2452152.7057176605 0.988302767276764 0.0008463502745144
2452152.7848857255 0.999468445777893 0.0008499766117893
2452152.8640537816 1.0004762411117551 0.0008502137497998
2452152.943221828 1.0006046295166016 0.0008502735290676
2452153.022389865 1.000280737876892 0.0008502771961502
2452153.1008634367 1.0005072951316833 0.00085038115503265
2452153.179336999 1.0001975297927856 0.00085029611364
2452153.258505008 1.000246524810791 0.0008504372672177
2452153.3376730084 1.0000754594802856 0.0008502997807227
2452153.416840999 1.0002646446228027 0.000850403739605
2452153.4953145245 1.0004419684410095 0.00085046471212985
2452153.573788041 1.0001128911972044 0.00085054570809
2452153.6529560033 1.000194072723389 0.0008506214944645
2452153.732123957 0.9999310970306396 0.0008507882012054
2452153.8112919014 0.9995386600494384 0.0008506804006174
2452153.8904598365 1.000035047531128 0.0008508553728461
2452153.9689333066 0.9998106956481932 0.000850883021485
2452154.0474067675 0.9998942613601683 0.0008508881437592
2452154.126574675 0.9999095201492308 0.000851055548992
2452154.205742573 0.9997100830078124 0.0008512721396982
2452154.284910462 0.9996712803840636 0.0008511505438946
2452154.3640783415 0.9998654127120972 0.0008513444336131
2452154.442551757 0.9997484385967252 0.0008514721412211
2452154.521025163 0.9996687769889832 0.0008514971123076
2452154.6001930153 0.999765932559967 0.0008517818059772
2452154.6793608586 1.0000778436660769 0.0008518142276443
2452154.7585286926 0.9999315738677976 0.0008520124247297
2452154.837002063 1.0000832676887512 0.00085216859588395
2452154.9154754244 1.0000183582305908 0.0008523719152435
2452154.9946432314 1.0000779628753662 0.0008526105084456
2452155.0738110295 1.0003790855407717 0.0008528072503395
2452155.1529788184 0.999789834022522 0.0008528904872946
2452155.232146599 1.0000275373458862 0.0008534368826076
2452155.310619916 1.000104308128357 0.0008535906090401
2452155.389093225 1.0000392198562622 0.0008540353737771
2452155.468260979 0.9999297857284544 0.0008541573188267
2452155.5474287244 0.9998881220817566 0.0008545896271243
2452155.626596462 0.999494731426239 0.0008548627374693
2452155.705069737 0.9999070763587952 0.0008554062806069
2452155.783543004 0.9999871253967284 0.0008557813125662
2452155.8627107167 0.9998536705970764 0.0008561881259083
2452155.9418784217 1.000017523765564 0.0008573073428124
2452156.0210461193 1.0006674528121948 0.0008624263573437
2452156.100213809 1.0020239353179932 0.0008681487524881
2452156.178687038 1.0029480457305908 0.0008728128159418
2452156.257160261 1.0034466981887815 0.0008768790867179
2452156.3363279304 0.9947154521942138 0.0008808199199847
2452156.4050787967 0.9949106872081757 0.00089207376004195
2452158.882199495 1.0012747049331665 0.0008509019389748
2452158.943311761 1.0009588003158567 0.000850650074426
2452159.0197020797 1.000839114189148 0.0008506678859703
2452159.0988702113 1.0008196830749512 0.000850677024573
2452159.178038324 1.0008057355880735 0.000850660377182
2452159.2565119606 1.0011706948280334 0.0008505940495524
2452159.334291122 1.0007935762405396 0.0008503157878294
2452159.4141536336 1.0010267496109009 0.0008503911085426
2452159.49332167 1.0007508993148804 0.0008503739372827
2452159.5724896872 1.0009580850601196 0.000850246171467
2452159.6516576856 1.000815749168396 0.0008502450655214
2452159.73013121 1.0007008910179138 0.000850228825584
2452159.8092991714 1.0008397102355957 0.00085022428538645
2452159.88777266 1.0007948875427246 0.0008502033888362
2452159.9669405865 0.9900840520858764 0.0008467867737635
2452160.046108496 0.9890208244323728 0.0008462637197226
2452160.124581933 1.000791072845459 0.0008500227122567
2452160.2030553543 1.0007717609405515 0.0008499554824084
2452160.282223214 1.0006479024887085 0.0008500431431457
2452160.3613910577 1.0008785724639893 0.0008500056574121
2452160.440558886 1.000640034675598 0.0008498596143908
2452160.520421153 1.0005630254745483 0.00084993560449215
2452160.598200042 1.0003342032432556 0.00084979445091445
2452160.6766733704 1.000585436820984 0.0008497376693412
2452160.7558411383 1.0002400875091553 0.0008497123490087
2452160.8350088918 1.000288724899292 0.0008497563540004
2452160.914176631 1.0004209280014038 0.0008497897651977
2452160.9926499026 1.0004878640174866 0.0008497818780597
2452161.07112316 1.0006624460220337 0.0008497236412949
2452161.1502908575 1.0007399320602417 0.0008496707305312
2452161.2294585416 1.0005263090133667 0.0008497581584379
2452161.308626212 1.000443696975708 0.0008496901136822
2452161.3877938697 1.0009108781814575 0.0008496882510371
2452161.4662670605 1.000731885433197 0.0008496384252793499
2452161.544740239 1.0005261898040771 0.0008496676455251
2452161.623907858 1.000370979309082 0.0008496360969729
2452161.7030754643 1.0002808570861816 0.0008495430229231
2452161.7822430576 1.0004055500030515 0.0008495870279148
2452161.8614106383 1.0005420446395874 0.000849564152304
2452161.9398837546 1.0001893639564514 0.0008495807414874001
2452162.018356859 1.000306487083435 0.0008495369693264
2452162.0975244036 1.0004587173461914 0.0008494880748912
2452162.176691936 1.0005676746368408 0.0008493994828313
2452162.2558594565 1.000415921211243 0.000849415839184
2452162.3343325136 1.000542938709259 0.0008493932837154499
2452162.4128055586 1.0006190538406372 0.0008495200891047
2452162.4919730444 1.0007309913635252 0.0008493155473843
2452162.571140518 1.0007244348526 0.0008492632769048
2452162.6503079804 1.000760197639465 0.0008494114736095
2452162.729475431 1.000599980354309 0.0008492834167554
2452162.80794842 1.0003719925880432 0.0008493471250403
2452162.886421397 1.000280261039734 0.000849251053296
2452162.965588814 1.0002706050872805 0.0008492291090078
2452163.04475622 1.0002596378326416 0.0008491646149195
2452163.1239236146 1.0001282691955566 0.0008491725311614
2452163.202396548 1.0000383257865906 0.00084921999950885
2452163.28086947 1.000247359275818 0.0008491876069456
2452163.3600368323 1.000036120414734 0.0008492641500197
2452163.4392041834 1.0000523328781128 0.0008491678163409
2452163.5183715234 1.0001105070114136 0.0008490693871863
2452163.597538853 0.9996512532234192 0.0008488117600791
2452163.6760117216 0.9883110821247101 0.0008452436886727
2452163.75448458 0.9982861280441284 0.0008485931321047
2452163.8336518775 1.0003342628479004 0.0008491628686897
2452163.912819164 1.0007905960083008 0.0008492778870277
2452163.9919864405 1.000512957572937 0.0008491640328429
2452164.0704592564 1.0002330541610718 0.0008492458146065001
2452164.148932062 1.000356912612915 0.0008490931359119
2452164.228099307 1.0000817775726318 0.0008491267217323
2452164.3072665418 1.0002684593200684 0.0008490895270369
2452164.3864337658 1.0002142190933228 0.0008490345207974
2452164.465600979 1.0006113052368164 0.0008490408654324
2452164.543379284 1.000481367111206 0.0008490592008456
2452164.6225464772 1.000288963317871 0.0008489892934449
2452164.701019211 1.0002723336219788 0.0008490071049891
2452164.780186384 1.0003171563148499 0.00084895046893505
2452164.860047995 1.000379204750061 0.0008488977910019
2452164.939215147 1.0003011226654053 0.0008490308537147
2452165.018382289 0.9998838305473328 0.0008489817264489
2452165.0968549717 1.0000861287117004 0.0008489711035508
2452165.175327645 1.000311255455017 0.0008490185718983
2452165.2551892046 0.9999049603939056 0.0008489705796818499
2452165.33296741 0.9999300241470336 0.00084899464854965
2452165.416995638 1.0002648830413818 0.0008492246852256
2452165.4906071345 1.0003705024719238 0.0008492874912917
2452165.569774206 1.0005091428756712 0.0008493371424265
2452165.6489412673 1.000417709350586 0.0008492398192174
2452165.7281083185 1.0004355907440183 0.0008493495406582
2452165.8072753595 1.0004694461822508 0.000849308213219
2452165.885747943 1.0006155371665955 0.00084936444181945
2452165.9642205173 1.0005494356155396 0.0008494019275531
2452166.0433875285 1.0005719661712646 0.0008493298664689
2452166.12255453 1.0005847215652464 0.0008493598434142
2452166.201027074 1.0004676580429077 0.0008492466004099
2452166.2801940558 1.0005894899368286 0.0008493618806823999
2452166.35866658 1.0006296634674072 0.0008493705536238
2452166.437833542 1.0005712509155271 0.0008493507630191
2452166.517000494 1.0005483627319336 0.0008494086214341
2452166.5961674363 1.0006688833236694 0.0008494871435686
2452166.6753343684 1.000650644302368 0.0008493419736623
2452166.753806844 1.0007559657096863 0.00084929753211325
2452166.8322793096 1.0004050731658936 0.0008492302149534
2452166.9114462123 1.0004334449768066 0.0008493052446283
2452166.9906131052 1.0005028247833252 0.0008492445922456
2452167.069779988 1.0005022287368774 0.0008491812041029
2452167.148946861 1.0003834962844849 0.00084920367226
2452167.2274192777 1.0006086826324463 0.00084925669943905
2452167.3058916857 0.9891297221183776 0.000845476577524
2452167.385058529 0.9891609549522402 0.0008454297785647
2452167.464225363 1.0004767179489136 0.000848978117574
2452167.543392187 1.000404953956604 0.0008492807974107
2452167.6218645554 1.0003249049186707 0.00084922858513885
2452167.700336914 1.0001813173294067 0.0008492028573527
2452167.7795037087 1.0006418228149414 0.0008492306806147
2452167.8586704936 1.0005011558532717 0.0008493113564327
2452167.937837268 1.0003883838653564 0.0008492242195643
2452168.0170040336 1.0005353689193723 0.000849220494274
2452168.0954763433 1.0002368688583374 0.00084929371951145
2452168.173948644 1.0001059770584106 0.0008492766064591
2452168.2531153797 1.0003309249877927 0.000849250354804
2452168.332282106 1.0006748437881468 0.0008492032065987
2452168.4114488224 1.0006654262542725 0.0008493565837852
2452168.4899210837 1.0003639459609985 0.0008493666828144
2452168.568393336 1.000305414199829 0.0008491735206916
2452168.647560023 1.0004768371582031 0.0008493018103763
2452168.7267267 1.000138282775879 0.0008492746856063
2452168.8058933676 1.000557541847229 0.0008492777124047
2452168.885060025 1.0004050731658936 0.0008492801571264
2452168.963532229 0.9996823668479918 0.0008490221225656
2452169.0420044228 1.0001393556594849 0.0008490984910167
2452169.121171051 1.000116229057312 0.0008491137414239
2452169.20033767 1.000030755996704 0.0008490932523272
2452169.279504279 1.000230312347412 0.0008491317857988
2452169.358670878 0.9998271465301511 0.0008491651387885
2452169.437143024 1.0000184178352356 0.00084929977310815
2452169.5156151606 0.9996739029884336 0.0008491353364661
2452169.5947817313 0.9999966025352478 0.0008492752676829
2452169.673948292 0.9999203085899352 0.0008492815541103
2452169.7531148433 1.0002039670944212 0.0008492859196849
2452169.831586942 0.999964565038681 0.00084933175821785
2452169.9093645876 0.9996231496334075 0.0008493658679071499
2452174.2635293985 1.0019082427024841 0.0008349700365215
2452174.329501633 1.0021206140518188 0.00083519105101
2452174.4086682973 1.0015326738357544 0.0008351848809979
2452174.4878349444 1.0014975070953367 0.0008351245196536
2452174.567001574 1.0011143684387207 0.0008350093266926
2452174.646168187 0.9890121221542358 0.0008309254772029
2452174.7246403396 0.9906878173351288 0.0008315854356623501
2452174.8031124757 1.0015798807144165 0.00083497853484
2452174.8822790403 1.000882863998413 0.0008350010029971
2452174.9614455886 1.000460863113403 0.0008349384297616
2452175.0406121225 1.0007990598678589 0.0008350270218215
2452175.1197786406 1.000646948814392 0.0008348725968971
2452175.1982507017 1.0006425976753235 0.00083487757365215
2452175.276722748 1.001049518585205 0.000834893726278
2452175.3558892226 1.0008593797683716 0.0008348865667358
2452175.4350556834 1.000943303108215 0.000834907987155
2452175.51422213 1.0006933212280271 0.0008348086848855
2452175.5926941214 1.0008109807968137 0.0008347437542397
2452175.6711660987 1.0009795427322388 0.0008347501861862
2452175.7503325054 1.0005260705947876 0.0008346962276846
2452175.8294988987 1.0005961656570437 0.000834664388094
2452175.908665279 1.0007219314575195 0.0008347728289663
2452175.987831646 1.0002872943878172 0.0008345901151187
2452176.0663035586 1.0006048679351807 0.0008345586247742
2452176.1447754595 1.0004351139068604 0.0008345677051693
2452176.223941789 1.0005369186401367 0.0008344752131961
2452176.3031081064 1.0003066062927246 0.0008344227680936
2452176.382274411 1.000548243522644 0.0008345242240466
2452176.460746263 1.000211775302887 0.0008343995141330499
2452176.5392181026 1.000263214111328 0.0008343886584043
2452176.6183843715 1.0003018379211424 0.0008344121742993
2452176.697550629 1.0000377893447876 0.0008344269590452
2452176.776716874 1.000144124031067 0.0008344085072167
2452176.8558831075 1.0006221532821655 0.0008345392416231
2452176.934354889 1.0005279779434204 0.0008344554516951999
2452177.0128266593 1.0005297660827637 0.0008344870875589
2452177.0919928583 1.0001463890075684 0.0008344171801581
2452177.171159046 0.9999851584434508 0.0008343938970938
2452177.2503252225 1.0001552104949951 0.0008343850495293
2452177.3294913876 1.0001239776611328 0.0008343843510374
2452177.407268662 1.0002268552780151 0.0008343594963662
2452177.486434805 1.0004111528396606 0.0008343834779225
2452177.565600937 1.0004185438156128 0.0008343301014974
2452177.6447670585 1.0007034540176392 0.000834327947814
2452177.7239331687 1.0004560947418213 0.0008342551882378
2452177.8024048284 1.0007284283638 0.00083428906509645
2452177.880876478 1.0006240606307983 0.0008342912769876
2452177.960042556 1.000714898109436 0.0008342466317117
2452178.0392086226 1.0004980564117432 0.0008342080400325
2452178.1183746792 1.000494122505188 0.000834156118799
2452178.197540725 1.0004353523254397 0.0008342353976331
2452178.2760123215 0.9904324710369111 0.0008309217519126501
2452178.354483907 0.988546907901764 0.0008302003261633
2452178.4336499213 1.0008057355880735 0.0008341202046722
2452178.5128159253 1.0006980895996092 0.0008341933134943
2452178.591981919 1.0005089044570925 0.0008341331267729
2452178.671147902 1.000445246696472 0.00083411851665
2452178.749619436 1.0004138946533203 0.00083408778300505
2452178.82809096 1.0004252195358276 0.0008340766653418
2452178.9072569124 1.0003516674041748 0.0008339531486853
2452178.986422854 1.0006368160247805 0.00083415559493
2452179.065588786 1.0009980201721191 0.0008340653730556
2452179.144060269 1.0009130835533142 0.00083411770174275
2452179.222531743 1.0005874633789062 0.0008339817868545
2452179.301697644 1.0008386373519895 0.0008341262582689
2452179.3808635348 1.000827074050903 0.000834034581203
2452179.4551683534 1.0005483627319336 0.0008339920896105
2452179.5391952866 1.0004078149795532 0.0008342007058672
2452179.61766671 1.0001656413078308 0.00083410603110675
2452179.6961381235 1.0004193782806396 0.0008341339998878
2452179.7753039645 1.000238299369812 0.0008343117078766
2452179.8544697952 1.0002284049987793 0.0008340872591361
2452179.9336356157 1.000056743621826 0.0008341817301698
2452180.01210699 1.000389814376831 0.0008343559456989
2452180.090578354 1.0004533529281616 0.000834121601656
2452180.169744145 1.00019633769989 0.0008342022774741
2452180.248909926 1.000179648399353 0.0008340994245372
2452180.3280756976 1.0000715255737305 0.0008340450585819
2452180.407241459 1.0004233121871948 0.000834104954265
2452180.485712774 1.000372290611267 0.0008341199718415
2452180.5641840794 1.0003716945648191 0.0008340848144143
2452180.6433498114 1.0007178783416748 0.0008343074587173
2452180.722515533 1.000715970993042 0.0008341809152625
2452180.8016812457 1.0005662441253662 0.0008342237561009
2452180.8808469484 1.0006085634231567 0.0008341822540387
2452180.959318205 1.0001919865608215 0.0008340784406754499
2452181.0377894524 1.0001716613769531 0.000834048143588
2452181.1169551252 1.000801920890808 0.000834152335301
2452181.196120789 1.0004701614379885 0.0008341178181581
2452181.2752864426 1.000349998474121 0.0008341403445228
2452181.353757651 1.000531017780304 0.00083429095684545
2452181.43222885 1.0004820823669431 0.0008340595522895
2452181.5113944747 1.0003877878189087 0.0008340971544384
2452181.59056009 1.0006520748138428 0.0008341260254383
2452181.6697256947 1.0007693767547607 0.0008340516360476
2452181.7488912903 1.000345230102539 0.0008341301581822
2452181.827362441 1.0002610087394714 0.00083400742732915
2452181.9058335824 0.9995783567428588 0.0008336277678608
2452181.9849991486 0.9882543683052064 0.0008299790206365
2452182.0641647056 0.9962693452835084 0.000832748832181
2452182.1433302527 1.0003154277801511 0.000834051228594
2452182.22249579 1.0004258155822752 0.000833882484585
2452182.3009668835 1.0004579424858093 0.0008340255299117
2452182.379437967 1.000400185585022 0.0008340372005477
2452182.458603476 1.0003764629364011 0.0008340770145878
2452182.537768975 1.0002411603927612 0.0008340607746504
2452182.6169344643 0.9998812079429624 0.0008339706691913
2452182.6954055103 1.0001155138015747 0.0008340096683241
2452182.7738765464 1.0003013610839844 0.0008341234643012
2452182.853042007 1.0002267360687256 0.0008341496577486
2452182.9322074577 1.000355243682861 0.0008341448265127
2452183.011372899 1.0000817775726318 0.0008341360371559
2452183.090538331 1.0002208948135376 0.0008341885986737
2452183.1690093195 1.0003840923309326 0.0008341648499481
2452183.247480299 0.9998990893363952 0.0008342182263731
2452183.3266457026 0.9997771382331848 0.0008341383072547
2452183.405811096 0.999809205532074 0.0008340744534507
2452183.4849764802 1.00013530254364 0.000834152335301
2452183.563447422 0.9994596838951111 0.00083403650205575
2452183.641918354 0.9997885227203368 0.0008341874927282
2452183.7210837104 1.0000436305999756 0.0008342546643689
2452183.800249057 1.0001006126403809 0.0008342458750121
2452183.879414394 0.9997628927230836 0.0008343105437234
2452183.958579722 1.0001728534698486 0.0008343896479345
2452184.037050608 1.000095248222351 0.0008344767848029
2452184.115521485 0.9998323917388916 0.0008344606030732
2452184.194686786 1.0000104904174805 0.0008344838861376
2452184.273852077 0.9997833967208862 0.0008344738744199
2452184.3530173595 1.000001072883606 0.0008345849928446
2452184.432182633 1.000170350074768 0.0008346632239408
2452184.5106534655 1.000080943107605 0.0008347421244252
2452184.58912429 0.9999979138374328 0.0008348416304215
2452184.6682895375 1.0000020265579224 0.0008349090931005
2452184.7474547774 0.9993143677711488 0.0008351631113328
2452184.826620009 0.9997993111610411 0.0008353629382327
2452184.905090801 0.9998679757118225 0.00083554410957725
2452184.9835615857 0.99973064661026 0.0008359542116522
2452185.062726795 0.999951958656311 0.0008362578810192
2452185.141891998 1.0002710819244385 0.0008366529364138
2452185.2210571943 1.0000474452972412 0.0008371319854632
2452185.300222385 1.0003553628921509 0.0008376738987863
2452185.37869314 1.0004419088363645 0.0008381053921766
2452185.457163891 1.000532627105713 0.000838772393763
2452185.53632907 1.0018798112869265 0.0008419001824222
2452185.615494248 0.9938512444496154 0.0008460522512905
2452185.693270563 0.994345784187317 0.0008549473132006
2452187.22588618 0.9994460046291351 0.0008474205969832001
2452187.272413442 1.0005016326904297 0.0008351143333129
2452187.351579218 1.000699758529663 0.0008343824301846
2452187.4307449767 1.0000808238983154 0.0008343175868503
2452187.5099107143 1.0005707740783691 0.0008342450018972
2452187.5883819945 1.000870168209076 0.0008340976492035501
2452187.6668532523 1.0005111694335935 0.0008339568739756
2452187.7460189234 1.0002957582473757 0.000833899306599
2452187.825184572 1.0009727478027344 0.0008339417399838
2452187.904350199 1.001132249832153 0.0008339848718605
2452187.982821368 1.0006338953971863 0.0008338003244716
2452188.061986952 1.0003505945205688 0.00083378152339715
2452188.1404580805 1.0005528926849363 0.0008336867322213
2452188.219623623 1.000495672225952 0.0008336793398484
2452188.2987891464 1.0006624460220337 0.0008337090839631
2452188.3779546507 1.00084388256073 0.0008336994796991
2452188.456425702 1.0009680390357971 0.00083364249439905
2452188.5348967356 1.0003786087036133 0.0008336041937582
2452188.6140621854 1.0003734827041624 0.000833666883409
2452188.693227618 1.0006370544433592 0.0008336394676007
2452188.7723930334 1.0004701614379885 0.0008335376624017
2452188.851558433 1.00034499168396 0.0008335870807059
2452188.930029383 1.00031179189682 0.0008335958991665001
2452189.008500317 1.000577449798584 0.0008336622267961
2452189.0876656687 1.0003762245178225 0.0008335490128956
2452189.166831006 1.0003037452697752 0.0008335982565768
2452189.245996327 0.9973284602165222 0.0008328028488904
2452189.3251616345 0.9886126518249512 0.0008295189472846
2452189.403632495 0.9996814727783202 0.0008332201687152999
2452189.4821033417 1.0003700256347656 0.0008334980229847
2452189.561268606 1.0006650686264038 0.0008335546008311
2452189.640433857 1.0005961656570437 0.0008334793965332
2452189.719599095 1.000349998474121 0.0008333874866366
2452189.798069888 1.0002751350402832 0.0008333456644322
2452189.8765406674 1.000255823135376 0.0008333934820257
2452189.9557058653 1.0004932880401611 0.0008333802688866
2452190.034871051 1.0008639097213743 0.0008333945297636
2452190.114036224 1.000720739364624 0.0008334519225172
2452190.193201384 1.000482439994812 0.0008333743899129
2452190.2716721008 0.9999774694442749 0.0008333800942636499
2452190.350142806 1.0003144741058347 0.0008334720623679
2452190.4293079292 0.9998167157173156 0.0008334189187735
2452190.508473041 0.9998817443847656 0.0008333080331794
2452190.587638141 1.0000425577163696 0.0008333229343406
2452190.666803229 1.0004059076309204 0.0008333316072821
2452190.745273875 1.0004483461380005 0.00083338507101865
2452190.8237445094 1.0001187324523924 0.0008332903380505
2452190.902909563 1.0002838373184204 0.0008333623409271
2452190.982074605 1.0003254413604736 0.0008332164143212
2452191.0612396356 1.0006272792816162 0.0008333241567015
2452191.139710225 1.000890076160431 0.00083334831288075
2452191.218180804 1.0008352994918823 0.0008331623394042
2452191.2973458017 1.0005632638931274 0.0008332675788551
2452191.376510788 1.0005468130111694 0.0008331399876624
2452191.455675764 1.0003663301467896 0.0008331484859809
2452191.5348407286 1.0006134510040283 0.0008330896380357
2452191.6133112535 1.0003313422203064 0.0008330472337547
2452191.691781767 1.000499248504639 0.0008329923148266
2452191.7709467 1.000943660736084 0.0008331057615578
2452191.8501116224 1.000662326812744 0.0008329775882884
2452191.9292765344 1.000993251800537 0.0008330596028827
2452192.0084414356 1.0009036064147947 0.000833035504911
2452192.086911897 1.00081068277359 0.0008330604177899
2452192.1653823494 1.0004687309265137 0.00083316443488
2452192.2445472195 1.0005055665969849 0.0008330587297677
2452192.32371208 1.0007969141006468 0.0008330124546773
2452192.4028769294 1.0012784004211424 0.0008329462725669
2452192.481347341 1.0011310577392578 0.0008329157426487
2452192.559817742 1.000839352607727 0.0008330050623044
2452192.6389825614 1.0009171962738037 0.0008329964475706
2452192.718147371 1.0010180473327637 0.0008331211283802
2452192.7973121703 1.000882863998413 0.0008330758428201
2452192.87647696 1.0006539821624756 0.0008329842821694
2452192.9549473114 0.9887394309043884 0.0008291972917503999
2452193.0334176533 0.990160584449768 0.0008295266889035
2452193.112582413 1.0005855560302734 0.0008329199627041
2452193.1917471634 1.0007102489471436 0.0008329079137183
2452193.270911903 1.0009913444519043 0.000832961348351
2452193.350076634 1.0005992650985716 0.0008329966221936
2452193.428546927 1.0005742907524109 0.0008330853597726499
2452193.5118782017 0.9998010396957397 0.0008332115830853
2452193.586181912 0.9998420476913452 0.0008333065779879
2452193.6653466034 1.0001988410949707 0.0008333849837072
2452193.744511286 1.0002275705337524 0.0008333351579494
2452193.822981531 0.9999986290931702 0.00083336938405405
2452193.901451767 0.9994190335273744 0.0008334893500432
2452193.9806164205 0.99971741437912 0.0008334768353961
2452194.0597810643 1.0000464916229248 0.0008334560552611
2452194.1389456983 1.000243067741394 0.0008334622252732
2452194.218110323 0.999800205230713 0.0008334170561283
2452194.296580512 1.0000483989715576 0.000833341415273
2452194.3750506914 0.9997542500495912 0.0008333097794093
2452194.4542152877 0.9997188448905946 0.0008333878358826
2452194.5333798747 1.0001349449157717 0.0008334718877449
2452194.612544452 0.9999318718910216 0.0008334089070558
2452194.69170902 0.9997913241386412 0.0008334324811585
2452194.7701791525 0.9999018907546997 0.0008334815502166
2452194.8486492764 1.0002003908157349 0.0008335179300047
2452194.9278138163 1.0004551410675049 0.0008335963357239
2452195.006978347 1.0000268220901487 0.000833376776427
2452195.0861428683 1.000170350074768 0.0008333475561812
2452195.1646129545 1.0003026127815249 0.0008332907164003
2452195.242388607 0.9999207258224487 0.00083314845687705
2452195.3222475257 1.0005501508712769 0.0008332600118592
2452195.40141201 1.0003726482391355 0.0008331653079949
2452195.480576485 0.9998992681503296 0.00083313731011
2452195.5597409504 1.0001786947250366 0.0008331785211339
2452195.638210982 1.0001760721206665 0.0008330782875418
2452195.7166810036 1.0000889301300049 0.0008330852142535
2452195.795845442 1.0001142024993896 0.0008331747376359
2452195.8750098706 1.0002944469451904 0.0008330951677635
2452195.95417429 1.0003916025161743 0.0008332075667567
2452196.0333387004 1.0000571012496948 0.0008331363787874
2452196.1118086767 0.9998862147331236 0.00083307691966175
2452196.190278644 1.0002442598342896 0.000833062978927
2452196.2694430267 1.0006886720657349 0.0008331450517289
2452196.3486074004 1.0005849599838257 0.0008331565186381
2452196.4277717643 1.0005052089691162 0.0008330987184308
2452196.506241696 1.000769555568695 0.00083315168740225
2452196.5847116173 0.9913251399993896 0.0008299705805256
2452196.663875954 0.988484799861908 0.0008290029945783
2452196.743040282 1.0002323389053345 0.0008330886485055
2452196.8222046006 1.0004863739013672 0.0008331818389706
2452196.90136891 1.0004669427871704 0.0008331990102306
2452196.9798387866 1.000544548034668 0.0008331919671036
2452197.058308654 1.0001879930496216 0.0008330980781465
2452197.137472936 1.0004308223724363 0.0008330800337716
2452197.2166372086 1.0004018545150757 0.0008331296849064
2452197.2958014724 1.000327229499817 0.0008331012213602
2452197.3749657273 1.0005092620849607 0.0008330961572937
2452197.4534355495 1.000436246395111 0.0008330626587849
2452197.531905363 1.0008844137191772 0.0008329931879416
2452197.61106959 1.0006748437881468 0.0008329758420586
2452197.6902338085 1.0004706382751465 0.0008328917319886
2452197.769398018 1.0002459287643433 0.0008331030257977
2452197.8478677953 1.0002233982086182 0.00083306684973645
2452197.9263375634 1.0003764629364011 0.0008331381832249
2452198.005501746 1.0004462003707884 0.0008331187418662
2452198.084665919 0.9998862147331236 0.000833079800941
2452198.163830084 1.0001842975616455 0.0008330189739353
2452198.242994239 0.9999778270721436 0.0008329530828632
2452198.3214639635 1.0000253915786743 0.00083308015018695
2452198.399933679 1.0000644922256468 0.0008329857955686
2452198.4790978082 1.0001428127288818 0.0008330842829309
2452198.558261929 1.000252366065979 0.0008331152494065
2452198.6374260406 1.0003383159637451 0.0008331356802955
2452198.715895722 1.000121831893921 0.00083315302617845
2452198.7943653953 1.0002542734146118 0.0008330617565661
2452198.873529482 1.000035285949707 0.0008330709533765
2452198.9526935606 0.9998940229415892 0.0008331566932611
2452199.031857631 0.9997346997261048 0.0008330735145136
2452199.1110216943 0.9995622634887696 0.00083307310706
2452199.1894913283 0.9998093545436859 0.0008330165583174
2452199.2679609554 0.9997901916503904 0.0008330317214131
2452199.3471249966 0.9996426105499268 0.0008330271812155
2452199.4262890317 0.9996712803840636 0.0008330331183969
2452199.505453061 0.9999882578849792 0.0008328747353516
2452199.5846170853 0.999703884124756 0.0008330653654411
2452199.6630866835 0.9995205402374268 0.0008330260170623
2452199.741556278 0.999427795410156 0.0008330777636729
2452199.8207202917 0.9993706345558168 0.0008338583866134
2452199.8998843045 1.0003211498260498 0.0008392389863729
2452199.9790483178 1.0030237436294556 0.0008463601698167
2452200.057517913 1.004165768623352 0.0008602744783274
