2451325.3399769426 1.0014412403106687 0.0030649818945676
2451325.4163683644 1.0018455982208252 0.0031390648800879
2451325.4927597567 1.0022376775741575 0.003186562564224
2451325.5684566554 1.0025146603584287 0.0032432259758933997
2451325.6441535316 1.0027718544006348 0.0032513700425624
2451325.720544853 1.0018031597137451 0.0032424638047814
2451325.796241689 1.0016239881515503 0.0032580409897490998
2451325.871938508 1.0012532472610471 0.0032504955306649
2451325.9476353107 1.000667929649353 0.0032162576681002497
2451326.0240265657 0.9999228119850159 0.00321262143552295
2451326.0997233414 1.0000518560409544 0.0032137315720319
2451326.17611457 0.9995679259300234 0.0032127071171998
2451326.251811322 0.9993704259395598 0.0032085216371342
2451326.326813597 0.9991592466831205 0.00320505211129775
2451326.4038992585 0.9987923502922058 0.0032107913866639
2451326.479595979 0.9991743564605713 0.00321674125734715
2451326.5552926906 0.998681902885437 0.0032255356200039
2451326.6316838586 0.9986820220947265 0.0032290441449731
2451326.707380553 0.9986488521099091 0.00321700028143815
2451326.783077238 0.99880313873291 0.0032050728332251
2451326.8594683805 0.9977189302444458 0.0031989961862564
2451326.9351650504 0.9810221195220948 0.0031533513683825003
2451327.0108617125 0.9960156083106994 0.0031457489822059
2451327.0865583676 0.999074399471283 0.00314607343170785
2451327.164338409 0.999996095895767 0.0031467883381991997
2451327.2386461203 0.9999830722808836 0.0031347288750112
2451327.315037218 0.9998204708099364 0.003114967374131
2451327.3907338446 1.0006517171859741 0.0031096454476937
2451327.466430464 0.9995874762535096 0.0031180176883935
2451327.542821541 1.0001285076141355 0.0031301891431212
2451327.6185181467 1.0005137920379639 0.0031380760483443503
2451327.6942147464 1.0001916885375977 0.0031332150101661
2451327.769911339 0.9993059039115906 0.0031310090562328002
2451327.8414411405 0.9993980526924132 0.0031252913177013
2451327.921998969 0.9987295269966124 0.0031112658325582
2451327.998390006 0.9987253546714784 0.0030972026288509
2451328.074086572 0.9983731210231782 0.00309373985510315
2451328.149783132 0.998210072517395 0.0030941555742174
2451328.2261741497 0.9978452920913696 0.0030891380738466
2451328.301870697 0.9989930391311646 0.0030819432577118
2451328.3775672377 0.9982379078865052 0.0030773205216974
2451328.453263772 0.999710351228714 0.00307891576085235
2451328.530349227 0.99964839220047 0.0030861846171319
2451328.6060457486 1.0001416206359863 0.00309399166144425
2451328.681742264 1.0001816749572752 0.003093593288213
2451328.7574387733 1.0008585453033447 0.00309340225066985
2451328.833829739 1.0005522966384888 0.0030929715139791
2451328.9095262354 1.00198233127594 0.0030873764771968
2451328.9859171887 1.002721071243286 0.003079378278926
2451329.0616136724 1.0033152103424072 0.0030774994520469997
2451329.1366156866 1.0026454329490662 0.00307974941097195
2451329.214395547 1.0021162629127502 0.0030803637346252
2451329.289397549 1.003381371498108 0.0030768056167289
2451329.364399544 1.001898169517517 0.00307065236847845
2451329.4407904595 1.0024839043617249 0.0030705098761245
2451329.5171813676 1.0039212107658386 0.0030749659053981
2451329.5928778076 1.0018690824508667 0.0030807228758931
2451329.6692687036 1.0022931098937988 0.0030830618925392
2451329.7456595935 1.0013738870620728 0.0030821685213595
2451329.8206615513 1.0014901161193848 0.0030807594303041
2451329.8963579657 1.001289188861847 0.0030775123741477
2451329.969276524 1.000849723815918 0.0030707491096109
2451330.0498341634 1.0005702972412107 0.0030669008847326
2451330.1248360965 1.0019183158874512 0.0030683719087392
2451330.2005324853 1.000965595245361 0.00306909240316595
2451330.2762288684 1.000813126564026 0.0030666373204439
2451330.3574809423 1.0014881491661072 0.00306003878358745
2451330.4283160777 1.0014432668685913 0.00305755436420435
2451330.504012442 1.0020191669464111 0.0030587096698582
2451330.5804032623 1.001806616783142 0.0030643173959106
2451330.6560996138 1.0029888153076172 0.00306856562383465
2451330.731795959 1.001516580581665 0.0030673914588987
2451330.80818676 1.0029356479644775 0.0030654454603791
2451330.8838830935 1.0009369850158691 0.0030626893276348
2451330.9595794203 1.0005347728729248 0.0030577331781387
2451331.035970202 1.0001927614212036 0.0030541501473635
2451331.1116665164 1.000465214252472 0.0030539891449734
2451331.1866683634 1.0005213022232056 0.00305543059948825
2451331.263753588 1.0009217262268066 0.0030525531619787
2451331.3394498834 1.000253140926361 0.00304731610231095
2451331.415146173 1.000938296318054 0.0030438667163252
2451331.4915369176 1.0000548362731931 0.0030417600646615
2451331.5686221174 1.0007042288780212 0.0030461429851129504
2451331.643623927 0.999881476163864 0.0030489356722682498
2451331.7193201915 0.9830145835876464 0.0030362489633262
2451331.7950164503 0.9991992115974426 0.00304721854627125
2451331.8714071633 1.0012804865837097 0.00304797315038735
2451331.9471034096 1.0011368989944458 0.0030461188871413
2451332.023494111 1.001014232635498 0.0030434601940214
2451332.098495884 1.0009033679962158 0.0030417183879762
2451332.1748865726 1.000804424285889 0.0030419891700148
2451332.2526661768 1.0003570318222044 0.0030402364209294
2451332.3262790106 1.0005463361740112 0.0030370410531759
2451332.40128076 0.999986946582794 0.0030313639435917
2451332.4804492667 0.9999215602874756 0.003029785118997
2451332.555451004 0.9984277486801147 0.0030324426479637
2451332.6304527353 0.9981402158737184 0.0030360633973032
2451332.707537842 0.9965986609458923 0.00303487386554475
2451332.781150641 0.9969795644283295 0.003033279790543
2451332.863096957 0.994970440864563 0.0030301832593977
2451332.9346263637 0.9959580302238464 0.0030288358684629
2451333.0103225256 0.9951435029506682 0.0030260066268965003
2451333.086018682 0.9953210949897766 0.0030254537705332
2451333.1624092925 0.994521915912628 0.0030266458634287
2451333.238105437 0.9947773814201355 0.0030269399285316
2451333.313801576 0.9956861734390258 0.0030243666842579
2451333.3894977085 0.9969712793827057 0.0030201888876035003
2451333.4658882963 0.9965019524097443 0.00301753520034245
2451333.5415844177 0.997416079044342 0.0030191666446626
2451333.617974993 0.9987747073173524 0.003023351309821
2451333.6936711026 0.9987682700157164 0.0030237336177378
2451333.7693672073 0.9992843270301818 0.0030235890299081
2451333.845757766 0.9994494915008546 0.0030218509491533
2451333.9214538597 0.9997578263282776 0.00302152882795775
2451333.9971499476 1.000762104988098 0.0030200933106243
2451334.0735404897 1.0001394748687744 0.0030193948186933
2451334.1492365664 0.9994406402111052 0.00301922741346055
2451334.224932638 1.0008329153060913 0.0030203256756067
2451334.301323164 1.000454306602478 0.0030178010929375
2451334.377713684 1.001693844795227 0.0030155063141137
2451334.45340974 1.0004589557647705 0.00301150337327265
2451334.52910579 1.0002787113189695 0.0030103016179054
2451334.6054962943 1.0008835792541504 0.0030114536639302
2451334.6804978754 0.999835968017578 0.0030096035916358
2451334.7568883696 0.999449908733368 0.0030077227856963
2451334.8332788586 0.999755561351776 0.0030058803968131
2451334.908280425 1.0000425577163696 0.003004677593708
2451334.9811986093 0.9992371499538422 0.00300199398770925
2451335.061755837 1.0008359551429749 0.0030016381060704
2451335.1367573887 1.002383828163147 0.00300227839034045
2451335.2124533947 1.0022603273391724 0.0030013020150363
2451335.2881493955 1.003168761730194 0.0029997235396876498
2451335.3694010614 1.0030566453933716 0.0029975669458508
2451335.4409303013 1.0033680796623228 0.00299688556697215
2451335.516626289 1.003922939300537 0.0029972430784255
2451335.5923222722 1.0048007369041443 0.00299633317627005
2451335.66871271 1.0042312741279602 0.0029950722819194
2451335.744408685 1.0045347213745115 0.0029953198973089
2451335.820104656 1.0051759481430054 0.0029952351469546
2451335.895800622 1.0048797130584717 0.0029952519107609
2451335.9721910437 1.005519151687622 0.0029958656523376
2451336.0478870026 1.0042722821235657 0.0029948997544124497
2451336.1235829582 1.0028556585311887 0.0029938435181975
2451336.199973368 1.003109335899353 0.0029948269948363
2451336.2756693163 1.003229022026062 0.00299378088675435
2451336.3513652612 1.0036646127700803 0.0029949797317385
2451336.427755661 1.002402663230896 0.0029933627229183
2451336.5034515997 0.9847928285598755 0.0029795268783345003
2451336.579147535 1.0002552270889282 0.0029935005586594
2451336.6548434673 1.0020025968551636 0.00299351417925205
2451336.731233855 1.0021318197250366 0.00299491628538815
2451336.806929782 1.0006376504898071 0.0029940821696072
2451336.8833201644 1.002315640449524 0.0029947301372885
2451336.9590160865 1.0014376640319824 0.0029947358416393
2451337.0347120063 1.001462697982788 0.002994435140863
2451337.1111023817 1.0018260478973389 0.0029950200114399
2451337.1867982973 1.0001424551010132 0.0029942372348159
2451337.262494211 0.999975562095642 0.0029935394413769
2451337.337495665 0.998461067676544 0.0029930812306702
2451337.4152749493 0.998888909816742 0.0029927876312285
2451337.4930542316 0.9980621933937072 0.0029931501485407
2451337.565972307 0.9974978566169739 0.00299302628263825
2451337.6430571284 0.9972510337829588 0.0029925913549959
2451337.7194474903 0.997627854347229 0.0029919408261775
2451337.795143393 0.99749556183815 0.00299231277313075
2451337.875700498 0.9964034855365752 0.0029938335064798004
2451337.9465351924 0.9971347153186798 0.00299426040146495
2451338.022231089 0.996431052684784 0.0029943997506052
2451338.0986214406 0.9964605569839476 0.0029940649401396
2451338.174317331 0.9967098832130432 0.00299524166621265
2451338.250013218 0.9977140426635742 0.0029972696211189
2451338.326403557 0.9979704022407532 0.0029966346919536
2451338.4020994315 0.9994109570980071 0.00299899862147865
2451338.4777952977 0.9994558095932008 0.0029991585761308
2451338.521546115 0.9954330921173096 0.0029984799912199
2451339.6958700195 0.998601257801056 0.0030046431347727
2451339.768787506 0.9997427463531494 0.0030064563034102
2451339.844482769 0.9981226325035096 0.0030146734789013
2451339.9208724513 0.9994787573814392 0.0030436727683991
2451339.996567653 0.9991626143455504 0.00308554852381345
2451340.0722628287 1.0010029077529907 0.0031163606327027
2451340.148652431 1.0010597705841064 0.0031373207457363
2451340.225042011 1.0009043216705322 0.0031595050822943
2451340.30073712 1.0015443563461304 0.00317531626205885
2451340.376432211 1.0021002292633057 0.0031812149100005
2451340.4528217353 1.0026328563690183 0.0031861488241702
2451340.5285167936 1.0025981068611145 0.00319597811903795
2451340.6049062866 1.0030681490898132 0.00319099007174365
2451340.680601316 1.0028157234191897 0.0031792116351425
2451340.7562963325 1.0033217668533325 0.00317815085873
2451340.831991337 1.0029616355895996 0.0031865842174738
2451340.9076863294 1.0022010803222656 0.0031797678675502
2451340.9868535576 1.0039544701576233 0.0031694202916696503
2451341.0597707313 1.003495693206787 0.0031699545215815
2451341.1361601413 1.003658652305603 0.0031703982967883
2451341.211855093 1.001191258430481 0.0031593868043273
2451341.2875500345 0.9855907559394836 0.0031370429787784
2451341.3639394157 1.0026659965515137 0.0031449780799448
2451341.439634339 1.0034997463226318 0.0031506940722465003
2451341.515329254 1.0031362771987915 0.0031578226480633
2451341.591718609 1.0027137994766235 0.0031618191860616
2451341.6639412637 1.003269910812378 0.00315274239983405
2451341.7444972936 1.0025068521499632 0.0031422055326402
2451341.819497727 1.001383662223816 0.0031401843298226
2451341.895887049 1.0012993812561035 0.0031317255925387
2451341.970887467 0.999934673309326 0.003116863546893
2451342.047276773 0.9994435310363768 0.0031125391833484
2451342.12436052 0.9989136755466461 0.0031178665813058
2451342.2035276033 0.9969689846038818 0.0031152478186413
2451342.2750557503 0.9967793822288512 0.0031090460252016
2451342.3507505786 0.9965255558490752 0.0031019507441669
2451342.4264454 0.9964069724082946 0.0031037577427923
2451342.5028346614 0.9953698515892028 0.003110674675554
2451342.578529468 0.9958730936050414 0.003120343433693
2451342.6542242668 0.9951180219650269 0.0031193906906992
2451342.730613506 0.995697021484375 0.0031153245363384
2451342.8070027386 0.9950668811798096 0.0031123803928494
2451342.882697516 0.9966512322425842 0.00310971855651585
2451342.9583922867 0.9957036972045896 0.0031012445688247
2451343.034781498 0.9972606897354126 0.003093316219747
2451343.1104762545 0.9974625706672668 0.00309510470833625
2451343.186171004 0.9987271428108216 0.0030978159047663
2451343.2625601934 0.9997305274009703 0.0030940361320972
2451343.338254929 0.9993102252483367 0.0030864573782309
2451343.4139496577 1.00016450881958 0.0030859790276736
2451343.490338826 1.000513195991516 0.0030901697464287
2451343.566033541 1.0014203190803528 0.00309662695508445
2451343.6417282494 1.000212788581848 0.0030995437409728
2451343.7188118435 0.9994352459907532 0.00309670052956785
2451343.793812091 0.9989096224308013 0.0030941248405724
2451343.869506778 0.9986511468887328 0.0030937292613089
2451343.945895905 0.9988942742347716 0.0030896512325853
2451344.022285025 0.9997950196266174 0.00308304047212
2451344.0972852455 0.9995155334472656 0.0030821720138192
2451344.1736743515 0.9987692832946776 0.0030834639910608
2451344.247285666 0.9992886781692506 0.003080875147134
2451344.326452544 0.9994558691978456 0.0030733440071344
2451344.4007582907 1.0000465512275696 0.0030731481965631
2451344.477841816 0.999189496040344 0.0030763198155909
2451344.5521475496 0.9990001916885375 0.0030829367460682502
2451344.6285366146 1.0002521872520447 0.0030881594866513503
2451344.7097867946 1.001114845275879 0.0030880242120474
2451344.7806202783 1.0008692741394043 0.0030875471420586
2451344.857009324 1.0012402534484863 0.0030869033653289
2451344.932703916 1.0013887882232666 0.0030835937941446
2451345.008398501 1.0015650987625122 0.0030794499907642
2451345.0847875257 1.0029398202896118 0.0030805331189185
2451345.1604820974 1.0023068785667417 0.00308288331143555
2451345.236176663 1.003002643585205 0.0030818528030067
2451345.312565667 1.0031754970550537 0.0030773063190281
2451345.388954664 1.0032134056091309 0.0030728306155651
2451345.46464921 1.0029683709144592 0.0030751875601708
2451345.540343749 1.0021406412124632 0.0030813238117843
2451345.616732726 1.0041048526763916 0.003086335491389
2451345.6924272515 1.0041044950485227 0.00308568414766335
2451345.76812177 1.0030057430267332 0.0030837748199701
2451345.844510727 1.0038552284240725 0.0030850514303892
2451345.9202052327 1.0043659210205078 0.0030831065960228
2451345.9958997318 1.002241134643555 0.0030786355491727
2451346.0722886696 0.9855017066001892 0.0030642577912658
2451346.147983155 1.003123939037323 0.00308077607769515
2451346.2236776347 1.0034629106521606 0.003081654664129
2451346.3000665526 1.0036628246307373 0.0030755267944186
2451346.375761019 1.0027517676353455 0.0030714758904650504
2451346.4500665898 1.0022343397140503 0.0030714797321707
2451346.527844377 1.0020933151245115 0.0030744189862161
2451346.603538824 1.002276360988617 0.00307877443265165
2451346.681316598 1.0014811158180237 0.00308013008907435
2451346.7570110317 1.0003353357315063 0.0030768919968977
2451346.830622127 1.0003061294555664 0.0030774634797126
2451346.9063165486 0.9989302456378937 0.0030759122455492
2451346.9833998517 0.9989910721778869 0.003073401749134
2451347.0563164847 0.9983646571636199 0.0030714555177837
2451347.134788663 0.9990172386169432 0.0030718971975147
2451347.2160386113 0.9959730803966522 0.00307153631001705
2451347.28617745 0.996888279914856 0.0030686468817293
2451347.3549273955 0.9972091019153595 0.0030637873569503
2451347.4333995488 0.997986912727356 0.003058792091906
2451347.5243716836 0.9982220828533173 0.00306070351507505
2451347.597288273 0.9969481229782104 0.00306484894827
2451347.666732639 0.9974899888038636 0.0030666107777506
2451347.7243714593 0.9979718327522278 0.00306388572789725
2451347.826454662 0.9991236329078672 0.0030665383674204
2451347.892426794 0.9977920055389404 0.0030693744774907003
2451347.9702044595 0.999117523431778 0.0030669880798086
2451348.129926432 1.0007418394088745 0.0030648343963548
2451348.1938152136 1.0008191466331482 0.0030637410236522
2451348.265342866 1.0029857754707336 0.0030562521424144003
2451348.347287161 1.0009831190109253 0.00305298820603635
2451348.4097870425 1.0020548105239868 0.0030561313033103
2451348.5104812877 0.9996947646141052 0.00305378716439005
2451348.573675602 0.9982048273086548 0.0030580300372093
2451348.6278421544 1.0011569261550903 0.00306019128765905
2451348.7389530214 1.0017844438552856 0.0030548735521733
2451348.834091692 1.000254511833191 0.0030567625071853
2451348.8681193898 0.9997376203536988 0.003058404661715
2451348.950758079 0.9966217279434203 0.0030545810004696
2451349.0583966994 0.9964028596878052 0.0030478292610496
2451349.1118687843 1.000309109687805 0.0030469952616840497
2451349.21464629 0.9993906915187836 0.00304475531447675
2451349.235479567 1.001562476158142 0.0030437321402132
2451349.3445070446 0.9966334104537964 0.0030453908257186
2451349.413951292 0.996861219406128 0.0030447605531662
2451349.4889510744 0.9961087107658384 0.0030440122354775
2451349.566728622 0.9970625638961792 0.0030453919898718
2451349.6403395105 0.9979718327522276 0.0030448527541011
2451349.72158926 0.9979220926761627 0.0030436409870162
2451349.793116812 0.997288465499878 0.003042914206162
2451349.868811013 0.998333901166916 0.0030422589043155
2451349.94450521 0.998507559299469 0.0030407921876758
2451350.020893845 0.9995675683021544 0.0030397679656744
2451350.0965880333 1.0004255175590515 0.003039080183953
2451350.172282217 1.0018866062164309 0.0030390392057597
2451350.2486708392 1.0022176504135132 0.0030381153337657
2451350.324365015 1.0025107264518736 0.00303840311244125
2451350.4007536294 1.0029505491256714 0.00303837750107045
2451350.4764477974 1.0025639533996582 0.0030386755242943
2451350.5528364037 1.002995491027832 0.0030386948492378
2451350.6285305647 1.004263699054718 0.00303894432727245
2451350.704224722 1.0041264295578003 0.0030375579372048
2451350.7806133176 1.00257408618927 0.0030370159074664
2451350.8563074693 0.9867154657840729 0.0030245056841522
2451350.932696059 1.003252625465393 0.0030365176498889
2451351.0090846457 1.0045167207717896 0.0030366742284968
2451351.0833899044 1.0047413110733032 0.0030362394172698
2451351.159084044 1.0047927498817442 0.0030369817977771
2451351.235472623 1.0046765208244324 0.00303720694500945
2451351.309777874 1.0041258335113523 0.0030362007673829
2451351.3868608903 1.0032699704170227 0.0030358352232724
2451351.4639439043 1.003368616104126 0.0030365800485014
2451351.539638033 1.0025311708450317 0.0030364401172846
2451351.6153321597 1.0011720657348633 0.0030358077492564
2451351.691720727 0.9998077750205993 0.0030363290570676
2451351.766720409 1.0001217126846311 0.0030358678195625
2451351.843108973 0.9994219541549682 0.0030357388313859
2451351.9194975356 0.9982181191444398 0.0030361057724803
2451351.993802773 0.9979612827301025 0.00303796830121425
2451352.0708857747 0.9974678158760072 0.0030378594528883
2451352.147274334 0.9982869923114776 0.0030392885673790502
2451352.2278295397 0.9967253804206848 0.0030416245572268
2451352.2986625643 0.996763288974762 0.0030437821988016
2451352.375051118 0.9979845881462096 0.0030467465985566
2451352.4507452287 0.9968413710594177 0.00304893520660695
2451352.5264393357 0.9980835318565368 0.0030525955371558
2451352.6028278805 0.9984070062637328 0.0030573469121009
2451352.6778275385 0.9987300038337708 0.0030628405511379
2451352.7542160717 0.9995209574699402 0.0030682913493365
2451352.830604597 0.99995481967926 0.003074150532484
2451352.90629867 0.9996681213378906 0.0030954940011723997
2451352.9819927295 1.00005042552948 0.0032698884606361
2451353.057686772 1.002301573753357 0.0032878476195037
2451353.1090753768 1.0060312151908875 0.0034590788418426503
2452061.884264726 0.999800205230713 0.002862912369892
2452061.955099827 1.0018709897994995 0.0028626469429582
2452062.0301016564 1.000606656074524 0.0028626481071114
2452062.1064923704 1.000117778778076 0.0028635517228394
2452062.1821885924 0.9993967413902283 0.0028632141184061002
2452062.257884787 0.9989278912544248 0.0028631712775677
2452062.3342754175 0.9984034299850464 0.0028639968950301
2452062.409971567 0.9983812868595123 0.0028643494006246
2452062.485667697 0.9991754293441772 0.0028647296130657
2452062.5620582704 0.9979710578918456 0.0028650755994021
2452062.6377543686 0.9977965950965881 0.0028651463799178
2452062.7134504514 0.9988754987716676 0.0028657561633735
2452062.789840981 0.9977894425392152 0.0028652758337557
2452062.8655370376 0.9980244040489197 0.0028662140248343
2452062.941233083 0.9991712570190427 0.0028673643246293
2452063.017623576 0.9990451335906982 0.002868179930374
2452063.0933195986 0.9991346597671508 0.00286796316504475
2452063.169015611 0.9997725486755372 0.0028687054291367
2452063.2454060717 0.9997313618659972 0.0028693471103906
2452063.3211020646 0.9979332089424133 0.0028679007664322497
2452063.3967980477 0.9818414449691772 0.0028548706322908
2452063.4731884794 0.9993175268173216 0.002870162250474
2452063.549578903 0.9999624490737916 0.0028710216283798
2452063.6252748584 0.9998829066753387 0.0028718068497255002
2452063.7009708053 0.9994712471961976 0.0028715583030134
2452063.7773612016 1.0005404949188232 0.0028730519115924
2452063.8530571316 1.0004772543907163 0.0028735423693433
2452063.9287530533 1.000146746635437 0.0028746349271386
2452064.0051434245 1.0013700723648071 0.0028761883731931
2452064.0808393294 1.0016388893127441 0.0028765649767592003
2452064.1565352264 1.002209424972534 0.002877238439396
2452064.2329255734 1.0025097131729124 0.0028779620770365
2452064.308621455 1.0024768710136414 0.00287940958514805
2452064.3843173278 1.002737522125244 0.0028792696539312
2452064.460707651 1.0036308765411377 0.0028799381107091
2452064.536403509 1.004224717617035 0.00288069166708735
2452064.6120993583 1.0044598579406738 0.0028817371930927
2452064.6884896583 1.0053818225860596 0.0028829916846007
2452064.764185493 1.0039252638816833 0.0028817022684961002
2452064.8398813196 1.0051764249801636 0.0028833574615418
2452064.9162715958 1.0052765607833862 0.002883814042434
2452064.991967408 1.0048794150352478 0.00288351159542795
2452065.0676632123 1.0041117668151855 0.0028838890139013
2452065.144053466 1.005242109298706 0.0028843253385275
2452065.2197492556 1.0034173727035522 0.0028837269637733
2452065.295445037 1.0035895109176636 0.0028837893623858
2452065.3718352686 1.003575086593628 0.0028842424508184
2452065.447531036 1.001970887184143 0.00288413953967385
2452065.5232267957 1.001879334449768 0.0028839609585702
2452065.5996170044 1.00167179107666 0.0028836820274591
2452065.675312749 1.0015124678611755 0.0028844142798334
2452065.7510084873 1.0017271041870115 0.0028847188223153
2452065.827398674 1.000763773918152 0.0028835455887019
2452065.903094397 1.0015102624893188 0.00288507214281705
2452065.9787901132 1.0010362863540647 0.0028844471089541
2452066.0551802777 1.0001248121261597 0.0028846932109445
2452066.1308759796 0.9994356632232667 0.00288444827310735
2452066.206571674 0.998297929763794 0.0028856743592768
2452066.2829618165 0.99805212020874 0.0028880313038825
2452066.359351952 1.0166982412338257 0.0029017378110438
2452066.4350476246 0.9962044060230256 0.0028863439802080003
2452066.51074329 0.9974117875099182 0.0028851982206106
2452066.5871334043 0.99831223487854 0.0028860962484031
2452066.6628290555 0.9981218576431274 0.0028861394384875503
2452066.7385246996 0.997300684452057 0.0028867300134152
2452066.814914792 0.997428834438324 0.0028874101117253
2452066.890610422 0.9974203407764435 0.00288852152880275
2452066.966306045 0.9983144998550416 0.0028893917333334
2452067.042696116 0.997546911239624 0.0028906648512929
2452067.118391725 0.997765988111496 0.0028931486885994
2452067.1940873265 0.9978554248809814 0.0028955335728824
2452067.2704773764 0.9973636269569396 0.0028968723490834
2452067.346172964 0.9987657964229584 0.0028984239324927
2452067.4218685455 0.9982634782791135 0.0028998949564993
2452067.4982585744 0.998994767665863 0.0029035748448222
2452067.5739541417 0.9998174607753754 0.0029084815178065998
2452067.649649702 0.9989306926727296 0.0029119132086634
2452067.7260397095 0.9991480112075805 0.0029138163663446
2452067.801735257 0.9995046257972716 0.0029163496801629
2452067.8774307966 0.9991831183433532 0.0029183318838477
2452067.9538207836 1.0004370212554932 0.002919151680544
2452068.03437749 0.9995172023773192 0.0029189870692789
2452068.1052118298 0.9947026371955872 0.0029172762297093
2452068.1816017968 0.9800580739974976 0.0029112703632563
2452068.257297303 0.996795117855072 0.0029260743176564
2452068.3329928024 0.9969255328178404 0.0029250050429254
2452068.4093827493 0.9968698620796204 0.0029240965377539
2452068.4850782356 0.998024582862854 0.00292828364763405
2452068.5607737154 0.9970593452453612 0.0029363164212554
2452068.637163643 0.9973176717758178 0.0029428363777697
2452068.712859109 0.997570663690567 0.0029448738787323002
2452068.7885545697 0.9978355765342712 0.00294607039541
2452068.8649444766 0.9980517625808716 0.0029493167530745
2452068.9406399243 0.9993062317371368 0.0029507037252187
2452069.016335366 0.9984936714172364 0.0029508911538869
2452069.0927252537 1.001315951347351 0.0029547221492975
2452069.169115136 1.001316785812378 0.0029604034498333
2452069.244810558 1.0004545450210571 0.0029616256942972003
2452069.3205059743 1.0008375644683836 0.0029602425638586
2452069.396895838 1.001705765724182 0.0029610695783048
2452069.4725912414 1.0023153424263 0.0029690258670598
2452069.5482866396 1.001905918121338 0.0029829344712197
2452069.624676484 1.0028759241104124 0.0029986668378114
2452069.7003718703 1.0029268264770508 0.0030072507215663496
2452069.7767617037 1.00115829706192 0.0030137567082419497
2452069.8524570777 1.0034611225128172 0.0030204018112272
2452069.9281524466 1.0034375190734863 0.00302285584621125
2452070.003847809 1.002753973007202 0.0030205745715647
2452070.080237619 1.0036213397979736 0.0030231149867177
2452070.1559329713 1.0024638175964355 0.00303069711662825
2452070.2316283174 1.0033189058303833 0.003038611728698
2452070.308018111 1.0037068128585815 0.0030358100775629
2452070.3837134466 1.0035738348960876 0.0030331978341564
2452070.459408777 1.0023791790008545 0.0030394273344427
2452070.535798555 1.0024287700653076 0.0030621397309005
2452070.6114938743 1.0005176067352295 0.00309982826001935
2452070.6871891897 0.999768316745758 0.0031326613388955
2452070.7635789523 0.998639404773712 0.0031506968662142
2452070.8392742584 0.9990404546260834 0.00316707848105575
2452070.9149695593 0.9993766546249389 0.0031795473769307
2452070.991359308 0.9989598989486694 0.0031778975389897
2452071.0670546 0.9980911016464233 0.0031787608750163997
2452071.142749888 0.9979395270347596 0.003201714484021
2452071.219139624 0.9972537159919738 0.0032315247226506
2452071.2948349034 0.9976807534694672 0.003241601283662
2452071.3705301792 0.9969502091407776 0.0032369210384786
2452071.4469199036 0.9968637824058532 0.0032433185260742
2452071.522615172 0.996420681476593 0.0032901247031986497
2452071.5642822916 0.995867222547531 0.003330186358653
2452075.183765551 1.0010896921157837 0.00290807755663985
2452075.2414046302 1.00431752204895 0.0029073287732899
2452075.3198770764 1.0046451687812805 0.0029068576404824497
2452075.395571703 1.0028756856918335 0.0029062358662486
2452075.471960746 1.0023695230484009 0.0029073935002088
2452075.547655317 1.0009227395057678 0.0029071347089484
2452075.6233498654 1.0012303590774536 0.0029072889592498
2452075.699738838 1.0012145042419431 0.0029072370380163
2452075.775433346 0.9999479949474335 0.0029070108430459497
2452075.8511278373 1.0010207891464231 0.0029076735954731
2452075.9275167566 1.0001616477966309 0.0029065238777548
2452076.003905661 1.000251293182373 0.0029069397132843
2452076.0789056616 0.9993223547935484 0.0029060824308544
2452076.155294538 0.9998922348022462 0.0029068258590996
2452076.230988958 0.9987623393535614 0.00290664425119755
2452076.3066833643 0.9985118508338928 0.0029066782444715
2452076.383072204 0.998375415802002 0.0029066381976008
2452076.458766588 0.9985656738281249 0.00290673715062435
2452076.534460962 0.998484432697296 0.0029069005977362
2452076.6108497684 0.9988416433334352 0.0029083008412271
2452076.6865441203 0.9984943270683289 0.0029082602122798
2452076.7622384634 0.9991676807403564 0.0029079772066324
2452076.838627239 0.9998358488082884 0.0029088696464896
2452076.9143215623 1.0002548694610596 0.0029093074845149497
2452076.990015876 0.9997986555099488 0.0029090784955769
2452077.0664046234 0.9999257922172544 0.0029095674399286
2452077.1420989186 1.0002014636993408 0.00290972355287515
2452077.217793205 1.000617504119873 0.0029102726839482
2452077.2941819252 1.0016465187072752 0.0029109574388712
2452077.3705706364 1.0004091262817385 0.0029100410174578
2452077.4462648956 1.000541090965271 0.00290976557880635
2452077.5219591474 1.0004324913024902 0.0029095376376062
2452077.5983478324 1.0006520748138428 0.0029096205253154
2452077.6740420666 0.995126813650131 0.00290522328577935
2452077.7497362928 0.984460711479187 0.00289694708772
2452077.826124952 0.9989654421806335 0.0029105274006724
2452077.901819162 0.9993352293968201 0.0029106731526552998
2452077.977513362 1.000061273574829 0.002911570481956
2452078.053901998 0.9990007877349852 0.0029115488287061
2452078.1295961826 1.000090777873993 0.0029114880599081
2452078.205290359 1.0013356208801267 0.0029117891099303
2452078.28167897 1.0007444620132446 0.0029113087803125
2452078.3573731305 1.0012399554252625 0.0029132524505257
2452078.433067283 1.0022462606430051 0.0029134876094758
2452078.50945587 1.0021544694900513 0.0029134743381291
2452078.5851500067 1.0020527243614197 0.00291357911191875
2452078.660844136 1.0012606382369995 0.0029137644451111
2452078.7372326986 1.0013140439987185 0.0029139586258679
2452078.812926813 1.0020105838775635 0.0029134484939277
2452078.8886209186 1.0021556615829468 0.0029140366241335
2452078.965009458 1.001713752746582 0.0029141113627702
2452079.0407035486 1.0023128986358643 0.0029142235871404
2452079.1163976314 1.0023987293243408 0.0029141739942133
2452079.192786148 1.0020670890808103 0.0029137760866433
2452079.268480215 1.0021424293518066 0.0029136445373296503
2452079.344174275 1.001576542854309 0.0029133227653801
2452079.420562769 1.00216805934906 0.0029132133349776
2452079.4962568134 1.001824975013733 0.0029127079760654997
2452079.571950851 1.0014748573303225 0.0029121795669198
2452079.648339322 1.0014529228210447 0.0029125064611434
2452079.7240333445 1.0008991956710815 0.0029114312492310498
2452079.79972736 1.000998616218567 0.002911259420216
2452079.8761158073 1.0000596046447752 0.0029105944558978
2452079.9525042484 1.0008085966110227 0.0029116256628185
2452080.0281982413 1.0008055567741394 0.0029104599962010503
2452080.1038922267 1.0007869005203247 0.0029108228627592
2452080.1802806454 0.9993216395378112 0.002908959519118
2452080.2559746164 0.9999473690986633 0.00291013775859025
2452080.3316685804 1.0004624128341677 0.0029109544120728
2452080.4080569767 0.9984710812568665 0.0029116156511008
2452080.4837509263 0.9991113543510436 0.00291291705798355
2452080.5594448685 0.9989451169967652 0.0029138212557882
2452080.635833243 0.9986358284950256 0.0029157367534935
2452080.711527171 0.999595046043396 0.0029178304830565502
2452080.787221092 0.9992437362670896 0.0029194322414696
2452080.863609445 0.9996352791786192 0.0029211395885795
2452080.9393033516 1.0005685687065125 0.0029221659060567496
2452081.014997252 1.0010914802551267 0.0029231489170342
2452081.0920800227 1.0003917813301086 0.00292406661901615
2452081.161523955 1.0012591481208801 0.0029254828114062
2452081.242773348 0.9989008903503418 0.0029292879626154
2452081.319161659 0.9980661869049072 0.0029277501162141
2452081.394855524 0.9992420971393584 0.0029283236945047498
2452081.4705493823 0.9997411966323853 0.002930378774181
2452081.546937673 0.9991446733474731 0.0029344300273805
2452081.6226315172 0.9992158710956573 0.0029394470620900002
2452081.698325355 0.999242424964905 0.0029428403358906
2452081.7747136257 0.9992777705192564 0.0029471907764673
2452081.8504074495 1.0002477765083313 0.0029509532032534003
2452081.926101268 0.9990699887275696 0.0029518669471144
2452082.0024895174 0.9992214441299438 0.0029522525146603
2452082.078183322 0.999794065952301 0.0029564423020929003
2452082.1538771214 0.999007761478424 0.0029580434784293
2452082.2302653515 0.999639332294464 0.0029584469739347
2452082.3066535755 0.9984660148620604 0.0029560285620391
2452082.382347354 0.9992919564247131 0.00295592576730995
2452082.4580411273 0.994732677936554 0.0029526823200285
2452082.5344293322 0.9841948747634888 0.0029543878044933
2452082.6101230923 0.9990779161453246 0.0029766922816633996
2452082.685816847 0.997751533985138 0.0029873207677155
2452082.7622050326 0.998098075389862 0.0029955741483718
2452082.837898775 0.999749630689621 0.00300402462016785
2452082.9135925113 0.9982228875160216 0.0030107023194432
2452082.989980679 0.9986892342567444 0.0030149223748594
2452083.0656744037 1.0000283420085907 0.00302032928448165
2452083.141368122 0.9989750385284426 0.0030258423648774
2452083.2177562728 1.0002137422561643 0.0030266849789768
2452083.29344998 1.000566840171814 0.00302333524450655
2452083.3691436816 1.0015969276428225 0.0030182609334588
2452083.4455318158 1.0023220777511597 0.0030211843550205
2452083.5212255064 1.0021334290504456 0.0030354426708072
2452083.5969191915 1.002182364463806 0.0030607769731432
2452083.6733073094 1.001153588294983 0.0030878388788551
2452083.7490009842 1.000844419002533 0.0031116136815398498
2452083.8246946544 1.0010075569152832 0.003133108606562
2452083.9010827574 1.0016002655029297 0.003154617967084
2452083.9767764173 1.0017547011375427 0.00315812742337575
2452084.052470073 1.0017840862274168 0.003164860419929
2452084.128858161 1.0011126995086668 0.003184201195836
2452084.2045518076 1.0012100338935852 0.00319825962651515
2452084.28024545 1.0003968477249143 0.0031937551684677
2452084.356633525 1.0000544786453247 0.0031783105805516
2452084.4323271587 0.9998047053813934 0.003183091757819
2452084.5080207884 0.9991936683654784 0.0032225865870714
2452084.584408852 0.9995568394660947 0.0032833411823958
2452084.6601024745 1.0005647540092468 0.00334013020619745
