2451683.375340171 0.9999565780162811 0.00251226918771855
2451683.410756538 1.0010390281677246 0.0025115651078522
2451683.445478465 1.00049090385437 0.0025120268110185
2451683.480894828 1.001778781414032 0.00251224031671875
2451683.5163111896 1.0015629529953003 0.0025114393793046
2451683.5489497962 1.0007052421569824 0.0025120505597442
2451683.5885327854 1.0015962123870847 0.0025124629028141
2451683.6246435815 1.0001378059387207 0.0025110375136137
2451683.658671061 1.0006894469261167 0.0025100654456764
2451683.6920041014 0.9970148503780364 0.0025082367938011503
2451683.726726018 0.99461829662323 0.00250890338793395
2451683.7621423714 0.9933481216430664 0.0025072186253964
2451683.797558725 0.9959338307380676 0.00250839639920735
2451683.832975077 1.000395655632019 0.0025114978197962
2451683.8676969907 1.0011193752288818 0.0025130521971732
2451683.906585533 1.0013461112976074 0.0025117939803749
2451683.9392241305 1.0018526315689087 0.00251181295607235
2451683.9732516045 1.0010405778884888 0.0025128864217549
2451684.0086679542 1.001938819885254 0.0025138070341199
2451684.042695428 1.0009673833847044 0.0025119681376963
2451684.078806215 1.000444769859314 0.0025136093609035
2451684.114222564 1.0005300045013428 0.00251268362626425
2451684.149638912 1.0013375282287595 0.0025154124014079
2451684.184360822 1.0030312538146973 0.002518875291571
2451684.2197771706 1.0033593773841858 0.00252012535929675
2451684.255193518 1.002344846725464 0.0025230594910681
2451684.2906098654 1.0030904412269592 0.0025255386717617
2451684.3253317745 1.0026038885116577 0.0025292650097981
2451684.360748122 1.0035890340805051 0.0025325054302811
2451684.3954700306 1.0039236545562744 0.0025344018358737
2451684.430886377 1.0048417448997495 0.0025355255929753002
2451684.4663027236 1.0048341751098633 0.0025406468193978
2451684.5010246322 1.0040054321289062 0.0025422784965485
2451684.536440978 1.0041573643684387 0.00254695117473595
2451684.5718573243 1.0042262077331543 0.0025492508430033
2451684.606579232 1.0059417486190796 0.0025530764833092
2451684.641995578 1.0054460763931274 0.0025558866327628
2451684.6774119237 1.0062779188156128 0.002558926353231
2451684.712133831 1.0063189268112185 0.0025603785179555
2451684.7475501765 1.005514621734619 0.002561682020314
2451684.7829665216 1.0041074752807615 0.0025624171830713
2451684.8176884283 1.0052495002746582 0.0025660744868218
2451684.853104773 1.0066019892692566 0.00256657449062905
2451684.88782668 1.0060001611709595 0.00256648939102885
2451684.923243025 1.0064436197280884 0.0025659473612904
2451684.9586593695 1.0066213011741638 0.002565576811321
2451684.9940757137 1.0058356523513792 0.002564043039456
2451685.0287976195 1.0058457851409912 0.0025628160219639
2451685.064213964 1.006021499633789 0.00256368529517195
2451685.099630308 1.005760669708252 0.0025657755322754
2451685.1343522137 1.006363868713379 0.0025688626337796
2451685.169768558 1.005503535270691 0.00257116684224455
2451685.205184901 1.0051633119583128 0.0025720193516463
2451685.2399068065 1.0045721530914309 0.0025728831533342
2451685.2753231497 1.0048202276229858 0.0025710996706038002
2451685.310739493 1.00452721118927 0.0025699669495224
2451685.345461398 1.0045013427734375 0.0025689725298434
2451685.3808777407 1.0053573250770569 0.0025698962854221
2451685.4162940835 1.004752278327942 0.0025705099105834
2451685.451015988 1.0052404403686523 0.0025720698758959
2451685.4864323307 1.0040740370750427 0.00257577304728325
2451685.5218486725 1.0030996799468994 0.0025783004239201
2451685.5565705765 1.0034862756729124 0.0025821791496127
2451685.5919869184 1.0036696195602417 0.0025867073563858502
2451685.62740326 1.0029314756393433 0.0025885757058858
2451685.6621251637 1.0032917261123655 0.0025913815479725
2451685.696847067 1.004178524017334 0.002591315889731
2451685.7322634086 1.0032039284706116 0.0025931395357474
2451685.7676797495 1.0027011632919312 0.002593005541712
2451685.802401652 1.001641035079956 0.0025943263899534
2451685.837817993 1.0024445056915283 0.00259637669660145
2451685.8732343335 1.002464175224304 0.0025968903210014
2451685.907956236 1.0016576051712036 0.0025947622489184
2451685.9433725756 1.0027164220809937 0.0025924398796632
2451685.978788916 1.0023447275161743 0.0025879999157041
2451686.0135108177 1.0010970830917358 0.0025854224804788
2451686.048927157 1.0002933740615845 0.00258491828572
2451686.0843434967 1.0016350746154783 0.0025852667167782
2451686.119065398 1.0019326210021973 0.0025893955025821
2451686.154481737 1.001055657863617 0.00259186804760245
2451686.1898980755 1.0019088983535769 0.0025943992659449
2451686.2246199762 1.001140594482422 0.002592371078208
2451686.2600363144 0.9987899959087373 0.00259032519534225
2451686.2954526525 0.9997711181640624 0.0025885025970637
2451686.3301745527 0.9997634291648864 0.0025858203880488
2451686.36559089 0.9987638890743256 0.0025846117641776002
2451686.4010072276 0.9994205832481384 0.0025851773098111
2451686.4357291274 0.9992870092391968 0.00258684088476
2451686.471145464 0.9998488426208494 0.0025871723191812
2451686.506561801 0.998320698738098 0.0025927091483026
2451686.5412836997 0.9989343881607056 0.0025973410811275
2451686.576700036 0.9982848465442657 0.0026009507710113497
2451686.612116372 0.9980958104133604 0.0026052079629153
2451686.64683827 0.9990282654762268 0.0026077406946569
2451686.682254606 0.9987663626670837 0.0026112566702067
2451686.7176709413 0.9987739920616148 0.0026125377044081
2451686.7523928387 0.9981542229652404 0.0026142443530261
2451686.7878091736 0.9975343644618986 0.00261570862494405
2451686.8232255084 0.9976493716239928 0.0026188027113676
2451686.8579474054 0.9968071579933168 0.0026191798970103
2451686.8933637394 0.9977090656757355 0.0026188914198428
2451686.9287800733 0.9975511431694032 0.0026164031587541
2451686.9635019694 0.9976998567581176 0.0026132562197744
2451686.998918303 0.9973393976688386 0.00260953628458075
2451687.0343346363 0.9969520568847656 0.0026059316005557
2451687.0690565314 0.9961920380592344 0.0026046510320156
2451687.1044728644 0.997263491153717 0.0026092207990586003
2451687.1398891965 0.9966108798980714 0.0026105791330337
2451687.174611091 0.9969719648361206 0.0026128967292606
2451687.210027423 0.9960918128490449 0.0026124469004571
2451687.245443755 0.9956921339035032 0.0026117712259292
2451687.280165649 0.9970965385437012 0.0026097781956195
2451687.31558198 0.9977952539920806 0.00260697980411345
2451687.350998311 0.9973544478416442 0.0026034484617412
2451687.3857202036 0.9963788390159608 0.0025997348129749
2451687.421136535 0.9979075491428375 0.00259959767572575
2451687.4565528645 0.9966787099838256 0.0026012561284005
2451687.491274757 0.9974010586738584 0.0026071420870721
2451687.5266910866 0.9966520965099335 0.0026132807834073502
2451687.562107416 0.997649610042572 0.0026176108513027
2451687.5968293073 0.9982709884643554 0.0026249373331665
2451687.632245636 0.9982227683067323 0.00263019616249945
2451687.667661965 0.9979044198989868 0.0026339907199144
2451687.7023838554 0.998254418373108 0.0026356340385973
2451687.7378001837 0.9974778592586515 0.002635198412463
2451687.7732165116 0.998812198638916 0.0026377434842288
2451687.807938401 0.9984554648399352 0.0026377229951322
2451687.843354728 0.9995560050010681 0.0026396829634904
2451687.8773821797 0.9988441467285156 0.0026402610819786
2451687.9155762577 0.9984835088253019 0.0026402886724098996
2451687.9496037085 0.9984441995620728 0.0026376356836408
2451687.984325597 0.9968879222869872 0.0026343043427914
2451688.019047485 0.9971421957015992 0.0026297827716916
2451688.054463811 0.9976226985454559 0.00262837146874515
2451688.0898801363 0.9973142743110656 0.0026286200154572
2451688.124602024 0.99716979265213 0.0026301643811166
2451688.1586294733 0.9983037710189819 0.0026333085261285
2451688.1947402353 0.9991138577461243 0.0026346222730352998
2451688.2301565595 0.998095691204071 0.0026340142358094
2451688.264878446 0.9986353516578672 0.0026328230742365
2451688.305850271 0.9966378509998322 0.0026261567836627
2451688.3364055306 0.9324363172054291 0.00259136618115005
2451688.3704329785 0.90256267786026 0.0025623308029025
2451688.405154864 0.9045262336730956 0.0025626758579164
2451688.440571186 0.9441352784633636 0.0025853296974673
2451688.4759875084 0.9993795752525328 0.0026231175288558
2451688.5114038307 0.9984189867973328 0.00262965005822475
2451688.5468201526 0.9985129833221436 0.0026381842326372
2451688.581542036 0.9993191957473754 0.0026449675206094
2451688.6169583574 1.0006135702133179 0.00265244895126665
2451688.654457991 0.9998669624328613 0.0026561153354122497
2451688.687790999 1.0000989139080045 0.0026605097809806
2451688.722512882 0.9994034469127655 0.00266161351464685
2451688.7579292017 0.9996106624603271 0.0026660801377147
2451688.792651084 1.0001369714736938 0.002665915293619
2451688.828761841 1.0001255273818968 0.0026677649002522
2451688.863483723 1.00042462348938 0.0026716641150414
2451688.898900042 1.001866340637207 0.00267076911404725
2451688.9336219225 1.0008106231689453 0.0026694000698626
2451688.9690382415 1.001488208770752 0.0026657066773623
2451689.0037601218 1.0006780624389648 0.00266251899302
2451689.0398708773 1.001672625541687 0.0026597201358526
2451689.0745927575 1.002681016921997 0.0026608186308294
2451689.1093146373 1.0013802051544187 0.0026619893033057
2451689.145425392 1.0024774074554443 0.0026635401882231
2451689.180147271 1.0021817684173584 0.0026641457807272
2451689.214174712 1.0015616416931152 0.0026633468223735
2451689.250285466 1.0025060176849365 0.00266088347416365
2451689.285701782 1.002461075782776 0.0026562800630927
2451689.319729223 1.0036029815673828 0.0026510815368965
2451689.3558399756 1.003646731376648 0.0026456480845808497
2451689.391256291 1.003174066543579 0.00264125270769
2451689.424589293 1.004093050956726 0.0026412901934236
2451689.46208892 1.0030986070632937 0.0026451803278177
2451689.496810797 1.0035616159439087 0.002653069095686
2451689.530838236 1.0029839277267456 0.0026604396989569
2451689.5669489875 1.0021100044250488 0.0026719386223703
2451689.602365301 1.003124475479126 0.0026831498835235
2451689.6370871766 1.0031920671463013 0.0026904544793069
2451689.6731979274 1.002876877784729 0.0026943401899188
2451689.7079198025 1.0019996166229248 0.0026979423128068
2451689.7426416776 1.0018463134765625 0.0026996973901987
2451689.7780579897 1.0022606253623962 0.00270003499463195
2451689.8134743017 1.0025446414947508 0.0027003202121704
2451689.8488906138 1.001720905303955 0.0027021081186830503
2451689.8836124875 1.0014742612838745 0.00270019157323985
2451689.9190287986 1.00221848487854 0.0026996212545782
2451689.955139547 1.0026370286941528 0.0026970347389578
2451689.9898614204 1.0019910335540771 0.0026965483557432
2451690.0245832936 1.0025248527526855 0.0026957264635711
2451690.059305166 1.0026317834854124 0.0026960568502545
2451690.094721476 1.0008031129837036 0.0026962953852489
2451690.130137786 1.002327799797058 0.0026991011109203
2451690.1648596576 1.0021674633026123 0.0026993204373866
2451690.200275967 1.0019846558570862 0.0026967369485646
2451690.235692276 1.0027153491973877 0.0026938812807202
2451690.2704141475 1.0024924278259275 0.0026872442103922
2451690.305830456 1.0036975145339964 0.0026791159762069
2451690.341246764 1.0021816492080688 0.0026723579503595
2451690.375968635 1.0026798248291016 0.0026657148264348
2451690.410690505 1.0019967555999756 0.0026616947725415
2451690.446106813 1.0023989081382751 0.00266669737175105
2451690.4815231203 1.0035165548324585 0.00267453212291
2451690.51624499 1.0027520656585691 0.0026877059135586
2451690.5516612967 1.001545250415802 0.00269890122581265
2451690.587077603 1.0016133785247805 0.0027122115716338
2451690.6217994723 1.0019960403442385 0.0027200037147849
2451690.6572157787 1.0016993284225464 0.0027277878252788997
2451690.6926320847 1.002054452896118 0.0027320114895701
2451690.7273539533 1.002726674079895 0.0027363284025341
2451690.762770259 1.0030767917633057 0.0027388090966269
2451690.7981865644 1.003562331199646 0.0027402935083955
2451690.832908432 1.0020298957824707 0.0027428017929196
2451690.868324737 1.003355860710144 0.0027495657559483497
2451690.9037410417 1.002371311187744 0.002749050501734
2451690.938462909 1.002550721168518 0.0027483683079481
2451690.9738792134 1.0022164583206177 0.0027443283470347003
2451691.0092955176 0.99859881401062 0.0027393084019422
2451691.044017384 0.9958332180976868 0.0027356806676834
2451691.079433688 0.9953649938106537 0.0027368869632482
2451691.1148499916 0.996217131614685 0.0027359914965927
2451691.1495718574 1.0008851289749143 0.0027388914022594
2451691.1849881606 1.0026267766952515 0.0027375321369618
2451691.220404464 1.0023770332336424 0.0027347197756171
2451691.2551263296 1.0020194053649902 0.0027306810952723
2451691.2905426323 1.0027794241905212 0.0027223380748181997
2451691.3259589346 1.0025032758712769 0.002715173177421
2451691.3606808 1.0016186237335205 0.0027097791898995
2451691.396097102 1.0018906593322754 0.0027041500434279
2451691.431513404 1.002122402191162 0.0027058687992393
2451691.4662352684 1.0021995306015017 0.0027117023710161
2451691.50165157 1.002097725868225 0.0027228777762502
2451691.537067872 1.0021061897277832 0.0027323246467858
2451691.571789736 1.001884698867798 0.002747060265392
2451691.6072060373 1.002399981021881 0.00275933230295775
2451691.6426223386 1.0032006502151487 0.0027676729951053
2451691.6773442025 1.002376675605774 0.0027761468663811
2451691.7127605034 1.0031033754348755 0.0027843727730213997
2451691.7467879294 1.00431752204895 0.0027863285504281
2451691.784287542 1.0019508600234983 0.0027892398647964
2451691.8176205307 1.0034749507904053 0.0027934252284467
2451691.855120143 1.0028762817382812 0.0027994839474558
2451691.8891475685 1.0032548308372498 0.00280463520903135
2451691.9231749945 1.0034059286117551 0.0028048171661794
2451691.9585912945 1.003466248512268 0.0028027329826726998
2451691.993313157 1.004210114479065 0.00279825308825815
2451692.0294238944 1.0032930374145508 0.00279293581843375
2451692.064840194 1.0037496089935303 0.00279048900119955
2451692.099562057 1.0034660100936887 0.0027880512643605
2451692.1349783563 1.0037002563476562 0.0027871124912053
2451692.17178353 1.002020239830017 0.0027857983950525
2451692.2051165183 1.003806710243225 0.0027847937308251
2451692.2405328173 1.0026624798774717 0.0027811340987682
2451692.275949117 1.002363920211792 0.0027738583739846
2451692.3106709793 1.00189471244812 0.0027670671697705
2451692.346087279 1.0014126300811768 0.0027610736433416
2451692.381503578 1.0021837949752808 0.0027530977968126
2451692.4210865004 1.0002556443214417 0.0027477233670651
2451692.4509473015 0.9996550679206848 0.0027500635478645
2451692.486363601 0.9999369084835051 0.002752506872639
2451692.5217799 0.9996805787086488 0.0027633076533675
2451692.555807324 0.9997065365314484 0.00277478317730125
2451692.5933069354 0.9994832277297974 0.00278598046861585
2451692.62733436 0.9994080066680908 0.0027967877686023
2451692.664833971 0.9995988607406616 0.0028049179818481
2451692.698166958 1.0000309944152832 0.0028155851177871
2451692.73288882 0.9990342259407043 0.0028239411767572
2451692.768305119 0.9995028078556061 0.0028287528548389
2451692.803026981 0.9987077116966248 0.0028379110153764
2451692.83844328 1.0001699924468994 0.0028459299355745
2451692.8731651427 0.9994637370109558 0.002854713005945
2451692.9071925674 0.999332308769226 0.0028623291291295996
2451692.943997741 1.0002518892288208 0.0028664893470704
2451692.9787196033 0.9995789527893064 0.0028634450864046
2451693.0141359027 0.9997480809688568 0.0028589847497642
2451693.0495522027 0.9993458986282348 0.0028500079642981
2451693.083579628 0.997969001531601 0.00284611701499665
2451693.121079239 0.9978306889533997 0.0028406080091372002
2451693.155106665 0.9995596408843994 0.0028388914652168
2451693.1898285276 0.9975177049636842 0.0028367263730615
2451693.2252448276 0.9991719424724579 0.00283838703762735
2451693.260661128 0.998492121696472 0.0028370283544063
2451693.2953829914 0.9966338872909546 0.0028308189939707
2451693.330799292 0.9967261254787446 0.00282470532692965
2451693.3655211553 0.9968707859516142 0.002816105261445
2451693.400937456 0.997242033481598 0.0028062388300895
2451693.4363537575 0.9978414475917816 0.00280040502548215
2451693.471770059 0.9975770115852356 0.0028012408874928
2451693.506491923 0.997456967830658 0.0028075317386537
2451693.541213787 0.9991234540939332 0.0028181590605527
2451693.577324527 0.9995741844177246 0.0028341975994408
2451693.6120463912 0.9994215369224548 0.0028485350776463
2451693.647462694 0.9983570873737334 0.00285923061892385
2451693.6828789962 1.0007698535919187 0.0028727524913847
2451693.717600862 1.0004340410232544 0.0028798554558306
2451693.7530171657 1.0004130601882935 0.00288287212606515
2451693.788433469 1.001010537147522 0.0028888329397886
2451693.823155335 0.9991539120674132 0.0028949412517249
2451693.8585716398 1.00054931640625 0.0029036417836323
2451693.893987944 1.000202178955078 0.0029146673623472
2451693.9287098115 0.9999118447303774 0.0029203640297055
2451693.9641261166 1.000714123249054 0.00292029022239145
2451693.999542422 1.0009078979492188 0.0029134491924196
2451694.0342642907 1.0013272762298584 0.0029033224564045
2451694.069680597 0.9998818635940552 0.0028894762508571
2451694.105791341 1.0005800127983093 0.0028808292699977504
2451694.1398187736 0.9999451041221618 0.0028784193564206
2451694.175235081 1.0006331205368042 0.0028823798056691
2451694.2106513893 1.0004327297210691 0.0028875025454908
2451694.24537326 1.0009853839874268 0.0028897847514599
2451694.2807895695 1.002505123615265 0.00288879545405505
2451694.3162058787 1.0010827779769895 0.002880189102143
2451694.3509277515 1.0017117261886597 0.0028696050867438
2451694.386344062 1.0013641715049744 0.0028560010250657
2451694.4217603733 1.000844955444336 0.0028426968492567
2451694.4557878096 1.0021559000015259 0.00283550994936375
2451694.49189856 1.0033801198005676 0.0028355370741337503
2451694.5273148725 1.0022445917129517 0.0028396702837198
2451694.5620367485 1.0020033121109009 0.0028505616355687
2451694.597453063 1.002345621585846 0.00286215625237665
2451694.6328693777 1.0039360523223877 0.0028728684410452
2451694.666896818 1.0041111707687378 0.00287995417602355
2451694.7030075723 1.0045954585075378 0.0028871988179161503
2451694.738423889 1.0049787759780884 0.0028861321043223
2451694.773145769 1.0050182342529297 0.0028839246369898
2451694.808562088 1.004983901977539 0.00288158503826705
2451694.8425895316 1.0057772397994995 0.0028840980958193
2451694.8787002894 1.005444049835205 0.0028867644723504
2451694.91411661 1.0067068338394165 0.0028932506684213
2451694.9495329317 1.0055383443832395 0.0028917114250361
2451694.9842548165 1.0055049657821655 0.0028866974171251
2451695.0196711402 1.005582809448242 0.0028799748979508504
2451695.0550874644 1.006208896636963 0.0028651561588048
2451695.089809352 1.0054097175598145 0.0028508817777037
2451695.1245312407 1.0063982009887695 0.0028371198568493
2451695.1599475676 1.0061100721359253 0.0028254353674128
2451695.195363896 1.006787061691284 0.0028202116955071
2451695.2300857874 1.0062005519866943 0.0028160049114376
2451695.265502117 1.0079100728034973 0.00281387835275375
2451695.3009184483 1.0080772638320925 0.0028077897150069
2451695.3356403424 1.0086383819580078 0.0028017908334732
2451695.3710566754 1.0084209442138672 0.00279107934329655
2451695.40647301 1.0088201761245728 0.0027795238420367
2451695.441194907 1.0080655813217163 0.0027678641490638
2451695.4766112426 1.0076749324798584 0.0027579191373661
2451695.51202758 1.008341908454895 0.0027530463412404
2451695.54674948 1.0097441673278809 0.0027570836246013
2451695.5821658187 1.008431315422058 0.00276144361123435
2451695.6175821587 1.00885009765625 0.0027668024413287
2451695.652304061 0.9721821546554564 0.0027521022129803
2451695.687720402 0.9150996208190917 0.0027214214205740998
2451695.7231367445 0.9136545062065125 0.0027156854048371
2451695.757858649 0.934351861476898 0.0027182849589735
2451695.793274992 1.0063027739524841 0.00274047662969675
2451695.8286913354 1.0097795724868774 0.0027282808441668
2451695.8634132408 1.0084651708602903 0.0027098387945443
2451695.898829584 1.008215606212616 0.0026871248846873502
2451695.9342459273 1.007725954055786 0.0026613846421241
2451695.9689678317 1.0070297718048096 0.0026247438509017
2451696.004384173 1.007089912891388 0.0025919575709848998
2451696.039800513 1.0048919916152954 0.0025555742904543
2451696.0745224133 1.0047028064727783 0.0025271116755902
2451696.109244311 1.0031948089599607 0.0025125530082732
2451696.145355082 1.004295825958252 0.0025097904726862
2451696.1800769735 1.0037204027175903 0.0025095392484217
2451696.215493298 1.004757821559906 0.0025108243571594
2451696.2509096176 1.0058635473251345 0.002511300612241
2451696.2863259306 1.0044346451759338 0.00251050898805255
2451696.321047799 1.004272222518921 0.0025099769700318002
2451696.356464097 1.003677487373352 0.0025102826766669
2451696.3828527043 1.003730535507202 0.0025099304039031
2451697.3522820254 0.9961443543434144 0.002511269878596
2451697.376587125 0.9939201176166534 0.00250940176192665
2451697.4120031246 0.99273282289505 0.0025100377388298
2451697.4460302596 0.993771493434906 0.00250800757203245
2451697.4814462545 0.9950659573078154 0.0025089810369536
2451697.5161678167 0.9943075180053712 0.0025069972034543
2451697.5522782393 0.995975911617279 0.0025089618284255
2451697.586305367 0.9945679306983946 0.0025101385544985
2451697.6224157866 0.994459718465805 0.00250784156378355
2451697.6578317736 0.9956717491149902 0.0025092007126659
2451697.6925533284 0.9962053298950196 0.0025080956984311
2451697.7279693135 0.9956045448780058 0.00250893016345795
2451697.7640797286 0.9963251352310181 0.00250868243165305
2451697.7974124188 0.9955693483352662 0.0025083345826715
2451697.8314395393 0.9969087839126588 0.0025096358731389
2451697.868938814 0.996562063694 0.0025104221422225
2451697.904354795 0.9969322681427003 0.0025095655582845003
2451697.9390763445 0.9977727234363554 0.00250888650771225
2451697.974492325 0.9966043829917908 0.0025088102556765
2451698.0099083045 0.9971343278884885 0.00250862038228655
2451698.0446298528 0.9974687695503235 0.00250858208164565
2451698.0814346937 0.9977067112922668 0.0025100316852331
2451698.114767379 0.9978766441345216 0.0025097907055169
2451698.1494889264 0.9979356527328492 0.0025118452031165
2451698.1855993355 0.998491883277893 0.0025124796666204
2451698.220320882 0.9982457756996154 0.0025141104124486
2451698.2557368595 0.9986396729946136 0.00251590670086435
2451698.2911528368 0.9992992877960204 0.0025178045034408
2451698.3258743826 0.998550534248352 0.0025190606247633
2451698.3605959285 0.9921239018440248 0.002517577027902
2451698.396706336 0.9927740097045896 0.0025192834436893
2451698.4314278816 0.9943710565567015 0.0025232911575585
2451698.466843858 0.998781532049179 0.0025293121580034
2451698.502259834 1.001268982887268 0.0025335275568068
2451698.536981379 1.0020586252212524 0.0025376556441187
2451698.5723973555 1.0018895864486694 0.00253899721428745
2451698.607813331 1.0025641918182373 0.0025416451971977
2451698.642534876 1.003209114074707 0.0025445816572755
2451698.678645282 1.0031509399414062 0.0025442147161811
2451698.713366827 1.002841830253601 0.0025450275279581
2451698.7480883715 1.002505660057068 0.0025462210178375
2451698.783504347 1.002300500869751 0.0025474198628216496
2451698.8189203218 1.003063440322876 0.0025518790353089
2451698.8536418662 1.0032598972320557 0.0025518995244055
2451698.889057841 1.0038067698478699 0.0025535108288749497
2451698.924473816 1.00382399559021 0.0025501705240458
2451698.95919536 1.003052830696106 0.0025493893772363
2451698.994611335 1.003603219985962 0.00254771951586005
2451699.0300273094 1.0038824081420898 0.0025478617753833
2451699.0647488534 1.0026186108589172 0.0025489556137472
2451699.100164828 1.0028109550476074 0.0025520693743601
2451699.1355808023 1.00300395488739 0.0025535675231367
2451699.170302346 1.0027551651000977 0.0025536122266203
2451699.20571832 1.0032358169555664 0.0025536861503496497
2451699.241134294 1.0041706562042236 0.0025519107002764
2451699.2758558374 1.003835082054138 0.0025498890317976
2451699.3105773805 1.0028023719787595 0.002550053410232
2451699.3466877853 1.0019251108169556 0.0025507526006549
2451699.3814093284 1.0023910999298096 0.0025510056875646
2451699.417519733 1.0030701160430908 0.0025544133968651
2451699.4522412755 1.003252863883972 0.0025579731445759
2451699.486962818 1.0021958351135252 0.0025619692169129
2451699.5223787916 1.0025895237922668 0.0025678897509350497
2451699.557794765 1.0024802684783936 0.0025705061852931
2451699.5925163073 1.0019448995590208 0.0025709783658385
2451699.6279322803 1.0021786093711853 0.002569684991613
2451699.6633482534 1.0012212991714475 0.0025698614772409
2451699.6980697955 1.003171682357788 0.0025713718496263
2451699.7320969063 1.002017080783844 0.00257005065213885
2451699.7689017407 1.0013192892074585 0.0025712440256029
2451699.8036232824 1.001111388206482 0.0025738447438925
2451699.839039255 1.0012177228927612 0.0025759445270523
2451699.874455227 1.0003884434700012 0.0025758043630048
2451699.9091767683 0.9997584223747252 0.0025765628088265
2451699.9438983095 1.0011765956878662 0.0025729450862854
2451699.9793142816 1.0002744793891907 0.0025699152611195503
2451700.0147302533 0.9987855553627014 0.0025667164009064
2451700.049451794 1.0000730752944946 0.0025665906723588
2451700.0848677657 0.998490959405899 0.0025676961522549
2451700.120283737 0.9995946288108823 0.0025698547251522
2451700.155005277 0.999277889728546 0.0025710191112011
2451700.190421248 0.999183028936386 0.00257126579526805
2451700.225837219 0.9983393549919128 0.0025700640399008
2451700.2605587593 0.9992431998252868 0.0025671466719359
2451700.2959747296 0.9987139999866484 0.0025636096252128
2451700.3313907003 0.9994049668312072 0.0025625980924814
2451700.3661122397 0.9984926581382751 0.0025630830787122
2451700.40152821 0.9985318183898926 0.0025646551512181
2451700.4369441797 0.9992761015892028 0.0025664812419563
2451700.471665719 0.99796062707901 0.0025728219188749
2451700.507081689 0.9989574253559113 0.00257752998732025
2451700.542497658 0.9988160729408264 0.002580848056823
2451700.5772191966 0.998512327671051 0.0025843170005828
2451700.6126351664 0.998549222946167 0.00258646637666965
2451700.6480511352 0.9977921843528748 0.0025849682278931
2451700.682772673 0.9970415234565736 0.0025851153768599
2451700.7181886416 0.9985063076019288 0.0025860237656161
2451700.7536046105 0.9976952075958254 0.0025872807018458
2451700.788326148 0.9986209869384765 0.0025878432206809
2451700.823742116 0.9974701106548308 0.0025889237876981002
2451700.8591580843 0.9981226325035096 0.0025912537239491
2451700.8938796213 0.997702717781067 0.0025906844530254
2451700.929295589 0.9979928135871886 0.0025890854885801
2451700.964711556 0.9986045360565184 0.0025856641586869
2451700.999433093 0.998698353767395 0.0025824836920946
2451701.03484906 0.9990362823009491 0.0025817988207563
2451701.070265027 0.9984434843063352 0.0025819409638643
2451701.104986563 0.9992227554321288 0.0025837295688688
2451701.1404025294 0.9989771842956543 0.0025876122526823997
2451701.175818496 0.9982435703277588 0.0025871631223708
2451701.2105400315 0.9977304339408872 0.0025862734764814
2451701.245955997 0.998255282640457 0.00258481188211585
2451701.2813719627 0.9993498921394348 0.0025800496805459
2451701.316093498 0.9987205266952514 0.0025766633916646
2451701.351509463 0.9992142617702484 0.0025762997101992
2451701.3869254286 0.9993274807929992 0.0025773684028536
2451701.421646963 0.9981109499931335 0.0025804836768656
2451701.4570629275 0.9990769028663635 0.00258496531751
2451701.492478892 0.9985031485557556 0.0025928022805601
2451701.527200426 0.9981178045272828 0.0025973238516598
2451701.56261639 0.998675674200058 0.0026047158753499
2451701.598032354 0.999029576778412 0.0026087490841746
2451701.6278928723 0.99763223528862 0.0026125654112547003
2451701.6667809896 0.9969022572040558 0.0026136813685297498
2451701.704974675 0.9968369007110596 0.0026102443225681
2451701.7383073466 0.9967807531356812 0.0026082231197506
2451701.773028879 0.9982479214668274 0.0026077555958181
2451701.809139272 0.9986657500267028 0.0026097332593053
2451701.842471943 0.9989852905273436 0.0026101446710526
2451701.8792767664 0.9981646835803988 0.0026103887939825004
2451701.914692729 0.9982885718345642 0.0026102510746568
2451701.950803121 0.9979135394096376 0.0026081434916704
2451701.984830221 0.997940719127655 0.00260554568376385
2451702.020246183 0.9980702996253968 0.0026024249382317
2451702.0549677135 0.9975956678390504 0.0026025020051747
2451702.090383675 0.9963679611682893 0.0026038269279524
2451702.126494066 0.9971494078636169 0.00260802998673165
2451702.160521166 0.9979114532470704 0.0026116229128092
2451702.195937126 0.9971875250339507 0.00261159881483755
2451702.2313530864 0.9971185326576234 0.0026079767849296
2451702.2660746155 0.9974104762077332 0.0026034901384264
2451702.3021850064 0.9983268976211548 0.0025982984807342
2451702.336906535 0.9994400143623352 0.0025954470038414
2451702.372322494 0.9989335834980011 0.00259485398419195
2451702.406349593 0.9973383545875548 0.0025954770389944
2451702.4417655515 0.99780598282814 0.0026011168956756
2451702.47718151 0.9975746870040892 0.0026098079979419
2451702.5119030382 0.9983815550804136 0.002618245081976
2451702.5473189964 0.9990838766098022 0.00262515537906435
2451702.5827349545 0.998551309108734 0.0026342300698161
2451702.617456482 0.9995905756950376 0.0026379101909697
2451702.6528724395 1.0000628232955933 0.0026415111497044
2451702.688288397 0.9996393918991088 0.0026413584128022
2451702.723009924 1.0006748437881468 0.0026397334877401
2451702.7584258807 1.000466763973236 0.00263845571316775
2451702.7938418374 1.0001375675201416 0.0026397912297397
2451702.8285633638 1.0005146265029907 0.0026424583047628
2451702.86397932 1.0008280873298645 0.0026447086129337003
2451702.8993952763 1.000976800918579 0.0026442839298397
2451702.93203351 1.0013884902000427 0.0026442814851179
2451702.9695327575 0.984213501214981 0.0026294332928955
2451703.004948713 0.9094272255897522 0.0025822813622653
2451703.039670238 0.9049580097198486 0.0025775840040296
2451703.0750861927 0.9151764810085297 0.0025840825401246
2451703.110502148 0.9964414834976196 0.0026342887431383
2451703.145223672 1.0012937784194946 0.0026407619006931
2451703.1806396265 1.0013161897659302 0.00264350662473585
2451703.216055581 1.002437710762024 0.0026440161745995
2451703.2507771044 1.00090229511261 0.0026423188392072
2451703.2861930584 1.0017093420028687 0.00263706000987435
2451703.321609012 1.0032904148101809 0.0026300703175365
2451703.356330535 1.0030322074890137 0.002625894267112
2451703.3917464884 1.0032891035079956 0.00262499728705725
2451703.427162441 1.0021126270294187 0.0026296132709831
2451703.4618839636 1.0042216777801511 0.0026377027388662
2451703.497299916 1.004238486289978 0.00264562515076245
2451703.5327158687 1.003703236579895 0.0026586512103676
2451703.5674373903 1.0039031505584717 0.0026657513808459
2451703.6028533424 1.0041565895080566 0.0026734756538644
2451703.6389637245 1.0036271810531616 0.0026773032732307503
2451703.6729908157 1.0046777725219729 0.0026780145708471
2451703.708406767 1.0050063133239746 0.00267824111506335
2451703.743822718 1.0043867826461792 0.0026765065267682
2451703.778544239 1.003907322883606 0.0026795859448611
2451703.81396019 1.00405615568161 0.0026818255428224
2451703.8493761406 1.005300998687744 0.0026875489857047
2451703.8840976604 1.0041844844818115 0.0026869918219745
2451703.919513611 1.004675030708313 0.0026865439722314
2451703.954929561 1.0056493282318115 0.0026838446501642
2451703.98965108 1.0038795471191406 0.0026780935004353
2451704.02506703 1.0046605467796326 0.0026752188568934
2451704.0604829798 1.0056811571121216 0.0026731754187494
2451704.0952044986 1.004053831100464 0.0026748215314
2451704.130620448 1.0044599175453186 0.0026786800008267
2451704.1660363968 1.0031609535217283 0.0026808374095708
2451704.2007579156 1.004156708717346 0.0026827526744455
2451704.236173864 1.004452884197235 0.0026816285680979
2451704.2715898124 1.0037481784820557 0.0026746736839413
2451704.3063113303 1.0046000480651855 0.00266655953601
2451704.3417272787 1.0036181807518005 0.0026603951118886002
2451704.3771432266 1.0038390159606931 0.0026567301247268
2451704.411864744 1.005923628807068 0.0026589308399707
2451704.4472806915 1.0036640167236328 0.0026658802526071503
2451704.482696639 1.0033648014068604 0.0026753614656627
2451704.517418156 1.0027928352355957 0.0026901129167526
2451704.552834103 1.0024689435958862 0.00270011194515965
2451704.58825005 1.002981185913086 0.0027101188898086
2451704.623665997 1.0022814869880676 0.0027134155388921
2451704.6583875134 1.0038688778877258 0.0027166514191776002
2451704.69380346 1.0022815465927124 0.00271667400375
2451704.728524976 1.0029762983322144 0.0027169457171112
2451704.763940922 1.0042269825935364 0.0027203069766982496
2451704.799356868 1.0021905899047852 0.0027239117771387
2451704.8340783836 1.0034210681915283 0.002729260828346
2451704.8687998992 1.0033259391784668 0.0027318312786519
2451704.9042158453 1.0025498270988464 0.00273092952556905
2451704.9396317904 1.0031657218933103 0.0027267059776932
2451704.9743533055 1.0032079219818115 0.0027217853348702
2451705.0097692506 1.003663420677185 0.00271398818586015
2451705.045185196 1.0030468702316284 0.0027094080578535
2451705.079906711 1.0033915042877195 0.0027119442820549
2451705.1153226555 1.0031322836875916 0.0027121857274323502
2451705.1507386006 1.0026105642318723 0.0027166462969034
2451705.185460115 1.003322958946228 0.0027204849757254
2451705.220181629 1.00391948223114 0.002718302886933
2451705.2562920037 1.0048049688339231 0.0027113945689052
2451705.291013518 1.0033960342407229 0.0027025770395994
2451705.326429462 1.0040302276611328 0.00269430549815295
2451705.3618454062 1.0040414333343504 0.0026923511177301
2451705.39656692 1.0041767358779907 0.0026918742805719
2451705.4319828637 1.0041242837905884 0.00270064140204335
2451705.467398808 1.0044288635253906 0.002707467181608
2451705.502120321 1.0049370527267456 0.0027192870620638
2451705.5368418344 1.0041835308074951 0.0027336308266967
2451705.5729522086 1.0040578842163084 0.0027442059945315
2451705.607673722 1.0050317049026487 0.0027576691936701
2451705.643089665 1.0040028095245361 0.0027629254618659503
2451705.6785056083 0.9988287687301636 0.002762388670817
2451705.7132271216 0.9990531802177428 0.0027638969477266
2451705.748643065 0.9983237981796265 0.00276609288994215
2451705.784059008 1.002986192703247 0.0027743866667151
2451705.818780521 1.0050753355026243 0.0027819103561341
2451705.8541964637 1.004879653453827 0.0027846582233905
2451705.8944734186 1.005172848701477 0.00278638210147615
2451705.9236394893 1.0048185586929321 0.0027800925308838
2451705.960444293 1.0056601762771606 0.0027734215836972
2451705.9944713754 1.00458824634552 0.0027649473631753997
2451706.030581748 1.0039006471633911 0.0027591378893702502
2451706.065303261 1.0053907632827759 0.0027579722227527997
2451706.0993303433 1.0043792724609375 0.0027571227401494
2451706.1354407165 1.0050928592681885 0.0027606876101344
2451706.170162229 1.0058107376098633 0.002763551659882
2451706.2069670325 1.0047177076339722 0.00276165583636605
2451706.2409941144 1.0040206909179688 0.0027597858570516
2451706.277798918 1.0048620104789734 0.00275432970374815
2451706.311826 1.0034934282302856 0.0027453035581856
2451706.346547513 1.003725290298462 0.0027381419204175
2451706.381963455 1.0033032298088074 0.00273655331693585
2451706.4173793984 1.004103183746338 0.0027411051560193
2451706.452100911 1.0030311346054075 0.0027492532972246
2451706.487516854 1.0027874112129211 0.0027586364885791503
2451706.523627227 1.0019404888153076 0.0027723214589058997
2451706.55765431 1.0033780336380005 0.0027884829323738
2451706.593764683 1.0021349191665647 0.0028042749036103
2451706.628486196 1.001969814300537 0.0028145108371973
2451706.663207709 1.0009089708328247 0.0028217558283358
2451706.6986236526 1.0000443756580353 0.0028234086930751003
2451706.7340395954 1.0016685724258425 0.0028245297726243
2451706.7687611086 1.0007976293563845 0.0028283919673413
2451706.8041770523 1.0013098120689392 0.00283813651185475
2451706.839592996 1.0004292726516724 0.0028481821063905
2451706.8743145093 1.001110315322876 0.0028544433880597
2451706.909730453 1.0006707310676575 0.0028527342947199004
2451706.945146397 0.999789834022522 0.002847378142178
2451706.979867911 0.9998672604560852 0.0028366651386022
2451707.015283855 0.9991127252578735 0.00282501592300825
2451707.0506997993 0.9988514184951782 0.0028159425128251
2451707.085421314 0.9985962510108948 0.0028150130528956
2451707.120837258 0.9978110492229462 0.0028158247005194
2451707.1562532033 0.9983106255531312 0.0028216205537319
2451707.190974718 0.9978329539299012 0.0028243181295692
2451707.2263906635 0.997380405664444 0.0028282728744670497
2451707.2618066086 0.9986594319343568 0.0028278417885303
2451707.296528124 0.9982052445411682 0.0028243465349078
2451707.33194407 0.9976120293140409 0.002818998764269
2451707.367360016 0.9970848560333252 0.0028142288792878
2451707.402081532 0.9979871511459352 0.0028138398192822
2451707.436803048 0.9967525005340576 0.002818536479026
2451707.472218995 0.9970745146274567 0.00282473792321975
2451707.5076349415 0.996876001358032 0.0028353554662317
2451707.5423564585 0.9972159266471864 0.0028454673010855
2451707.577772406 0.997806817293167 0.00286006217356765
2451707.613188354 0.997726321220398 0.0028750067576766
2451707.647909872 0.9963919520378112 0.0028856177814304
2451707.68332582 0.9966495931148528 0.0028938050381838998
2451707.718741769 0.9971322417259216 0.002898295642808
2451707.753463288 0.9957603216171264 0.0029029455035924
2451707.788879237 0.9967486262321473 0.00290838326327495
2451707.8236007565 0.9978449642658234 0.00291770463809365
2451707.8597111367 0.9979928135871887 0.00292936526238915
2451707.894432657 0.9970496594905852 0.00293540989514435
2451707.929848608 0.9983780980110168 0.002932293806225
2451707.964570129 0.9973602890968322 0.0029260015580803
2451707.9999860805 0.9974708259105682 0.0029142257990315
2451708.035402033 0.9963170886039732 0.0028995012398809
2451708.070123555 0.9971857070922852 0.0028932571876794
2451708.105539508 0.9978632330894468 0.0028880244353786
2451708.1409554617 0.9980185031890868 0.0028902890626341
2451708.175676985 0.9979209899902344 0.0028966604731976
2451708.2110929396 0.9974684417247772 0.0029019539942964504
2451708.246508895 0.9975607991218568 0.0029020658694207
2451708.28123042 0.997586727142334 0.0029032747261226
2451708.316646376 0.997886449098587 0.0028947739629074497
2451708.352062333 0.9980859756469728 0.0028855255804955
2451708.3867838597 0.997079074382782 0.0028798670973628
2451708.4221998174 0.9968703389167786 0.0028754101367667
2451708.4576157765 0.9978825449943542 0.0028761096764355
2451708.4923373046 0.998988926410675 0.0028793544042855
2451708.5277532646 0.9989618062973022 0.0028862073086201997
2451708.563169225 0.9987170100212096 0.0028963983058929
2451708.5978907556 0.998770534992218 0.0029110442847013
2451708.6333067175 0.999142825603485 0.002923781867139
2451708.6687226803 0.99890798330307 0.0029367136303335
2451708.703444213 1.0000414848327637 0.002944536274299
2451708.738860177 1.0007476806640625 0.0029454984469339
2451708.774276142 1.001590609550476 0.0029442105442285
2451708.808997677 1.000365138053894 0.0029486045241355
2451708.8444136437 1.001753330230713 0.0029553058557211997
2451708.879829611 1.0013736486434937 0.0029641706496477
2451708.9145511487 1.002213478088379 0.0029686468187719
2451708.949967118 1.0010290741920471 0.0029638102278113
2451708.9853830882 1.0006402730941772 0.0029557801317423
2451709.0201046285 1.001651167869568 0.0029417579062283
2451709.0555206 1.0016118884086609 0.00293233874253925
2451709.090936573 1.0012820959091189 0.0029242718592286
2451709.1256581163 1.0027081966400146 0.0029170694760978
2451709.161074091 1.0012853741645813 0.00291243812534955
2451709.1964900675 1.0021300315856931 0.0029180780984461
2451709.231211614 1.0033475160598757 0.0029197097755968
2451709.266627592 1.0023084878921509 0.00291983468923715
2451709.302043571 1.0040372610092163 0.0029194119852036
2451709.3367651203 1.002774357795715 0.0029105797875672
2451709.3721811017 1.0027700066566467 0.002892131335102
2451709.4075970845 1.003136157989502 0.0028756994288414
2451709.442318637 1.003485918045044 0.0028561875224113
2451709.4777346216 1.0041059851646423 0.00284164678305385
2451709.5131506077 1.0036268234252927 0.0028307731263339
2451709.547872164 1.0031505823135376 0.002829419914633
2451709.583288152 1.0045479536056519 0.00283126311842345
2451709.618704141 1.0039293766021729 0.0028401804156601
2451709.6534257005 1.0033897161483765 0.0028533523436635
2451709.688841692 1.0043234825134277 0.0028622018871828497
2451709.7242576843 1.0060200691223145 0.0028698297683149
2451709.7589792465 1.0055705308914185 0.0028665557038038
2451709.794395241 1.0042343735694885 0.00285301683470605
2451709.829811236 1.003967523574829 0.0028331473004072
2451709.8645328004 1.0045381784439087 0.0028158135246485
2451709.8992543654 1.0045771598815916 0.0027996429707854
2451709.9346703626 1.0032427906990051 0.00277983746491365
2451709.9700863594 1.0025652647018433 0.0027539350558072
2451710.004807925 1.0026170015335083 0.0027253427542746
2451710.0402239216 1.0043686032295227 0.0026848419802262997
2451710.075639918 1.002354860305786 0.0026417581830173
2451710.1103614816 1.0019807815551756 0.0025884290225803
2451710.145777475 1.0020212531089783 0.00254707701969885
2451710.181193467 1.0013054609298706 0.0025165849365293
2451710.202720834 1.0018680095672607 0.0025158417411148
2452010.285234075 1.0051919221878052 0.0028450349345803
2452010.318568037 1.0047348737716677 0.00284712202847
2452010.356068744 1.0048516988754272 0.0028481667395681
2452010.389402706 1.0053591728210447 0.0028499285690486
2452010.4241255834 1.0061988830566406 0.0028576634358614
2452010.459542919 1.0060653090476988 0.0028689644532278
2452010.4949602545 1.0060640573501587 0.0028812575619667
2452010.5296831336 1.0067322254180908 0.0028926460072398
2452010.56510047 1.0063158869743347 0.00290412432514125
2452010.600517807 1.0051206350326538 0.0029091909527778
2452010.6352406875 0.9676436185836792 0.0028922588098794
2452010.670658025 0.9139586091041564 0.0028664130950346
2452010.7060753643 0.9123908281326292 0.0028623996768146
2452010.7407982456 0.9395751953125 0.0028764186426997
2452010.776215585 1.0039002895355225 0.0029126725858077
2452010.811632925 1.0063288211822508 0.0029170936904847
2452010.8463558084 1.0052069425582884 0.0029200699646025
2452010.8817731496 1.005830466747284 0.00291945587377995
2452010.917190491 1.0056546926498413 0.002917579608038
2452010.9519133754 1.0049166679382324 0.0029122026171535
2452010.987330718 1.0054394602775574 0.00290921144187445
2452011.0227480615 1.004212498664856 0.0029052309691905
2452011.057470947 1.0047746896743774 0.0029013731982558
2452011.092888291 1.005141019821167 0.002901580533944
2452011.1283056354 1.0064523220062256 0.00290038716048
2452011.1630285224 1.004973292350769 0.0029014446772634
2452011.1984458677 1.0052154660224915 0.0029001545626669498
2452011.2338632136 1.0043290853500366 0.0028968621045351
2452011.268586102 1.0051761865615845 0.0028951084241271
2452011.304003448 1.0051597952842712 0.0028899830067529502
2452011.339420795 1.0051053762435913 0.002884404733777
2452011.3741436847 1.004623532295227 0.0028809730429202
2452011.409561032 1.004991054534912 0.00288035091944035
2452011.44497838 1.0042396783828735 0.0028830741066485
2452011.4797012703 1.0047624111175537 0.0028886971995234
2452011.515118619 1.0044967532157898 0.00289577513467515
2452011.5505359676 1.0056387186050415 0.0029042910318821
2452011.585258859 1.0033702850341797 0.0029111932963132
2452011.6206762088 1.0052574276924133 0.002918004640378
2452011.6560935583 1.005154013633728 0.0029212157242
2452011.690816451 1.0052136182785034 0.002922662300989
2452011.726233801 1.0037170052528381 0.00292276893742375
2452011.7623456093 1.0031867623329163 0.0029233978129923
2452011.7963740444 1.0030812621116638 0.0029258278664201004
2452011.8317913953 1.0038371086120605 0.0029277168214320998
2452011.8672087463 1.005062460899353 0.0029293745756149
2452011.9019316398 1.0038446187973022 0.0029264499898999496
2452011.9366545337 1.0039107799530027 0.0029234434477984
2452011.9727663435 1.0035438537597656 0.0029175977688282
2452012.0074892375 1.003825545310974 0.0029149178881198
2452012.0429065893 1.003355622291565 0.0029104973655193498
2452012.078323942 1.0028198957443235 0.0029057851061224
2452012.1130468366 1.0022549629211424 0.0029009107965976
2452012.147769731 1.002487540245056 0.0028997992631047
2452012.183187084 1.002062678337097 0.00289683556184165
2452012.218604437 1.0019762516021729 0.0028948930557817
2452012.252632874 1.002939224243164 0.0028926139930262997
2452012.2887446852 1.0024923682212827 0.0028893303824588
2452012.3241620385 1.0010111331939695 0.0028847435023635
2452012.358884934 1.0018798112869265 0.0028786568436771
2452012.394302287 1.002048909664154 0.0028768480988219
2452012.429719641 1.001552939414978 0.0028742842841893
2452012.463748079 1.0013960599899292 0.00287712586577975
2452012.4991654325 1.0015691518783567 0.0028821614105254
2452012.535277244 1.00182044506073 0.0028880278114229
2452012.57000014 1.0018230676651 0.0028987759724259
2452012.6054174937 1.001043438911438 0.0029036095365881
2452012.640834848 1.001223087310791 0.0029102510306984
2452012.675557744 1.0020830631256104 0.0029144780710339
2452012.710975098 1.0013891458511353 0.0029191682115196496
2452012.7450035363 1.0022404193878172 0.0029184562154114
2452012.781809806 1.0016205310821533 0.00292069814167915
2452012.816532702 1.0009299516677856 0.0029225380858406
2452012.8519500564 1.001001238822937 0.0029226560145616
2452012.8866729527 1.002636432647705 0.0029223505407571
2452012.922090307 1.0020289421081543 0.0029186191968619503
2452012.957507661 1.0025633573532104 0.0029148366302251
2452012.9922305574 1.00158953666687 0.0029087455477565
2452013.0276479116 1.0018048286437988 0.0029042871901764997
2452013.063065266 1.0025633573532104 0.0029018823988735
2452013.0977881616 1.0025064945220947 0.0028975487221032
2452013.132511058 1.0020651817321775 0.002895092125982
2452013.1679284116 1.0019121170043945 0.00289250945206725
2452013.203345766 1.0027623176574707 0.0028908990789204
2452013.239457578 1.001734972000122 0.0028883460909128
2452013.2741804738 1.00297611951828 0.00288458832073955
2452013.30890337 0.9988678097724912 0.0028809872455894
2452013.344320724 0.9953030049800873 0.0028750913916155
2452013.3797380775 0.9944639205932616 0.0028683971613645
2452013.4144609733 0.996503949165344 0.0028672781772911
2452013.449878327 1.0002453923225403 0.0028715692460536497
2452013.4859901387 1.003072202205658 0.0028736795065924
2452013.520713034 1.002134621143341 0.00287781213410195
2452013.55543593 1.002095878124237 0.00288628460839385
2452013.5901588253 1.0014804601669312 0.0028913430869579
2452013.6248817206 1.00220787525177 0.0028981018112971997
2452013.660993532 1.0025396943092346 0.0029030262958258
2452013.695716427 1.0031545162200928 0.0029042847454546997
2452013.7304393225 1.0023476481437683 0.00291015289258205
2452013.7665511332 1.0025450587272644 0.00290957046672695
2452013.801968486 1.0027307271957395 0.0029111178591847
2452013.837385839 1.0036351680755615 0.00291165581438685
2452013.8734976496 1.0036253929138184 0.0029130845796316
2452013.907526086 1.001996636390686 0.0029104219283908
2452013.941554523 1.002578318119049 0.0029076830251142
2452013.9776663333 1.0030707716941833 0.00290325109381225
2452014.0130836857 1.003209352493286 0.0028978872578591
2452014.047112122 1.0033625364303589 0.0028932872228324
2452014.082529474 1.0027681589126587 0.0028933107387274
2452014.118641284 1.003231406211853 0.0028879097662866
2452014.15266972 1.0021745562553406 0.0028865241911262
2452014.1880870718 1.0037227869033811 0.002885477617383
2452014.223504423 1.0030061602592468 0.0028839701553806
2452014.2582273167 1.0036685466766357 0.0028831359231844
2452014.293644668 1.001651644706726 0.0028796480037271
2452014.329756477 1.0027413368225095 0.0028781031724065
2452014.365173828 1.001836359500885 0.0028728431789204
2452014.3998967214 1.0025286078453064 0.0028690902981907
2452014.4360085297 1.0022687315940857 0.0028668178711086
2452014.470036965 1.0019664764404297 0.0028674199711531
2452014.5054543153 1.0024637579917908 0.0028698414098471
2452014.540871666 1.001972198486328 0.0028723515570163
2452014.575594558 1.00151789188385 0.0028774170204997
2452014.611011908 1.001617670059204 0.0028833022806793
2452014.6450403426 1.001481056213379 0.0028890443500131
2452014.68115215 1.0013755559921265 0.002891904907301
2452014.7151805838 1.001940369606018 0.0028931655688211
2452014.7505979333 1.0021792650222778 0.0028960891067981
2452014.7867097403 1.0018845796585083 0.0028971366118639
2452014.820738174 1.0011720061302185 0.00289689737837755
2452014.856155523 1.0019599199295044 0.0028989363927394
2452014.8922673296 1.0013961791992188 0.0028956960886716
2452014.9262957624 1.0014155507087708 0.0028952485881745503
2452014.963102027 1.0009135007858276 0.0028928210958838
2452014.997824917 1.0009195804595947 0.0028896706644445
2452015.032547808 1.0013787746429443 0.0028864061459898
2452015.0686596134 0.9999456405639648 0.0028799779247492
2452015.1033825036 1.000503659248352 0.002878783037886
2452015.137410936 1.0003739595413208 0.00287621491588645
2452015.172828283 1.000399827957153 0.0028746854513883
2452015.2089400883 0.9992610812187194 0.0028743213042616
2452015.24296852 0.9996121823787687 0.0028715191874653
2452015.279080325 0.9998838603496552 0.0028735252562909997
2452015.3144976716 0.9994237422943116 0.0028690558392554
2452015.349220561 0.999038964509964 0.00286715500988065
2452015.384637907 0.9989372789859772 0.00286359398160125
2452015.4200552534 0.9985457062721252 0.0028607929125428
2452015.4554725997 0.9990917146205902 0.0028585675172507503
2452015.4901954876 0.9986721277236938 0.0028600576333701498
2452015.525612834 0.9988574385643004 0.0028623258695006
2452015.5610301793 0.998639553785324 0.00286390713881695
2452015.595753067 0.998882919549942 0.00286858819890765
2452015.6311704125 0.998245656490326 0.0028755711391568
2452015.666587758 0.9995543956756592 0.00288048060610885
2452015.7020051023 0.9992601275444032 0.0028845644555985
2452015.7367279897 0.9980101585388184 0.0028871616814285
2452015.7721453337 0.9984571933746336 0.00288979953620575
2452015.8075626786 0.9989973306655884 0.0028903891798108
2452015.842285565 0.9976764917373656 0.0028890252579003
2452015.877008451 0.9969105124473572 0.0028892536647617
2452015.9117313377 0.99888414144516 0.0028890597168356
2452015.9471486816 0.9982759654521942 0.0028863777406512997
2452015.982566025 0.9988192915916442 0.0028807690832763
2452016.0179833686 0.9980430006980896 0.0028760293498634503
2452016.0527062537 0.9984531402587891 0.0028717765817418
2452016.0881235967 0.9980602860450744 0.0028700155671685
2452016.1235409398 0.9978025853633881 0.0028679622337222004
2452016.158263825 0.9980887472629547 0.00286680320277805
2452016.195070083 0.9967875480651855 0.0028664683923125
2452016.228404052 0.9973083734512328 0.0028673992492258
2452016.2631269363 0.9977975487709044 0.0028663966804742
2452016.2950719898 0.9979088902473447 0.0028656367212533
2452016.3339616205 0.99752938747406 0.0028640679083764
2452016.3693789616 0.999105155467987 0.0028614143375307
2452016.4047963032 0.9987985491752625 0.0028594564646482
2452016.439519187 0.9984476566314696 0.0028551509603857
2452016.474936528 0.9990919530391694 0.0028551628347485503
2452016.5103538693 0.99800306558609 0.002855138387531
2452016.545076752 0.9993040561676024 0.0028576860204339
2452016.580494093 0.9990872740745544 0.00286029151175165
2452016.6159114335 0.9993528127670288 0.0028651063330471
2452016.6506343163 0.9992329478263856 0.0028726519085466
2452016.6860516565 0.9990336298942566 0.0028785350732504498
2452016.7214689963 1.00009286403656 0.0028814803808927
2452016.7561918786 1.0001447200775146 0.0028836275450885
2452016.7916092183 1.0003035068511963 0.0028854117263107998
2452016.8270265576 1.0002461671829224 0.0028873053379356
2452016.8617494395 1.0009241104125977 0.0028888126835227
2452016.8971667783 1.001962423324585 0.00288930011447515
2452016.9325841176 1.001232028007507 0.0028874699492007
2452016.967306999 1.0017021894454956 0.0028864205814898
2452017.0027243374 1.0013331174850464 0.0028812786331399503
2452017.038141676 1.0015311241149902 0.002874624915421
2452017.072864557 1.0018762350082395 0.0028712009079754
2452017.1082818955 1.001422643661499 0.0028708286117761998
2452017.143699234 1.0017257928848269 0.0028671876061707
2452017.178422114 1.001764178276062 0.0028683659620583
2452017.213839452 1.002509891986847 0.0028699166141449997
2452017.2492567897 1.0026103258132937 0.002871174365282
2452017.2839796697 1.0020912885665891 0.002871444215998
2452017.319397007 1.002261221408844 0.00286925816908475
2452017.3548143446 1.002519965171814 0.0028650732710957
2452017.389537224 1.0027984380722044 0.0028633829206228
2452017.424954561 1.002710223197937 0.0028571038274094
2452017.460371898 1.002650022506714 0.0028534764423966
2452017.4950947776 1.0020875930786133 0.002852588891983
2452017.530512114 1.003064751625061 0.0028515909798443
2452017.5659294506 1.0043745040893557 0.002854962600395
2452017.6006523296 1.0034511089324951 0.0028609442524611
2452017.6360696657 1.003387629985809 0.0028659468516707
2452017.671487002 1.0037455558776855 0.0028748551849275
2452017.7062098808 1.004314422607422 0.0028811264783144
2452017.741627217 1.00384521484375 0.00288237177301195
2452017.7770445524 1.0029835700988767 0.0028841802850365
2452017.811767431 1.0038540363311768 0.0028837802819907
2452017.8471847665 1.0040879249572754 0.0028850181261077003
2452017.882602102 1.003204345703125 0.0028855507262051
2452017.9173249803 1.0032192468643188 0.0028834112454205
2452017.952742316 0.9807168245315552 0.0028698694659396503
2452017.988159651 0.9149039983749389 0.0028335840906947
2452018.0228825286 0.9091546535491944 0.0028252007905393
2452018.0582998637 0.9190480709075927 0.00282819056883445
2452018.0937171993 0.998966097831726 0.0028621293604373
2452018.1284400765 1.0030832290649414 0.0028646958526223
2452018.1638574116 1.0026788115501404 0.00286480411887165
2452018.1992747467 1.0032827854156494 0.0028675158973783
2452018.233997624 1.002641201019287 0.0028677871450781
2452018.268720501 1.0020358562469482 0.0028684670105576
2452018.3041378357 1.002644419670105 0.00286731845699245
2452018.3395551704 1.0020568370819092 0.0028663126286119
2452018.374278048 1.0023198127746582 0.0028608024585992
2452018.409695382 1.0023220777511597 0.00285606784746045
2452018.445112717 1.0019826889038084 0.0028549865819513
2452018.479835594 1.0021777153015137 0.0028554669115692
2452018.5152529287 1.0007469654083252 0.0028567545814439
2452018.550670263 1.0024014711380005 0.0028570627328008
2452018.58539314 1.0016099214553833 0.0028631961904466
2452018.6208104747 1.002296268939972 0.0028680789982899503
2452018.6562278094 1.0021647214889526 0.0028721648268401
2452018.690950686 1.0011807680130005 0.0028754493687301
2452018.7263680208 1.002195417881012 0.0028793143574148
2452018.7617853554 1.0015653371810913 0.0028793849050998
2452018.7965082326 1.0024938583374023 0.0028814643155783
2452018.8319255672 1.0019844770431519 0.0028824990149587002
2452018.867342902 1.0020866394042969 0.0028801460284739
2452018.9020657786 1.0022825002670288 0.0028812119271606
2452018.9374831133 1.0016525983810425 0.00287849246524265
2452018.9729004484 1.0017014741897583 0.0028749769553542
2452019.0076233256 1.0010398626327517 0.0028702481649816
2452019.04304066 1.0014450550079346 0.0028665236895903503
2452019.0784579953 1.0014300346374512 0.0028635170310735
2452019.113180873 1.0018107891082764 0.0028604653198271
2452019.148598208 1.0009337067604065 0.0028605877887457
2452019.184015543 1.0013573169708252 0.002859451342374
2452019.218738421 1.0014994144439695 0.0028601018711924
2452019.253461299 1.0016742944717407 0.002861738204956
2452019.289573092 1.0002639293670654 0.0028576501645147
2452019.32429597 1.000462293624878 0.0028580494690686
2452019.3597133057 1.0015206336975098 0.00285455945413555
2452019.395825099 1.0020864009857178 0.00284931622445575
2452019.430547978 1.002583086490631 0.00284726009704165
2452019.4659653143 1.00106680393219 0.0028474428690969
2452019.499993736 1.0014333724975586 0.00284485227894035
2452019.535411072 1.0015727281570437 0.0028458561282604
2452019.570828409 1.0016225576400757 0.0028479578904807
2452019.6069402033 1.0023304224014282 0.0028533614240586497
2452019.641663083 1.0016522407531738 0.0028557515470311002
2452019.6756915054 1.002033829689026 0.0028614127077162
2452019.711803301 1.0020350217819212 0.0028624774422496
2452019.7472206387 1.0027270913124084 0.0028664988931268003
2452019.782637977 1.0020335912704468 0.0028658197261393
2452019.8166664 1.0019934177398682 0.0028680833056569
2452019.8513892815 1.00197172164917 0.0028681242838501497
2452019.8875010777 1.0022708773612976 0.0028707220917567004
2452019.923612875 1.003037929534912 0.00287105690222225
2452019.9583357573 1.0023790001869202 0.002868489944376
2452019.9923641817 1.0025057792663574 0.0028672306798398
2452020.0270870645 1.0031944513320925 0.0028614401817321
2452020.0631988626 1.00327730178833 0.0028574361931532
2452020.099310661 1.002256155014038 0.0028522927314043
2452020.1347280024 1.0026930570602417 0.0028479902539402
2452020.1680619717 1.0024241209030151 0.002848626114428
2452020.2034793138 1.0027194023132324 0.0028469837270677
2452020.239591114 1.003428936004639 0.002847938099876
2452020.2750084572 1.0038263797760008 0.0028490643016993496
2452020.3090368854 1.00396066904068 0.00285033544059835
2452020.343759772 1.002110242843628 0.0028493825811892
2452020.379177117 1.00326406955719 0.00284603214822705
2452020.4145944617 1.0038762092590332 0.00284283910878
2452020.450706265 1.0019872188568115 0.0028383838944137
2452020.486123611 1.0028936862945559 0.00283637037500735
2452020.5201520426 1.0023478269577026 0.002836595987901
2452020.556263848 1.0034898519515991 0.0028391138184815
2452020.590986738 1.003376007080078 0.0028368134517222
2452020.6243207133 1.0012012720108032 0.0028385920450091
2452020.6611269787 0.9967688322067261 0.0028393148677423
2452020.695849871 0.9956910014152527 0.00284048693720245
2452020.7319616796 0.9965117275714873 0.00284596928395325
2452020.767379031 0.9993799328804016 0.0028517220634967
2452020.8014074676 1.0022659301757812 0.0028542340733110497
2452020.836130363 1.0028974413871765 0.0028576058102771
2452020.8722421746 1.0035884976387024 0.0028586504049598997
2452020.908353987 1.0026130676269531 0.0028583591338246497
2452020.9430768853 1.0032437443733215 0.0028574940515681503
2452020.9771053256 1.0020747184753416 0.0028545779641717
2452021.0139115993 1.0018710494041443 0.00285173649899655
2452021.0465511256 1.002288579940796 0.0028458097949624
2452021.083357401 1.0020689964294434 0.00283977587241675
2452021.1187747614 1.0010061264038084 0.0028356243856251
2452021.1541921226 1.0017374753952026 0.0028287838213145
2452021.189609485 1.0000054836273191 0.0028258031234145
2452021.223637933 1.0016499161720276 0.0028220651438459502
2452021.257666381 1.0013214349746704 0.0028231376782059
2452021.2944726637 1.0011308193206787 0.0028238154482096
2452021.330584489 1.0006399154663086 0.0028234650380909
2452021.3646129402 1.001763105392456 0.0028203527908772
2452021.400724768 0.9992008209228516 0.0028173539321869
2452021.4354476803 1.000544786453247 0.0028148423880338
2452021.469476136 1.000011533498764 0.0028092653956264
2452021.5048935087 1.0004248619079588 0.0028058232273906
2452021.541005342 0.9996547698974608 0.0028013892006129
2452021.5764227174 0.9993942975997924 0.0027970490045844997
2452021.6118400944 0.9991455078125 0.0027926205657422
2452021.6458685556 0.9994091689586639 0.00278612133115525
2452021.680591476 0.9982353448867798 0.0027803876437246496
2452021.716008857 0.9984163641929624 0.0027724339161068
2452021.7521206965 0.9976759552955629 0.0027625986840575
2452021.7868436202 0.9975005984306335 0.0027568517252802
2452021.822955461 0.9969233870506288 0.0027509073261171
2452021.8583728448 0.9970210194587708 0.0027471216162666
2452021.892401311 0.9969552755355836 0.0027483312878757
2452021.9285131535 0.99705171585083 0.0027477981057018
2452021.9632360777 0.9965354204177856 0.00274851010181
2452021.997959001 0.9959437251091005 0.0027498353738337
2452022.0333763813 0.9950653612613678 0.00274713616818185
2452022.0687937587 0.994322955608368 0.0027477112598717
2452022.1035166746 0.99392831325531 0.002747590187937
2452022.14032296 0.9931770563125608 0.0027482177829369504
2452022.1743514063 0.9938342571258546 0.0027467110194265
2452022.1924073133 0.9976512789726256 0.0027509154751896
2452023.1292253854 1.0016250610351562 0.0027957335114479
2452023.159086791 1.002169489860535 0.0028091892600059
2452023.1924204524 1.0019700527191162 0.002820523455739
2452023.22922637 1.0027577877044678 0.0028252686606720003
2452023.2646433846 1.0014270544052124 0.002829207573086
2452023.2993659475 1.0005507469177246 0.0028282448183745
2452023.334782962 1.0008463263511658 0.00282993016298855
2452023.3701999765 1.0013867616653442 0.0028301982674747
2452023.404228089 1.0022642016410828 0.00283209292683745
2452023.440339555 1.0012136697769165 0.0028393372194841
2452023.4750621193 1.0015056133270264 0.0028485093498601998
2452023.510479135 1.001256823539734 0.0028581332881003
2452023.5472850534 1.0013158321380615 0.00286506686825305
2452023.580618716 1.0018625259399414 0.0028761186404153
2452023.616035733 1.0031650066375732 0.0028824133332818
2452023.65145275 1.0022321343421936 0.0028828234644606
2452023.686869768 1.001844882965088 0.0028827344067394
2452023.721592335 1.001936435699463 0.0028812889941036
2452023.7570093535 1.0016520023345947 0.00288240017835045
2452023.792426373 1.0020077228546145 0.0028824424371123
2452023.827148941 1.0027559995651243 0.0028819621074944
2452023.8625659607 1.0024969577789307 0.0028835231205447997
2452023.897982981 1.0026283264160156 0.0028831837698817
2452023.9327055505 1.00305438041687 0.00287651643157
2452023.9681225717 1.0023577213287354 0.00287388241849835
2452024.003539594 1.0028045177459717 0.0028678579255938
2452024.038262164 1.0025898218154907 0.0028669445309787
2452024.0750680896 1.0021682977676392 0.0028721460839733
2452024.1090962095 1.003270983695984 0.0028766919858753
2452024.1438187817 1.004074454307556 0.0028846252243965
2452024.1792358053 1.0035527348518372 0.00288477737922215
2452024.2146528293 1.0027871131896973 0.0028875486459583
2452024.249375402 1.00446355342865 0.0028852699324488
2452024.284792427 1.0034626722335813 0.0028803411405533
2452024.320209452 1.0039024353027344 0.0028732002247124
2452024.354237574 1.003110945224762 0.0028694592183455504
2452024.3896545996 1.0045607686042786 0.0028640566160902
2452024.425766077 1.0032585859298706 0.0028649826999753
2452024.460488652 1.003403663635254 0.0028667084407061
2452024.495211227 1.0046740770339964 0.0028717324603348
2452024.5306282532 1.00477135181427 0.00287724891677495
2452024.56604528 1.0045086145401 0.0028878739103674
2452024.600767856 1.004218578338623 0.0028927864041179
2452024.6361848833 1.00426584482193 0.0028978362679481
2452024.671601911 1.0038048028945925 0.0029010772705078
2452024.706324487 1.0051538944244385 0.0029041373636573
2452024.7417415148 1.0055943131446838 0.0029033357277512004
2452024.777158543 1.00492787361145 0.0029038055799901
2452024.81188112 1.0042784214019775 0.0029050223529338
2452024.847298148 1.0051298141479492 0.00290408742148425
2452024.882715177 1.0045764446258545 0.0029071934986859
2452024.917437754 1.0059760808944702 0.0029008965939283
2452024.9528547833 1.004614233970642 0.00289566197898235
2452024.98757736 1.0035784244537354 0.00289046927355225
2452025.0216054865 1.0046008825302124 0.0028861947357654
2452025.058411419 1.003851592540741 0.0028845013584941
2452025.0931339962 1.0038399100303648 0.00288396619725965
2452025.128551026 1.0030438899993896 0.0028869931120425
2452025.1639680555 1.002832055091858 0.00289226288441565
2452025.199385085 1.0027507543563845 0.0028931170236319
2452025.2334132115 1.0023770928382874 0.0028932526474818
2452025.2702191444 0.9955465197563172 0.0028845719061791
2452025.3049417227 0.9187278747558592 0.0028437059372663
2452025.3396643004 0.908160090446472 0.002828475087881
2452025.3750813305 0.9128302335739136 0.0028254714561626
2452025.41049836 0.9820440411567688 0.0028564564418047
2452025.4452209384 1.0013442039489746 0.0028670120518654
2452025.4806379685 1.0018008947372437 0.0028698921669274
2452025.516054998 0.99956876039505 0.0028736004605889
2452025.5507775764 1.000831961631775 0.0028807369526475
2452025.5861946065 1.0014286637306213 0.00288800627458835
2452025.6216116357 1.0008960962295532 0.0028948376420885
2452025.6563342144 1.0008046627044676 0.0029021108057349
2452025.691751244 1.0010099411010742 0.00290189101360735
2452025.7271682736 1.0013495683670044 0.0029026181437075
2452025.761890852 1.00042724609375 0.0029041646048426
2452025.7973078815 1.001832365989685 0.00290423037949945
2452025.832724911 1.0005898475646973 0.0029040018562227
2452025.867447489 1.00091814994812 0.0029041615780442
2452025.9028645186 1.0005420446395874 0.0029032632010056996
2452025.9382815477 1.0005230903625488 0.0028987256810069
2452025.9730041255 1.0005881786346436 0.0028946415986865
2452026.0084211547 1.0004073977470398 0.0028908360982312998
2452026.043838184 1.0013803243637085 0.002888714428991
2452026.0785607616 1.0007811784744265 0.002887335140258
2452026.113977791 1.0004291534423828 0.00288767449092115
2452026.150089271 1.0001992583274841 0.00289113214239475
2452026.184811848 0.9999619722366333 0.0028895296854898004
2452026.219534425 0.9999396502971648 0.0028892733389511
2452026.2549514542 0.999930202960968 0.002886208705604
2452026.288979579 0.9998596906661987 0.0028816242702305
2452026.324396608 1.0004477500915527 0.0028772989753633
2452026.3605080876 1.0008362531661987 0.0028712518978863
2452026.394536212 1.0008381009101868 0.00286424846854055
2452026.432036595 1.0002912878990173 0.00286221946589645
2452026.4653702686 1.0006150007247925 0.0028617840725928
2452026.5014817473 1.0009616017341614 0.0028643935220315497
2452026.5355098723 1.0010589361190796 0.0028701231349259
2452026.570926899 1.0009490251541138 0.0028786644106730498
2452026.606343927 1.0010788440704343 0.0028856778517365
2452026.6417609537 1.0023247003555298 0.0028941151686012
2452026.6764835296 1.0007836818695068 0.0028984766686335
2452026.7119005565 1.0015017986297607 0.0029001010116189
2452026.7466231314 1.0024130344390867 0.0029021382797509
2452026.782040158 1.0018686652183533 0.00290273805148895
2452026.817457184 1.0027135610580444 0.0029027638956904
2452026.8521797587 1.0017937421798706 0.0029013308230787
2452026.8869023332 1.0018035173416135 0.0029021075461059
2452026.923708262 1.0024124383926392 0.0028982607182115004
2452026.9577363846 1.0022610425949097 0.0028950665146112
2452026.99315341 1.0030654072761533 0.0028930919943377003
2452027.0285704355 1.002227544784546 0.0028895060531795
2452027.062598557 1.0017063617706299 0.0028868775116279
2452027.098710034 1.0027090311050415 0.0028844617772846503
2452027.1341270586 1.0022064447402954 0.0028865817002952
2452027.1688496317 1.0028512477874756 0.0028846110217273
2452027.204266656 1.002416729927063 0.0028840363956987502
2452027.2396836802 1.0018216371536257 0.0028838487342
2452027.2744062524 1.0018465518951416 0.0028804456815123
2452027.309128825 1.002192974090576 0.0028739213012158
2452027.3445458487 1.002804934978485 0.0028693578206002
2452027.3792684204 1.0025126934051511 0.0028626992134377
2452027.414685443 1.001908302307129 0.0028590781148523
2452027.4507969175 1.001740336418152 0.0028561695944517
2452027.485519489 1.0019166469573975 0.0028583264211192
2452027.5195476087 1.0017825365066528 0.0028632241301238
2452027.5556590823 1.0023897886276245 0.0028699070680886
2452027.591770556 1.0029717087745667 0.0028725466690957
2452027.6257986748 1.002686858177185 0.0028807157650589
2452027.6612156965 1.0041223764419556 0.0028855816926806497
2452027.6966327177 1.0017383098602295 0.002889244351536
2452027.732049739 1.002756893634796 0.0028936680173501
2452027.768161211 1.0027480721473694 0.0028932215645908503
2452027.802189329 1.0023516416549685 0.0028940381016582
2452027.8376063495 1.0041091442108154 0.00289426406379785
2452027.87302337 1.0019826889038084 0.0028930082917213
2452027.9063570355 1.0029898881912231 0.0028928318060934
2452027.943162958 1.0024314522743225 0.0028901413315907
2452027.977885526 0.9989455342292788 0.00288531056139615
2452028.013996997 0.9971601366996764 0.0028802909655496
2452028.0487195645 0.9965120553970338 0.0028777293628081003
2452028.0848310348 0.9989411830902097 0.0028770946664735
2452028.1181646995 1.0019373297691345 0.0028782908339053
2452028.1549706208 1.0030149221420288 0.002878772560507
2452028.1896931874 1.003261923789978 0.0028796168044209
2452028.2237213026 1.0021689534187317 0.00287805788684635
2452028.2598327715 1.002780795097351 0.0028762728907167
2452028.2945553376 1.002830684185028 0.00287313398439435
2452028.3299723547 1.0021878480911255 0.0028677550144493
2452028.3653893718 1.0025404691696167 0.00286422960925845
2452028.4001119374 1.0021540522575378 0.0028591183945535998
2452028.4355289536 1.0020219087600708 0.0028547646943479
2452028.471640421 1.0015022754669187 0.0028542343061417
2452028.507057437 1.0022015571594238 0.00285570835694665
2452028.5417800015 1.0019701719284058 0.0028582175727933
2452028.577197017 1.0023428201675415 0.0028663084376603
2452028.61122513 1.0021149516105652 0.00287206575740125
2452028.6459476934 1.0024623274803162 0.0028785067843273
2452028.6820591595 1.0035390257835388 0.00288454582914705
2452028.718170625 1.0033767223358154 0.00289043132215735
2452028.7515042857 1.0025335550308228 0.00288924050983035
2452028.7862268486 1.0030102729797363 0.0028900327160954
2452028.822338314 1.0031259655952454 0.00289164541754865
2452028.857755327 1.0034968852996826 0.0028904168866574
2452028.8931723405 1.0022587180137634 0.0028876021970062997
2452028.9285893533 1.0025572776794431 0.0028852862305939
2452028.964006366 1.0027092099189758 0.00288300344254815
2452028.9980344763 1.0025192499160769 0.0028790377546101
2452029.0327570373 1.002332329750061 0.0028759769629687
2452029.0688685006 1.000977635383606 0.0028735152445733
2452029.103591061 1.0012911558151243 0.0028733378276228
2452029.1348413657 1.0010632872581482 0.00287308939732605
2452029.1758139865 1.000977873802185 0.0028761103749275
2452029.2091476438 1.0003823041915891 0.0028751862701028
2452029.2445646552 1.0009106397628784 0.0028765506576746
2452029.2799816653 1.0007895231246948 0.0028750628698617
2452029.3147042245 1.0008022785186768 0.0028714982327073
2452029.3501212345 1.0008269548416138 0.0028677842346951
2452029.3855382446 1.001098394393921 0.0028624557889997
2452029.420260803 0.9998952746391296 0.0028580003418028
2452029.4556778125 0.9993961155414581 0.0028540526982396
2452029.4910948216 0.9997410774230956 0.0028551924042403
2452029.5258173794 0.9992995262145996 0.002858011284843
2452029.5612343876 0.9990482032299042 0.0028624603291973003
2452029.5966513967 0.9997255206108092 0.0028691275510936
2452029.6313739535 1.0001604557037351 0.0028764670714735
2452029.6667909613 0.9994876682758331 0.00288034067489205
2452029.7022079695 1.0005611181259155 0.0028867130167782
2452029.7369305254 0.9993032813072203 0.00288827274926
2452029.772347533 0.9991315603256226 0.0028887565713375
2452029.80776454 0.9997755885124208 0.0028904490172863
2452029.842487096 0.999047577381134 0.002889186842367
2452029.877904102 0.9996748864650726 0.0028888697270303496
2452029.9133211086 0.9986026883125304 0.0028873842675238
2452029.948043664 0.9991500377655028 0.0028851297684013
2452029.9834606694 0.9996065497398376 0.002885150257498
2452030.0188776753 0.9982430934906004 0.0028798037674278
2452030.05360023 0.9994704723358152 0.0028753441292792
2452030.089711686 0.9994338750839232 0.0028747469186782
2452030.12443424 0.9988456964492796 0.0028738949913531
2452030.159156794 0.9990586638450624 0.0028739697299897
2452030.1945737987 0.9982113838195801 0.00287308602128175
2452030.229990803 0.9987667798995972 0.002873332472518
2452030.2647133563 0.9981362223625184 0.0028717382811009
2452030.3001303603 0.9985238909721375 0.0028697539819403997
2452030.3355473643 0.9980669617652892 0.0028648825827986
2452030.370269917 0.998971462249756 0.0028618457727134
2452030.40568692 0.997857928276062 0.002856979263015
2452030.4411039236 0.998917043209076 0.0028557390905916
2452030.4758264753 0.9993259310722352 0.0028563130181282
2452030.5112434784 0.9989269971847534 0.0028575125616043502
2452030.546660481 0.9990254640579224 0.0028610171284526
2452030.5813830323 0.9987903237342832 0.0028637028299272
2452030.6168000344 0.9998746812343595 0.00287193933036175
2452030.6522170366 1.00032639503479 0.0028755974490195
2452030.6869395874 0.99977707862854 0.0028822654858231
2452030.7223565895 1.000474989414215 0.00288204802200195
2452030.7577735907 0.9997149109840392 0.0028843590989708
2452030.792496141 1.0009758472442627 0.0028859979938715
2452030.8279131423 1.0011228322982788 0.00288834224920715
2452030.8633301435 1.0018746852874756 0.00288812443614
2452030.8980526933 1.000844359397888 0.0028904629871249
2452030.932775243 1.0008461475372314 0.002888532122597
2452030.968192244 1.0008162260055542 0.00288601522333915
2452031.0036092442 1.00167977809906 0.0028845653869211
2452031.0383317936 1.00168240070343 0.0028805746696889
2452031.0737487935 1.0023210048675537 0.0028761115390806497
2452031.1091657938 1.0025721788406372 0.0028748146723955
2452031.1438883427 1.0019130706787107 0.0028735413216054
2452031.1793053425 1.0025703310966492 0.00287506659515195
2452031.2147223423 1.0028058290481567 0.0028764116577804
2452031.2494448903 1.003143548965454 0.0028762381989508
2452031.2848618897 1.0025987029075623 0.0028732725186273
2452031.320278889 1.0030593872070312 0.0028691594488918
2452031.3550014375 1.0032217502593994 0.0028639850206673
2452031.3904184364 1.0032307505607605 0.00286288210190825
2452031.4258354353 1.003046989440918 0.0028592532034963
2452031.4605579833 1.0036405324935913 0.0028570217546075
2452031.495974982 1.0042051672935486 0.00285746145527805
2452031.5313919806 1.0034937858581543 0.0028578778728842
2452031.5647256263 1.0030983686447144 0.0028636599890887
2452031.6022259775 1.0041581392288208 0.0028683592099696
2452031.636948525 1.003673076629639 0.0028725154697895
2452031.6716710725 1.0041618347167969 0.0028770447243005
2452031.707088071 1.0049722790718079 0.00288240646477785
2452031.742505069 1.0038703680038452 0.0028815872501581
2452031.7772276164 1.0040333271026611 0.0028838685248047
2452031.8126446144 1.003638446331024 0.0028854170814156003
2452031.848061613 1.005279779434204 0.0028856303542852
2452031.8827841594 1.0041996240615845 0.0028898669406771
2452031.918201158 1.0048229694366455 0.00288852420635515
2452031.953618156 1.0042943954467771 0.0028872126713395
2452031.988340703 1.0042948722839355 0.0028833807446062
2452032.023757701 1.0039625763893127 0.00287949561607085
2452032.059174699 1.003792405128479 0.0028760640416294
2452032.093897246 1.003103494644165 0.0028742786962538
2452032.129314244 1.0031210780143738 0.0028721023118123
2452032.1647312418 1.003519892692566 0.0028733927756547
2452032.1994537893 1.00168240070343 0.0028724931180477
2452032.2348707872 1.0027812123298645 0.002873437362723
2452032.270287785 1.0027996301651 0.0028724279254674
2452032.303621431 1.0021685361862185 0.0028715757653117
2452032.3404273307 1.0018938779830933 0.00286905071698125
2452032.375844329 1.0020545721054075 0.0028663759585469
2452032.4112613276 1.0007266402244568 0.00286056555341925
2452032.446678326 1.0013749599456787 0.0028568487614393
2452032.4807064226 1.00137197971344 0.0028549587586894
2452032.5154289706 1.0015032291412354 0.0028558666817843498
2452032.5508459695 1.0008999109268188 0.0028564240783452
2452032.5862629684 0.9990599453449249 0.0028581994120031
2452032.6216799677 0.9364036917686462 0.0028277186211198
2452032.657096967 0.9079442024230957 0.00282186467666175
2452032.6932084174 0.909596174955368 0.0028284880099817998
2452032.727236515 0.9606204032897948 0.0028575004544109
2452032.7633479657 1.0010247230529783 0.0028817648999392
2452032.7980705146 1.0009567737579343 0.0028825490735471
2452032.832098613 1.0011351704597473 0.0028839262668043
2452032.8675156133 1.0006983280181885 0.0028847525827586
2452032.9036270645 1.0008848905563354 0.0028863011393696
2452032.939044066 1.0013068318367004 0.002886995091103
2452032.974461067 1.0009422302246092 0.0028851323295384
2452033.0077947155 1.0000463724136353 0.0028824764303863
2452033.043906168 1.0008559226989746 0.0028798710554838
2452033.078628719 1.0004390478134155 0.0028752381913363
2452033.1147401724 1.0002810955047607 0.0028725462034344
2452033.150157175 0.9998424351215363 0.00287055235821745
2452033.1848797267 1.0010572671890259 0.00287044537253675
2452033.221685632 1.000786066055298 0.0028696123044937
2452033.2536303806 1.0006651878356931 0.0028699217364192
2452033.2897418356 1.0013075470924375 0.0028721888083964
2452033.324464389 1.0013983249664309 0.0028712355997413
2452033.3598813945 1.0015761256217957 0.0028671502368524497
2452033.3952983995 1.0015144348144531 0.0028646644204854
2452033.431409857 1.0005364418029783 0.0028625288978219
2452033.4668268627 1.0013894438743591 0.0028569772839546004
2452033.501549419 1.001775324344635 0.00285330857150255
2452033.5369664263 1.001266598701477 0.0028534480370581
2452033.5723834345 1.0017011165618896 0.00285254989285015
2452033.606411541 1.0018368363380432 0.0028543176595120998
2452033.6411340986 1.00202214717865 0.0028615118935704
2452033.6772455596 1.0023070573806765 0.0028684248682111
2452033.7112736674 1.0030148029327393 0.0028727920725941
2452033.745301776 1.002963662147522 0.0028749699704349
2452033.7828021417 1.0032896995544431 0.002876918297261
2452033.818219154 1.0033172369003296 0.00287860794924195
2452033.852941716 1.0032969117164612 0.0028788076015189
2452033.889747633 1.0040655136108398 0.0028807888738811
2452033.9237757456 1.0030100345611572 0.00287731015123425
2452033.9584983094 1.0026007890701294 0.0028760195709764498
2452033.994609778 1.0042721629142761 0.0028759435517713
2452034.028637892 1.0040816068649292 0.0028710507322102
2452034.064749362 1.0039485692977903 0.0028646525461226
2452034.09947193 1.003084659576416 0.002859448082745
2452034.134194499 1.0030444860458374 0.0028517206665128
2452034.16961152 1.0038639903068542 0.00284845998976375
2452034.2043340914 1.0034109354019165 0.0028468457749113
2452034.239056663 1.0039102435112 0.0028441330650821
2452034.2744736876 1.003624677658081 0.0028413468971848
2452034.310585165 1.003040790557861 0.0028397219721227
2452034.3453077404 1.003576159477234 0.0028394483961164
2452034.380724768 1.0034144520759583 0.0028350566281005497
2452034.416141798 1.0025653839111328 0.0028305547311902
2452034.4515588284 1.003702163696289 0.0028255179058759997
2452034.4869758603 1.0036952495574951 0.0028198512736707
2452034.5210039904 1.0023773908615112 0.00281559897121035
2452034.5564210247 1.0029675960540771 0.0028113657608628
2452034.5911436086 1.0024961233139038 0.0028071096166968
2452034.626560645 1.0022696256637573 0.00280253111850465
2452034.6619776837 1.0016112327575684 0.0027971579693257
2452034.696700271 1.002995491027832 0.0027904217131435
2452034.7335062157 1.0008916854858398 0.0027834889478981
2452034.7682288056 1.0013055801391602 0.0027691076975315497
2452034.8036458488 1.0003315210342407 0.0027581572066992
2452034.8376739887 1.000640094280243 0.00275029521435495
2452034.8730910327 0.9999518692493441 0.0027469461783766
2452034.9078136254 0.999552011489868 0.0027469540946185
2452034.9439251223 0.9992072582244872 0.0027455396484583
2452034.9779532626 0.9995139241218567 0.00274694431573145
2452035.0140647576 0.9996022880077362 0.0027471723733469497
2452035.049481799 0.9991093277931212 0.0027478837873786
2452035.084204386 0.9987621903419496 0.0027454558294266
2452035.119621421 0.996589720249176 0.002746274578385
